ID	X_COORD	Y_COORD	EP_ID	STUDENT_COUNT
100001	207554	70132.6	200001	66
100002	90388.4	128637	200002	1
100003	172351	107052	200003	4
100004	179151	65934.5	200004	27
100005	116666	170303	200005	4
100006	155028	37642.2	200006	4
100007	124838	100682	200007	3
100008	130653	110461	200008	1
100009	138425	138436	200009	2
100010	58888.6	100449	200010	21
100011	87503.6	131170	200011	16
100012	114640	119610	200012	62
100013	106922	208723	200012	4
100014	105309	61419.9	200007	10
100015	142065	108040	200004	5
100016	114172	176373	200002	66
100017	178946	102867	200001	5
100018	128930	75012.5	200004	3
100019	118874	93694.4	200007	3
100020	38249.6	108908	200008	3
100021	122781	208856	200005	1
100022	193312	98770.3	200001	1
100023	167363	5690.97	200006	2
100024	143151	182543	200005	46
100025	101915	162946	200002	2
100026	99654.5	140948	200011	9
100027	130280	141630	200009	11
100028	119187	179965	200012	38
100029	163599	172348	200009	1
100030	116684	116434	200009	3
100031	122742	114271	200010	45
100032	85693.6	132408	200007	2
100033	83650.6	93729.6	200010	3
100034	143875	183462	200005	1
100035	129655	202628	200012	5
100036	133214	100657	200010	4
100037	66117.3	119596	200007	25
100038	129782	55393.7	200001	32
100039	166360	63857.3	200001	2
100040	136062	182084	200009	1
100041	140106	182366	200012	1
100042	145784	182647	200009	4
100043	160094	157408	200005	1
100044	163453	10496.3	200003	1
100045	74500	143120	200007	5
100046	105478	185840	200002	1
100047	143327	148425	200009	2
100048	124109	184796	200005	22
100049	156228	182275	200009	4
100050	116806	145617	200012	5
100051	71652.1	94450.8	200008	3
100052	149996	103743	200004	41
100053	105103	104039	200011	2
100054	104279	109552	200008	2
100055	102789	123848	200011	66
100056	104337	186674	200012	17
100057	155668	121096	200004	1
100058	151266	159746	200005	6
100059	164576	162698	200009	17
100060	174225	35641.7	200003	24
100061	142034	182511	200005	1
100062	145596	165515	200009	33
100063	91716.2	117785	200008	4
100064	160766	15752.1	200001	66
100065	147231	138624	200005	27
100066	89223.6	101956	200007	1
100067	69219.1	70095.8	200008	39
100068	70565.1	130850	200011	34
100069	158855	12754.6	200006	30
100070	100340	195396	200009	2
100071	141929	93113.6	200010	4
100072	136406	175616	200012	37
100073	117531	71190.6	200010	60
100074	124316	137002	200011	1
100075	122516	126176	200011	3
100076	159594	7035.96	200006	5
100077	180442	21941	200006	5
100078	155419	19165.8	200006	44
100079	84998.2	186170	200009	5
100080	166606	24768.3	200006	3
100081	106023	57920.4	200004	2
100082	113261	123754	200002	2
100083	126224	107982	200010	5
100084	117935	147054	200009	2
100085	121330	110630	200011	2
100086	147018	73830.9	200006	4
100087	84439.9	59562.2	200007	3
100088	130429	149289	200009	4
100089	104232	142296	200012	34
100090	169391	83912.5	200004	9
100091	134981	163855	200002	5
100092	159640	11019.2	200003	66
100093	177956	48062	200006	9
100094	205834	80392.5	200001	1
100095	183295	35326.1	200001	17
100096	156097	160089	200002	34
100097	105155	62543.6	200008	3
100098	154595	33145.8	200006	27
100099	72738.1	127575	200008	31
100100	153795	57514.8	200004	29
100101	141430	119339	200007	62
100102	166988	166308	200002	28
100103	37064.3	104856	200007	2
100104	59508.3	79487.3	200010	13
100105	141602	133196	200005	5
100106	156246	151173	200009	4
100107	161015	180102	200002	2
100108	148982	135948	200005	8
100109	50669.1	116025	200007	5
100110	95337.2	130077	200009	5
100111	159369	164444	200002	36
100112	57827.4	91579.4	200008	43
100113	103405	80123	200007	2
100114	147059	185156	200012	12
100115	157344	186814	200005	25
100116	107923	158959	200005	37
100117	154151	167349	200012	1
100118	92238.6	80028	200008	5
100119	116147	168957	200002	27
100120	144726	170511	200009	6
100121	110579	80614.7	200008	60
100122	148465	116184	200004	39
100123	156916	25478.9	200001	35
100124	137879	177894	200005	52
100125	81733.1	50193.2	200010	4
100126	153025	146283	200002	34
100127	96516.4	67038.1	200011	2
100128	111805	134405	200012	4
100129	162971	175178	200002	1
100130	203749	47949.3	200006	2
100131	101104	118022	200008	22
100132	157433	186721	200012	5
100133	120851	122201	200011	5
100134	131344	202160	200012	5
100135	125120	130625	200002	7
100136	128186	111961	200010	3
100137	175222	68802	200003	5
100138	148726	190906	200002	8
100139	161718	16343	200001	5
100140	133943	135429	200012	8
100141	124622	130687	200009	29
100142	52555	129687	200010	4
100143	142512	174776	200012	1
100144	125024	97628.5	200008	4
100145	149164	39521.4	200006	3
100146	112946	167202	200002	22
100147	205891	48038.6	200006	1
100148	177793	52417	200006	32
100149	89615.4	168834	200007	21
100150	155517	6603.67	200004	14
100151	141168	96696.8	200006	5
100152	185671	90978.9	200004	2
100153	130223	154595	200005	2
100154	81256.6	74454.4	200007	4
100155	149461	100739	200006	22
100156	162963	156718	200009	13
100157	161902	12148.7	200006	4
100158	130419	203285	200002	5
100159	109877	134945	200012	21
100160	105977	191891	200002	43
100161	141500	128967	200009	5
100162	142569	182340	200009	66
100163	120273	146961	200002	1
100164	111476	145792	200005	34
100165	124098	130420	200005	2
100166	168634	173435	200002	3
100167	126888	186438	200002	4
100168	160863	157818	200002	4
100169	175681	82488.9	200004	10
100170	159833	103173	200004	2
100171	136876	120804	200009	2
100172	178709	168485	200009	1
100173	167720	36030.4	200003	3
100174	109003	95035.7	200007	5
100175	116148	183199	200002	1
100176	158614	106766	200001	5
100177	98320	94752.8	200008	4
100178	163331	154257	200009	5
100179	135029	155536	200005	4
100180	83945.3	131477	200011	26
100181	133192	35034.4	200006	38
100182	106854	136805	200009	21
100183	179955	23517.9	200006	3
100184	100507	58067.8	200011	33
100185	166785	19509.5	200003	5
100186	146093	137907	200012	2
100187	130006	96919.5	200004	3
100188	148646	144033	200009	29
100189	135108	123488	200005	1
100190	162367	43789.2	200003	25
100191	108901	122481	200007	19
100192	160019	16012.2	200004	1
100193	120317	173314	200012	4
100194	169975	156363	200012	3
100195	156941	106970	200003	4
100196	144251	170068	200012	11
100197	140808	157449	200009	4
100198	126480	150641	200012	5
100199	119542	81892.8	200010	7
100200	104750	153117	200012	1
100201	152567	140526	200012	5
100202	66347.4	168606	200009	24
100203	114312	128044	200002	66
100204	184177	31299.8	200006	5
100205	103447	188584	200009	4
100206	181366	56975.4	200001	2
100207	106174	73375.8	200010	3
100208	123319	71475.7	200003	4
100209	167580	12643.2	200001	37
100210	158055	190808	200005	5
100211	194744	30611.5	200003	1
100212	183065	92932.4	200006	12
100213	141316	115577	200011	14
100214	145630	147958	200012	1
100215	54940.8	82076.4	200010	2
100216	126519	158823	200012	7
100217	166082	67831.7	200003	3
100218	129391	148612	200012	2
100219	178039	19914.3	200003	66
100220	198345	91716.8	200006	12
100221	159170	119200	200003	5
100222	167313	14765.7	200006	2
100223	120512	107318	200008	3
100224	162425	124371	200006	2
100225	97340.8	102022	200008	5
100226	70775.5	105749	200011	4
100227	140828	177575	200002	5
100228	128965	147416	200009	31
100229	133899	205279	200009	3
100230	100039	57141.5	200010	7
100231	167528	5181.77	200006	3
100232	115051	154613	200009	2
100233	140620	161215	200009	1
100234	82109.7	90259.4	200011	1
100235	168228	82243.4	200004	4
100236	66648.4	108562	200008	33
100237	87228.9	177396	200012	8
100238	172424	164338	200012	3
100239	161265	11076.7	200004	28
100240	119043	120657	200009	1
100241	104177	155016	200005	4
100242	97679.6	104362	200011	19
100243	58385.4	121451	200007	7
100244	123732	131460	200011	17
100245	113680	182259	200009	15
100246	85908.7	178526	200005	7
100247	182772	168390	200005	3
100248	175296	174477	200005	35
100249	141961	180919	200005	20
100250	185174	51153.4	200004	18
100251	106038	209378	200012	5
100252	146712	139245	200012	5
100253	82219.8	69520.4	200010	5
100254	143142	118534	200011	3
100255	135732	189101	200009	16
100256	113362	142315	200002	48
100257	118429	130555	200011	36
100258	62306.8	81448.1	200010	11
100259	125877	64691.3	200003	5
100260	181872	80224.1	200006	1
100261	110160	80555	200011	40
100262	173008	160999	200012	5
100263	145981	139710	200005	5
100264	148041	151160	200012	4
100265	91753.4	105656	200007	4
100266	120777	177474	200009	1
100267	43153.3	114017	200008	1
100268	128587	100560	200010	5
100269	87897.9	67725.9	200011	1
100270	144014	193395	200012	8
100271	89538.6	128225	200007	4
100272	176800	35036	200004	1
100273	134815	52272.3	200001	3
100274	104934	136428	200007	4
100275	165714	21676.2	200006	43
100276	136567	167641	200012	2
100277	136058	209965	200005	26
100278	110685	104922	200007	6
100279	183026	53115.6	200006	4
100280	178231	29025.7	200006	10
100281	178265	75003.9	200003	3
100282	167691	162669	200005	41
100283	127554	122900	200007	4
100284	135476	65968	200006	4
100285	51420.8	129010	200007	1
100286	167416	24734.1	200004	3
100287	82445.3	140687	200002	1
100288	154682	175866	200012	2
100289	122448	123822	200012	2
100290	140142	179284	200012	1
100291	111965	188529	200005	1
100292	139802	165760	200005	49
100293	124154	191367	200002	49
100294	120988	84177.8	200008	4
100295	199457	97325.4	200001	35
100296	131215	170810	200005	11
100297	83797.2	149069	200008	2
100298	189415	28788.9	200006	26
100299	185048	49857.3	200004	3
100300	152139	179029	200005	5
100301	140235	190229	200012	21
100302	162453	13687.3	200003	18
100303	102855	198700	200012	39
100304	193113	91889.8	200006	5
100305	185074	34622.6	200003	27
100306	146849	142211	200009	4
100307	82415.3	126960	200011	3
100308	157247	97216.3	200003	12
100309	136747	169597	200009	17
100310	149521	180657	200002	1
100311	115765	85904.6	200007	2
100312	132238	127456	200012	2
100313	143517	128444	200009	2
100314	109150	85599.4	200010	5
100315	180270	43263.7	200006	25
100316	152704	148364	200005	4
100317	189270	57586.9	200006	31
100318	135448	135661	200002	46
100319	159281	21736.7	200001	5
100320	143304	104509	200010	43
100321	177787	90427.4	200003	1
100322	168440	178122	200009	5
100323	157256	10553.4	200004	58
100324	66266.5	94681.4	200010	21
100325	163611	89401.8	200003	2
100326	175399	167105	200005	4
100327	137551	86454.6	200006	2
100328	139556	182874	200005	1
100329	154236	164942	200002	3
100330	138952	117335	200007	10
100331	133989	149738	200009	23
100332	136523	165693	200009	31
100333	163377	111823	200006	2
100334	149446	142450	200009	25
100335	111009	123731	200009	4
100336	104070	207092	200005	4
100337	134353	189746	200012	4
100338	124281	157182	200009	2
100339	94773.3	149053	200008	22
100340	160978	27833.2	200003	5
100341	148577	28361.4	200006	22
100342	160432	151304	200009	18
100343	59882.9	121619	200010	4
100344	110334	91625.7	200008	1
100345	87160.1	74217.9	200010	1
100346	83123	124374	200010	1
100347	129110	136446	200012	4
100348	138999	48252.6	200006	2
100349	115364	57214.6	200003	2
100350	118777	196525	200002	1
100351	155807	58180.2	200003	5
100352	159924	27135.6	200004	1
100353	139435	140515	200009	3
100354	128540	191075	200002	28
100355	136121	123992	200007	37
100356	180606	33308.3	200006	38
100357	167275	4662.14	200003	56
100358	92411.7	133000	200007	6
100359	170948	175651	200005	1
100360	136264	69550.4	200001	19
100361	175837	170635	200009	3
100362	136443	184156	200012	14
100363	158258	162227	200012	4
100364	98051.5	162887	200008	61
100365	86519.1	146548	200008	38
100366	92360.9	166942	200005	48
100367	147297	32766.7	200006	4
100368	137708	140408	200005	4
100369	207769	58075.9	200003	66
100370	85617.6	123315	200011	3
100371	124156	189310	200002	30
100372	117681	163413	200002	14
100373	131754	141827	200009	1
100374	72001.9	128622	200011	36
100375	92645.3	129602	200011	1
100376	100140	130593	200010	2
100377	166283	173145	200012	38
100378	109166	133242	200002	4
100379	73774.8	158794	200002	2
100380	123632	142132	200005	28
100381	126174	185751	200005	28
100382	150484	146399	200009	25
100383	155537	108610	200006	5
100384	69054.2	132244	200010	4
100385	164526	123935	200001	38
100386	114089	190599	200012	22
100387	61770.5	90508.6	200007	22
100388	71994.1	91555.5	200011	36
100389	151121	179506	200005	1
100390	158506	153367	200002	57
100391	134048	131523	200005	36
100392	124226	67782	200001	3
100393	107913	161600	200002	65
100394	177273	115185	200003	2
100395	87294.4	94533.2	200008	24
100396	158715	19815.3	200001	12
100397	126645	103226	200007	17
100398	131101	82353	200003	2
100399	174478	162290	200009	4
100400	139686	107129	200008	32
100401	72938.5	123361	200010	2
100402	128857	154062	200012	30
100403	147565	184036	200005	1
100404	95954.6	180751	200002	1
100405	64645.4	144078	200008	5
100406	124211	192454	200005	26
100407	173354	21319.7	200006	2
100408	158491	76496.3	200003	5
100409	141231	129373	200009	29
100410	202045	42107	200001	9
100411	188244	48924.5	200003	1
100412	167935	80763.6	200003	2
100413	152435	135845	200009	2
100414	175373	66405.4	200003	45
100415	150034	21942.2	200006	65
100416	47431.1	115593	200010	5
100417	90871.3	161065	200005	14
100418	64529.2	116043	200011	5
100419	156655	100161	200001	17
100420	147024	176222	200012	2
100421	148118	136941	200012	33
100422	145956	169790	200005	13
100423	119610	173966	200005	60
100424	48332.6	85114.4	200010	17
100425	193506	67737.8	200004	25
100426	190593	47797.4	200004	18
100427	130869	208062	200012	3
100428	142229	117515	200007	7
100429	163033	175746	200012	1
100430	205094	69253.6	200001	5
100431	99964.4	91439.1	200007	31
100432	163217	10432	200003	1
100433	127321	196475	200002	26
100434	171947	165425	200005	1
100435	154710	32845.7	200006	5
100436	181142	67966.8	200001	13
100437	183489	24563.3	200006	5
100438	131958	141524	200012	55
100439	108579	162917	200012	3
100440	172242	50353.6	200003	3
100441	101285	179692	200009	2
100442	46220.5	97375	200010	2
100443	175717	118291	200001	61
100444	138694	129389	200012	4
100445	98526.7	200271	200005	4
100446	85575.2	147716	200010	3
100447	150146	142181	200005	3
100448	165536	19156.6	200006	4
100449	185765	86721	200001	3
100450	139568	146773	200009	5
100451	181955	103341	200006	3
100452	139084	120170	200007	5
100453	174451	160548	200009	33
100454	131816	169092	200002	2
100455	56591.6	82932.6	200008	23
100456	115755	68036.3	200003	13
100457	72898.9	116697	200008	18
100458	170827	39038.3	200003	3
100459	66762.6	81270	200011	21
100460	140128	170458	200002	5
100461	164452	172960	200012	4
100462	104544	114023	200008	33
100463	117491	154575	200002	2
100464	90501.4	114255	200008	2
100465	185490	99136.9	200001	5
100466	136943	171980	200009	1
100467	155160	89086.8	200001	5
100468	162017	9942.29	200003	39
100469	153156	185942	200002	9
100470	111163	167629	200012	3
100471	141108	181833	200009	52
100472	186730	70871.4	200001	5
100473	169062	16127.5	200006	28
100474	99760.8	145133	200008	3
100475	162988	41793.9	200006	2
100476	110185	210798	200002	1
100477	129875	164473	200005	1
100478	140609	184127	200012	1
100479	169486	77599.2	200004	26
100480	117001	69153.6	200006	29
100481	151147	86737.8	200004	18
100482	97472.7	102945	200007	3
100483	130122	154587	200005	3
100484	101443	198833	200009	4
100485	89480.3	52259.2	200007	2
100486	203354	53315.7	200003	6
100487	133440	81267.3	200003	1
100488	99727.6	102981	200008	1
100489	82582.1	158318	200005	19
100490	93453.8	152265	200012	4
100491	50455.7	107367	200010	24
100492	76816.9	140982	200010	34
100493	133289	129126	200011	58
100494	122224	196878	200002	23
100495	174877	13801.4	200001	1
100496	123820	123462	200005	15
100497	88308.7	55434.3	200007	4
100498	128228	127498	200012	2
100499	138232	60470.8	200006	2
100500	158104	189222	200012	17
