SCHOOLNODENUMBER: 100
SCHNODE_COORD_SECTION
200001	118159	163826	630	700	30
200002	144934	148382	520	545	25
200003	113660	107111	910	920	10
200004	68754.2	197252	540	605	25
200005	112803	198618	615	630	15
200006	154293	85538.4	1035	1055	20
200007	69991.8	199759	545	615	30
200008	77249.4	159939	540	555	15
200009	161267	183839	535	605	30
200010	42308.3	157045	735	800	25
200011	6329.49	124353	710	730	20
200012	71119.7	72131.7	725	740	15
200013	134602	143335	850	900	10
200014	55934.1	209466	600	610	10
200015	203981	152456	940	1010	30
200016	156445	203021	1030	1045	15
200017	97314.3	154170	705	730	25
200018	61367.7	175608	635	700	25
200019	94852.1	146835	1035	1055	20
200020	71745	23597	555	610	15
200021	122594	56230.6	805	830	25
200022	204078	206475	1000	1020	20
200023	188770	115884	750	810	20
200024	59221.3	28289.3	500	520	20
200025	107460	6600.2	740	800	20
200026	90385.4	169684	735	750	15
200027	198999	134395	640	655	15
200028	46336.8	177322	955	1005	10
200029	10409.5	189195	1025	1050	25
200030	81078.1	203871	715	740	25
200031	124663	53181.9	640	650	10
200032	94607.2	28714.7	1015	1025	10
200033	89025.4	101916	735	805	30
200034	50610.1	5878.3	700	720	20
200035	65956.9	53459.1	1010	1040	30
200036	3615.93	137541	720	735	15
200037	81509.9	167106	925	950	25
200038	47090.9	18762.9	905	925	20
200039	39336.9	145282	530	555	25
200040	182215	75844.3	545	555	10
200041	77958.4	173900	900	915	15
200042	107511	85403	455	515	20
200043	3925.31	88271.2	605	635	30
200044	196504	43114	615	630	15
200045	124315	43848.8	1050	1100	10
200046	72898.7	2861.8	725	755	30
200047	99099.7	157309	1000	1010	10
200048	63449.6	153442	735	805	30
200049	37590.2	174125	845	905	20
200050	37158.4	76856.3	1020	1040	20
200051	37293.7	7257.64	945	1000	15
200052	66098.7	145114	1030	1050	20
200053	65866.6	91107.3	740	755	15
200054	162259	197684	535	545	10
200055	186423	72209	1025	1050	25
200056	146339	146255	830	840	10
200057	69875.8	60781.2	800	830	30
200058	71010.2	183459	925	950	25
200059	117843	7850.63	640	650	10
200060	142530	173191	755	825	30
200061	183014	164767	555	605	10
200062	140725	123322	615	625	10
200063	111198	90707.6	825	850	25
200064	27084	51248.2	550	605	15
200065	204142	9855.18	1020	1040	20
200066	51138.7	87007.9	830	845	15
200067	124766	82889.2	850	905	15
200068	144096	180397	755	810	15
200069	46381.9	127299	555	625	30
200070	78068	45685.8	755	825	30
200071	33110.6	208938	910	925	15
200072	179707	188783	645	710	25
200073	185927	203929	1050	1100	10
200074	63797.7	3912.42	815	825	10
200075	75850.8	20593.4	950	1015	25
200076	33316.8	120795	740	810	30
200077	210027	58995.7	825	855	30
200078	77056.1	131688	940	1000	20
200079	39266	7225.41	720	735	15
200080	55212.2	146610	545	615	30
200081	110573	198573	915	945	30
200082	17054.8	51589.8	815	830	15
200083	127492	38209	1010	1035	25
200084	16913	60639.3	450	515	25
200085	99364	46736.4	1025	1045	20
200086	62250.7	26832.7	755	820	25
200087	144141	128523	640	700	20
200088	193630	47090.9	730	755	25
200089	818.57	189588	605	620	15
200090	63172.4	37242.2	845	910	25
200091	152275	148363	535	605	30
200092	123399	178399	645	705	20
200093	123251	184013	620	645	25
200094	202421	122439	635	700	25
200095	78422.5	166346	825	835	10
200096	111958	124785	710	735	25
200097	18008.8	168138	820	850	30
200098	176227	91474.7	925	955	30
200099	161389	159088	920	940	20
200100	203085	131115	540	610	30
MAX_RIDING_TIME: 2700
EDGE_WEIGHT_FORMAT: FUNCTION
EDGE_WEIGHT_TYPE: MAN_2D
NODE_COORD_TYPE: TWOD_COORDS
NODE_COORD_SECTION
0	105600	105600	0	0	0	0	0	0	0
1	114366	191296	2389	60	21154	22954	200001	2	2220	101161	100517
2	75057.8	154530	2530	32	20959	22759	200001	3	2404	100899	100124	100605
3	130029	123700	2812	66	20742	22542	200001	4	2626	100860	101668	100948	100418
4	98077	140574	1797	41	21709	23509	200001	4	1662	101896	100484	101549	101832
5	110708	185632	2580	35	20915	22715	200001	3	2461	100001	100818	101907
6	140665	185645	2493	55	21040	22840	200001	3	2334	101020	101463	101291
7	159835	177571	2649	55	20884	22684	200001	3	2490	101776	101421	100598
8	118739	175742	770	66	22784	24584	200001	1	426	100378
9	90958.3	152209	2365	12	16886	18386	200002	4	2288	101679	100508	101731	101408
10	199195	147903	2333	65	17019	18519	200002	2	2074	101098	101706
11	179626	134504	2423	59	16918	18418	200002	3	2258	100979	100002	100752
12	113829	132964	2095	21	17173	18673	200002	3	1972	101451	100885	101608
13	147573	174226	1234	43	18076	19576	200002	2	1092	100747	100849
14	83284.2	137621	2610	19	30455	31055	200003	3	2524	101700	100107	100368
15	62423.8	108925	2456	20	30611	31211	200003	2	2326	101531	100850
16	151162	122501	2729	10	30319	30919	200003	3	2652	101616	101937	100003
17	102762	76370.2	2748	50	30376	30976	200003	4	2520	101708	101413	101289	101673
18	32171.6	175769	2775	32	17714	19214	200004	3	2662	100916	100339	100614
19	53541.5	166121	1906	58	18633	20133	200004	2	1621	100636	101392
20	14273.1	198743	2162	46	18354	19854	200004	1	1908	101999
21	54448.7	156899	2735	43	17775	19275	200004	3	2567	101597	101543	100506
22	110064	181570	2306	36	18191	19691	200004	3	2107	100794	100826	100004
23	91474.5	167936	2358	54	18173	19673	200004	3	2117	101302	100626	100105
24	105892	201212	2264	36	18233	19733	200004	4	2125	101054	101088	100737	100209
25	171788	201983	2381	29	20203	21103	200005	3	2250	100255	101881	100478
26	102283	166436	1836	66	20818	21718	200005	3	1648	101016	100579	101804
27	132483	159347	2432	28	20150	21050	200005	4	2324	100413	100005	101454	100411
28	144290	177491	2671	50	19953	20853	200005	3	2526	100142	100888	101150
29	65943.2	196820	2503	29	20081	20981	200005	5	2393	101373	101848	101229	101548	101222
30	97336.1	153572	2669	61	19975	20875	200005	5	2470	101842	101982	101654	100184	100313
31	99049.6	209470	2647	20	19920	20820	200005	4	2559	100677	100225	101968	100388
32	166159	135208	2805	43	35405	36605	200006	4	2671	100191	100119	100427	100846
33	104118	95893.4	2798	54	35433	36633	200006	5	2646	100494	100233	100695	100924	101007
34	138845	55384.8	2280	60	35963	37163	200006	3	2108	100444	100006	100299
35	168909	116039	2768	66	35486	36686	200006	6	2582	100744	100767	100274	100210	100231	100671
36	173874	63267.8	2420	47	35798	36998	200006	5	2278	100893	101770	100954	101665	101666
37	81758.9	168347	2446	64	18404	20204	200007	3	2267	100298	100342	100158
38	69755.1	145915	2443	46	18373	20173	200007	3	2303	101829	100967	100538
39	93986.7	166304	2611	66	18243	20043	200007	6	2381	101202	100155	101399	100655	100197	100741
40	68525.9	194638	2828	58	18011	19811	200007	3	2655	101550	100112	100861
41	26022.1	186332	2242	49	18580	20380	200007	2	2060	100007	100815
42	127777	203582	2738	25	18038	19838	200007	3	2630	101753	100731	100525
43	111664	190639	2148	65	18704	20504	200007	3	1970	100688	101276	100482
44	91662.9	208207	1343	56	19492	21292	200007	2	1054	100857	100930
45	29181.5	145949	2806	63	17742	18642	200008	3	2481	101620	101235	100509
46	137198	158348	2364	14	18091	18991	200008	2	2288	101126	100268
47	48244.1	192344	2343	37	18156	19056	200008	3	2212	100438	100555	100595
48	122231	143768	2437	64	18113	19013	200008	2	2261	101428	101427
49	95589.9	130813	2839	66	17715	18615	200008	6	2656	100223	101901	101520	100008	101744	101318
50	102172	187785	2788	43	17722	18622	200008	3	2589	101623	100472	100125
51	103665	187923	2604	24	17570	19370	200009	2	2498	100492	100791
52	196410	180407	2812	63	17436	19236	200009	3	2593	100957	101657	101584
53	128974	176274	2434	59	17807	19607	200009	3	2186	100955	101534	101701
54	169073	156567	2649	64	17601	19401	200009	2	2348	100164	100733
55	186321	175330	1488	66	18766	20566	200009	1	1144	100420
56	210912	176764	2698	66	17556	19356	200009	4	2442	100639	100009	101987	101093
57	28267.6	107988	2495	66	24959	26459	200010	1	2151	101527
58	48426.3	151008	2806	62	24640	26140	200010	4	2634	101003	101592	100701	101113
59	68742.8	163983	1481	66	25973	27473	200010	1	1137	100396
60	606.37	162389	2225	58	25214	26714	200010	3	2062	100847	100010	101225
61	25645.2	118740	2458	66	24996	26496	200010	6	2280	100854	101095	100683	101766	101542	100412
62	19106.5	79716.4	2286	50	23638	24838	200011	3	2136	100805	101905	101491
63	41560.2	114774	2186	66	23768	24968	200011	2	1855	100623	101383
64	28944.1	131812	1365	65	24587	25787	200011	1	1025	101955
65	10506.1	165255	1786	45	24128	25328	200011	1	1536	100642
66	12369.8	165434	2250	63	23698	24898	200011	2	1930	100011	100504
67	46213.3	113022	1995	37	23904	25104	200011	3	1864	100323	100721	101983
68	27601	106780	2814	56	23121	24321	200011	4	2593	100199	101119	101175	101493
69	4585.09	138882	898	66	25056	26256	200011	1	554	101694
70	39416.4	144984	2225	65	23727	24927	200011	4	2047	101575	100563	100864	101188
71	26258.1	55099.6	2454	66	24400	25300	200012	1	2110	101456
72	127480	70636.4	2627	39	24176	25076	200012	2	2495	100331	101664
73	38657.8	60460.4	2091	30	24695	25595	200012	4	1934	101407	101577	101271	101155
74	88772.9	74807.7	884	32	25905	26805	200012	1	693	100544
75	40166.2	59748.7	1821	66	25033	25933	200012	1	1477	100574
76	90540.5	66293.8	2235	65	24617	25517	200012	4	2059	100929	101503	101436	100841
77	91628.5	50408.3	2753	35	24042	24942	200012	5	2629	100977	101446	101969	100012	101904
78	89862	105042	2428	61	24416	25316	200012	5	2260	101114	100602	101667	101393	100519
79	152803	181317	2757	48	29163	29763	200013	4	2611	100635	100454	101897	101699
80	131041	196895	2293	34	29600	30200	200013	2	2101	100548	100013
81	176650	156383	2600	66	29354	29954	200013	4	2378	101972	100789	101837	100175
82	185307	135191	2555	29	29329	29929	200013	4	2445	100883	100734	101713	100869
83	134127	131424	757	64	31193	31793	200013	1	422	100998
84	112841	126929	1706	36	30191	30791	200013	3	1580	100742	100553	101930
85	105782	140520	1956	43	29954	30554	200013	4	1822	100185	100668	101458	100632
86	42924.2	165481	2265	45	19449	20049	200014	5	2122	100667	101180	100261	101004	100779
87	83987	180786	2313	66	19441	20041	200014	3	2127	100014	100559	101477
88	73413.4	179546	2172	59	19569	20169	200014	5	1976	100350	100852	101123	100949	101344
89	24466.2	191728	2817	49	18905	19505	200014	4	2663	101014	100510	100473	100311
90	31552.1	182705	2660	59	19081	19681	200014	4	2430	101134	101926	101199	101047
91	148292	148107	2318	42	32590	34390	200015	3	2178	100862	101010	100638
92	209916	103675	2191	58	32748	34548	200015	2	1966	100015	101656
93	208686	196644	1976	8	32868	34668	200015	4	1906	100491	101734	100933	100212
94	187459	189414	2273	36	32624	34424	200015	4	2147	101908	101686	100387	101916
95	176816	137770	1672	8	33172	34972	200015	2	1594	101441	101899
96	158182	167560	2447	64	32503	34303	200015	3	2265	100513	100682	100607
97	109113	208915	2552	65	35400	36300	200016	5	2379	100762	100665	100455	101906	101215
98	203935	200276	2744	65	35208	36108	200016	6	2508	100329	101921	100016	101030	101110	101226
99	132892	190822	1890	31	35997	36897	200016	4	1748	101044	100622	100689	100834
100	167584	191222	2475	65	35477	36377	200016	4	2302	101082	101976	101414	100154
101	132910	191869	1544	66	36410	37310	200016	2	1213	100423	101101
102	176204	170376	2815	66	35139	36039	200016	4	2629	101089	100637	101395	101031
103	93139.5	98763.7	2444	65	23208	24708	200017	4	2268	101333	100879	100017	101035
104	74337.9	119740	2251	43	23359	24859	200017	4	2047	100577	101479	101478	100280
105	103812	204593	2418	66	23236	24736	200017	5	2235	100189	100982	100127	101328	101296
106	111010	176354	2637	53	22992	24492	200017	4	2375	100202	100589	100596	101145
107	124601	141242	2733	43	22877	24377	200017	4	2602	101752	100222	101450	100312
108	88896.5	114275	2088	63	23560	25060	200017	3	1919	101192	100383	101957
109	89762.8	166401	2378	23	23194	24694	200017	3	2272	101887	100994	101865
110	38989.7	142075	2803	43	21007	22507	200018	2	2661	101886	100547
111	98155.7	163113	1925	44	21887	23387	200018	1	1680	101470
112	80286.6	149325	2538	49	21284	22784	200018	4	2390	100172	100389	100259	100911
113	99317.2	158846	2147	48	21673	23173	200018	2	2006	100285	100649
114	93019.9	197497	2737	49	21085	22585	200018	5	2576	100201	100018	100181	100777	101889
115	10899.8	174968	2783	54	21048	22548	200018	4	2626	101621	100926	100152	101204
116	115429	166924	2501	66	21353	22853	200018	2	2271	100467	100528
117	54628.4	123375	2390	42	21418	22918	200018	2	2230	101742	101223
118	93724.4	201379	2294	59	21547	23047	200018	1	1981	100265
119	115632	111090	2162	24	36012	37212	200019	2	2059	100019	101025
120	78862.4	108352	2107	45	36107	37307	200019	1	1857	101922
121	92527.6	125906	1420	47	36798	37998	200019	3	1221	100108	100848	101425
122	79823.3	112398	2017	55	36216	37416	200019	3	1795	101065	100448	100659
123	96769.2	175684	2395	24	35779	36979	200019	2	2295	101934	100909
124	52693.4	148327	1671	30	36515	37715	200019	1	1488	101284
125	70992.4	163849	1598	35	36597	37797	200019	1	1393	100745
126	129969	157732	2769	65	35483	36683	200019	4	2585	101165	100597	101596	101266
127	109916	1182.14	2626	52	18801	19701	200020	4	2431	101996	100851	100020	101201
128	83955.2	70980.1	2602	52	18825	19725	200020	2	2350	100694	100194
129	105745	45765.2	2731	56	18704	19604	200020	2	2554	100593	101398
130	29117.1	14220	2768	46	18648	19548	200020	5	2618	101938	100831	101600	101135	101824
131	41676.4	38833.2	2141	65	19311	20211	200020	3	1859	101038	100227	100712
132	58731.8	33090.4	1085	60	20358	21258	200020	1	767	100629
133	56772.2	29129.9	994	55	20439	21339	200020	1	699	101115
134	78929.6	26545.3	653	58	20786	21686	200020	1	345	101741
135	136100	62340.2	2744	33	26447	27947	200021	5	2621	101092	101513	100766	101841	101378
136	73715.7	56229.1	2322	36	26875	28375	200021	2	2121	101918	100436
137	102510	15256	2454	39	26749	28249	200021	4	2330	100376	101625	101952	101891
138	117345	64404.7	765	58	28474	29974	200021	1	457	101290
139	138268	33621.6	1649	66	27605	29105	200021	1	1305	101634
140	167222	54255.5	2538	63	26710	28210	200021	4	2361	101071	100021	100969	101997
141	144234	89289	2569	47	26649	28149	200021	4	2425	101710	100965	100866	101509
142	170323	185841	2458	66	33696	34896	200022	4	2137	100471	101769	100332	100296
143	183000	200802	1358	65	34794	35994	200022	5	1185	100187	101800	100653	101705	100324
144	176197	181741	2422	60	33721	34921	200022	5	2250	101998	100838	100445	100116	100431
145	202161	165553	2013	65	34139	35339	200022	6	1829	100161	101552	100644	101672	100195	101424
146	197327	210350	901	66	35253	36453	200022	2	601	100586	100608
147	208807	188685	1625	66	34529	35729	200022	5	1447	100540	101342	101381	100022	101012
148	164504	78089.3	2798	48	25522	26722	200023	7	2654	100109	101834	101151	101895	101817	100470	101729
149	211109	88089.5	2493	62	25853	27053	200023	3	2318	101237	100921	100310
150	170045	89133.4	1904	31	26383	27583	200023	6	1783	100163	101375	100023	100421	101159	101618
151	104422	23118.5	2534	53	15595	16795	200024	4	2384	100266	101443	100620	101449
152	25355.3	29487.9	2777	29	15307	16507	200024	5	2661	100106	101556	100117	101782	100928
153	44012.8	56127.4	1937	58	16202	17402	200024	3	1772	101061	100585	101606
154	75516	13310.8	2566	62	15580	16780	200024	4	2383	101128	100024	100295	100617
155	44821.3	6598.31	2741	47	24977	26177	200025	3	2493	101943	101023	100761
156	87592.4	42965.3	2027	14	25628	26828	200025	1	1917	100025
157	73477.7	27787.8	2669	20	24998	26198	200025	6	2573	100144	100800	100137	101497	101576	101688
158	125860	26383.4	1908	34	25785	26985	200025	6	1791	101244	100379	101140	101440	101304	100975
159	102469	80.52	736	66	27018	28218	200025	1	392	101931
160	122516	196296	2086	4	25250	26150	200026	2	2026	101452	100281
161	105292	141815	2732	31	24655	25555	200026	3	2616	101767	101117	101052
162	89253.6	118479	2347	21	25021	25921	200026	2	2221	100442	100875
163	66891.2	203692	2783	59	24658	25558	200026	3	2493	100026	101603	101680
164	105498	160447	1067	38	26334	27234	200026	2	862	101864	100801
165	174011	96951.9	2733	28	21349	22249	200027	3	2622	100870	100363	100027
166	177186	174670	2798	46	21318	22218	200027	3	2567	101484	100264	100780
167	193794	190951	2833	63	21315	22215	200027	4	2578	101127	101485	101032	100884
168	157771	116184	2367	31	21720	22620	200027	4	2251	100613	101506	100138	100234
169	148501	134394	2713	62	21433	22333	200027	4	2543	100235	101647	101806	100173
170	178079	156165	2022	49	22100	23000	200027	4	1876	101828	100365	100391	101282
171	73056.5	175621	1340	10	34408	35008	200028	2	1260	101288	100809
172	58148.8	133113	2349	60	33494	34094	200028	2	2180	100907	101909
173	17652.3	154058	2584	25	33192	33792	200028	3	2476	100104	101499	101555
174	20216.5	201046	1891	19	33874	34474	200028	3	1802	101792	101210	101219
175	99736.9	186387	2535	27	33245	33845	200028	4	2392	100028	101571	101181	100803
176	48714.8	164361	2835	61	34809	36309	200029	4	2665	101327	101241	100527	101207
177	14684	140212	2548	66	35106	36606	200029	3	2373	101465	101619	101733
178	1737.99	156736	1746	66	35908	37408	200029	1	1402	100289
179	22008.5	142483	2538	58	35101	36601	200029	5	2370	101839	100561	100292	100327	101547
180	4363.79	178461	2549	48	35071	36571	200029	6	2408	100685	100974	101772	100489	100029	101209
181	47297.7	192397	2271	66	23983	25483	200030	2	2013	101588	101041
182	38827	193213	2125	53	24104	25604	200030	3	1847	100738	100338	100272
183	31952	208390	2150	52	24077	25577	200030	2	1991	101488	101851
184	79638.3	201447	435	57	25802	27302	200030	1	131	101568
185	110484	205227	1392	66	24862	26362	200030	1	1048	100366
186	114950	198232	2528	19	23637	25137	200030	5	2434	100457	100030	101354	101964	100837
187	80131.9	39794.5	2785	38	21316	21916	200031	2	2634	100153	101280
188	117067	99157.4	2701	50	21423	22023	200031	2	2436	100278	100709
189	124414	3316.49	2219	35	21876	22476	200031	2	2098	100618	101519
190	137323	89923.4	1946	10	22102	22702	200031	3	1874	100795	101156	100963
191	154670	71162.9	2537	31	21550	22150	200031	3	2424	101977	101816	101256
192	97885.4	42469.6	2453	62	21693	22293	200031	3	2283	100624	101254	101321
193	139252	23417.7	1716	31	22371	22971	200031	2	1605	100031	101116
194	151434	25190.9	2469	55	34564	35164	200032	2	2195	100220	101861
195	35456.7	28713	2550	21	34418	35018	200032	2	2450	101346	100462
196	73712.5	58291	2064	66	34990	35590	200032	1	1720	100032
197	83514.4	54756.9	2602	62	34444	35044	200032	4	2427	101868	100157	101489	101515
198	116848	46471.8	1938	58	35101	35701	200032	3	1650	100609	100621	100619
199	109762	51865.9	2737	35	34258	34858	200032	2	2582	101208	100507
200	106221	43430.6	2488	63	34560	35160	200032	4	2277	101448	101569	101387	101028
201	110942	17708.9	1258	58	35781	36381	200032	2	963	101077	100824
202	90834.9	160364	2620	22	24750	26550	200033	2	2511	101500	101026
203	117185	89478.6	1471	5	25867	27667	200033	2	1407	100352	101084
204	127926	115515	2630	46	24786	26586	200033	3	2410	100343	101269	101312
205	56615.9	90907.9	1820	57	25617	27417	200033	3	1651	100033	101687	100434
206	109961	67326.1	2598	54	24833	26633	200033	3	2334	100493	101403	101124
207	75661.8	127441	1820	51	25605	27405	200033	2	1575	101749	100782
208	13109.7	20209.3	2685	55	22648	23848	200034	6	2489	101182	100430	101980	100730	100167	100937
209	34516.6	47708.9	2638	66	22716	23916	200034	3	2309	101850	100961	100859
210	87969.6	15683.3	1951	66	23403	24603	200034	1	1607	101508
211	70003.3	36493.1	2830	55	22503	23703	200034	5	2671	100034	101604	101194	100839	101858
212	32763.4	19087.2	1411	60	23932	25132	200034	3	1177	100408	100169	100939
213	82177.1	25271.4	2744	58	22595	23795	200034	3	2576	101059	100446	101748
214	75290.2	86.18	2473	16	34186	35986	200035	4	2385	101468	101009	100486	101831
215	53128.1	103236	2631	63	34117	35917	200035	2	2431	100892	101717
216	44529	18053.3	2262	46	34454	36254	200035	3	2120	101138	100542	100035
217	45905.5	85935.6	2829	58	33910	35710	200035	3	2599	100321	100753	101825
218	29575	46951.4	1721	47	34997	36797	200035	1	1462	101846
219	24494.1	157783	2032	62	24514	25414	200036	4	1860	100719	100739	100498	100300
220	37382.6	111133	2152	4	24284	25184	200036	3	2095	101724	101893	101504
221	3826.86	89879.1	1697	4	24739	25639	200036	1	1632	101662
222	53275.6	127365	2401	62	24145	25045	200036	3	2109	100808	100230	101774
223	51169.1	125726	2344	53	24185	25085	200036	3	2111	101870	100823	101341
224	61748.9	137028	2185	31	24302	25202	200036	1	1999	100599
225	38696.8	136417	2591	65	23961	24861	200036	3	2407	101981	101074	100036
226	21516.6	179907	2434	66	24120	25020	200036	3	2259	100149	100240	101260
227	119077	191962	2328	26	31650	33150	200037	3	2221	101303	101168	101923
228	45637.6	193656	2503	65	31549	33049	200037	3	2330	100858	100037	100404
229	67200.4	121699	2518	52	31509	33009	200037	4	2370	101553	101474	101762	101203
230	87973.5	208467	2685	38	31316	32816	200037	4	2511	100674	100206	100722	101546
231	81389.7	139772	1188	19	32777	34277	200037	2	1091	100353	101390
232	45999.7	156431	1801	36	32196	33696	200037	2	1600	100284	101696
233	76410.3	169805	609	66	33445	34945	200037	1	265	101967
234	133173	165736	2699	53	31330	32830	200037	3	2424	101690	100165	101380
235	96133.1	4472.26	2508	7	30234	31434	200038	3	2442	101537	100293	101859
236	101736	27181.2	2741	34	30052	31252	200038	5	2627	101554	100697	101685	100170	100038
237	43232.6	76796.6	2648	25	30128	31328	200038	4	2543	101475	101400	101560	100474
238	65624.5	59262.9	2819	55	30014	31214	200038	4	2662	100827	101017	100500	100971
239	1269.33	13305.5	1912	26	30866	32066	200038	1	1748	100889
240	7141.78	14827.3	1815	45	30999	32199	200038	2	1576	100920	101311
241	27915.2	11482.7	1245	66	31609	32809	200038	1	901	100134
242	50796.7	99129.9	2315	31	17572	19072	200039	2	2204	100679	100334
243	15866.8	184846	2505	65	17447	18947	200039	2	2262	100829	100417
244	1277.38	168650	2770	44	17142	18642	200039	3	2587	101070	101218	100727
245	35993.3	87199.1	2696	30	17190	18690	200039	3	2526	100464	100923	100039
246	89713.4	134419	2301	33	17590	19090	200039	2	2181	100822	100400
247	67426.5	114453	2284	51	17641	19141	200039	1	2008	101799
248	78110.8	122513	2343	32	17546	19046	200039	4	2222	101069	101678	100183	100735
249	57046.8	166157	1851	46	18065	19565	200039	4	1709	101255	100825	100533	100279
250	198495	29924.2	2638	24	18136	18736	200040	3	2532	100529	101268	101283
251	169226	70181.6	1482	53	19347	19947	200040	5	1324	101587	100283	100254	100740	101388
252	200221	107463	2380	22	18390	18990	200040	6	2284	100778	101892	100282	101565	100886	101162
253	173007	96440.9	1456	63	19392	19992	200040	2	1282	101434	100813
254	167239	51100.4	2264	64	18586	19186	200040	3	1952	101377	100040	100634
255	195851	102410	1700	63	19148	19748	200040	1	1370	100711
256	145648	92383.8	2411	64	18439	19039	200040	2	2232	101751	100406
257	168576	78380.7	2754	66	18100	18700	200040	3	2579	101389	101796	100656
258	64207.7	135112	2512	50	30012	30912	200041	5	2356	101029	100328	100041	101064	100786
259	97877.3	148198	1850	43	30660	31560	200041	4	1708	101794	101174	101039	100981
260	35301.6	188120	2775	46	29741	30641	200041	3	2630	100912	100461	101104
261	92398.1	149060	1906	52	30621	31521	200041	4	1750	100101	101227	101813	100625
262	122259	174684	2177	52	30350	31250	200041	4	1914	100526	100702	101189	101510
263	105420	193705	2681	61	29863	30763	200041	6	2508	101482	101411	100594	100853	101803	100361
264	138813	78071.2	2481	61	15363	16563	200042	5	2313	100302	100986	101301	100130	101313
265	53357.7	94593.8	2318	21	15450	16650	200042	2	2182	101100	100147
266	97913.8	113252	2692	56	15143	16343	200042	4	2525	100126	100207	101248	100192
267	72938.2	69021.9	1887	23	15885	17085	200042	1	1737	101315
268	156984	87155.3	2129	45	15685	16885	200042	3	1983	100314	100226	100129
269	81546.4	105341	2144	53	15685	16885	200042	2	1986	100162	100042
270	115326	51364.4	2240	40	15565	16765	200042	4	2109	101459	101200	100661	100336
271	30605.2	120873	2596	46	19420	21220	200043	7	2451	101230	101607	101614	101021	100439	101735	100241
272	45241.2	77037.4	2653	42	19355	21155	200043	5	2516	101442	100511	100562	101947	101243
273	14954.5	65613.1	2742	64	19308	21108	200043	4	2568	101234	100983	100316	100372
274	44439	95601.3	2827	58	19212	21012	200043	5	2555	101404	101480	100043	101396	100546
275	62506	85678.7	2341	8	19603	21403	200043	3	2273	100872	100381	100395
276	150635	52580.4	2644	19	19921	20821	200044	3	2550	100868	100273	101239
277	206672	21250.1	2085	50	20539	21439	200044	3	1929	100044	100113	101801
278	176984	23548.5	1491	12	21060	21960	200044	4	1414	101933	101265	100150	101170
279	181110	71291.5	2479	61	20165	21065	200044	3	2272	101495	101063	101196
280	176695	82301	2771	51	19854	20754	200044	2	2614	100390	101558
281	113418	25961.6	2707	40	36398	36998	200045	4	2570	101593	101627	101353	101090
282	121034	82768.1	2605	57	36532	37132	200045	3	2436	100569	101130	100560
283	158170	51464.3	1757	66	37397	37997	200045	1	1413	101086
284	91376.3	22492.9	2565	49	36557	37157	200045	2	2419	100045	101883
285	156664	27095.5	2351	4	36685	37285	200045	2	2289	101845	101615
286	108297	60516.9	1345	41	37761	38361	200045	1	1114	101294
287	93696.6	33437.5	2118	59	24723	26523	200046	4	1951	101633	101037	100479	101583
288	29526.7	19601.8	2375	58	24464	26264	200046	2	2210	101589	101924
289	71473.2	61633.9	2563	30	24223	26023	200046	4	2448	101773	101429	100046	101293
290	103062	15239.4	2659	66	24195	25995	200046	5	2484	101285	101689	100768	101541	100532
291	110635	149.6	2729	66	24125	25925	200046	5	2554	100941	101444	100211	101610	100297
292	82044.1	31366.9	2582	63	24266	26066	200046	4	2405	101075	100871	100657	100935
293	88365.8	143953	2024	55	34109	34709	200047	2	1870	101764	101683
294	124722	189775	2320	65	33832	34432	200047	1	1980	100736
295	73654.4	173174	2362	58	33777	34377	200047	3	2074	101364	101002	100490
296	110296	145021	1238	63	34910	35510	200047	2	954	100567	100958
297	105731	187415	1760	54	34371	34971	200047	3	1597	101073	100707	101355
298	107180	161959	777	66	35377	35977	200047	1	433	100221
299	131317	130222	2793	43	33317	33917	200047	6	2659	101739	100047	101332	101810	101857	101590
300	88895.6	156611	1148	28	26234	28034	200048	1	975	101994
301	40895.5	122107	2599	55	24834	26634	200048	2	2317	100103	100581
302	33573.1	152648	2416	66	25038	26838	200048	4	2129	100232	101784	100828	101649
303	82591.6	149668	1316	66	26138	27938	200048	2	1034	101658	101624
304	25001.6	157540	1794	66	25660	27460	200048	1	1450	101361
305	93298.6	186792	2431	47	24987	26787	200048	2	2180	100952	101648
306	82833.8	124397	2013	62	25433	27233	200048	3	1835	100143	100890	101525
307	70335.4	154991	2834	59	24607	26407	200048	4	2555	101409	101522	100048	100750
308	56976.5	205586	2831	62	24615	26415	200048	4	2664	101287	101486	101726	100551
309	3854.87	148789	2371	10	29177	30377	200049	2	2291	101000	100995
310	53018.1	135060	2721	4	28815	30015	200049	2	2659	100918	101747
311	14771.8	188862	2841	59	28800	30000	200049	4	2668	100776	100836	100251	100523
312	22882.4	171763	2636	34	28957	30157	200049	2	2514	100049	100128
313	54931.3	181241	2253	55	29380	30580	200049	3	2031	101370	101231	100910
314	35313.1	92224.8	845	47	36473	37673	200050	1	586	100575
315	73100.9	53554.1	2377	65	34975	36175	200050	2	2040	100369	101732
316	27903	118870	2046	56	35289	36489	200050	1	1747	100515
317	73320.1	90220.3	1906	38	35395	36595	200050	1	1688	101512
318	47295.5	108058	1636	36	35661	36861	200050	2	1440	101754	101563
319	254.51	80130.2	1759	56	35576	36776	200050	2	1512	101516	100429
320	78880.9	79815.6	1952	38	35349	36549	200050	2	1827	101055	100684
321	34575	73129.7	528	59	36813	38013	200050	1	215	101637
322	28600.3	88103	984	54	36347	37547	200050	2	707	100141	100050
323	49664.3	26491.3	2601	39	34702	35902	200050	3	2391	100759	101798	101419
324	1229.64	30758.7	2401	64	32849	33749	200051	3	2121	101677	100260	101476
325	33579.4	57263.1	2637	7	32505	33405	200051	3	2571	100938	100675	100306
326	83499	4392.48	2236	61	33008	33908	200051	3	1964	100680	101631	100122
327	53851.3	32588.6	2571	62	32675	33575	200051	5	2404	101334	100051	100650	101221	101169
328	89603.4	184739	2496	66	35458	36658	200052	1	2152	101599
329	82740.6	174336	2712	29	35172	36372	200052	2	2542	100534	100110
330	62533.8	198734	2593	14	35262	36462	200052	3	2506	100288	100215	100052
331	55652.8	108617	2080	45	35834	37034	200052	2	1906	100535	101617
332	48210.2	172439	2711	17	35150	36350	200052	3	2600	101675	101249	100904
333	97304	140947	1853	65	36099	37299	200052	4	1680	101609	100588	100880	100111
334	99495.9	120413	2607	66	25147	26047	200053	6	2421	100985	100337	100318	101066	100627	101722
335	20371.6	74750.1	2763	63	24985	25885	200053	3	2453	100700	100401	100633
336	92638.4	60659.3	2249	48	25471	26371	200053	3	2051	101880	100341	101532
337	82643.1	50734.3	2333	51	25392	26292	200053	3	2169	100422	100196	100053
338	125733	89519	2327	37	25372	26272	200053	2	2191	101118	101426
339	73070.8	140104	2778	42	24930	25830	200053	3	2636	101356	101989	100384
340	74229.1	95724	799	65	26953	27853	200053	2	470	101369	100725
341	70778.6	92396.4	541	63	27207	28107	200053	1	211	100322
342	47360.9	107819	2449	37	25250	26150	200053	4	2329	101097	101676	101954	101080
343	122007	182402	2367	59	17874	18474	200054	3	2153	100208	100951	101473
344	126440	187259	2799	64	17451	18051	200054	4	2628	101820	100465	101350	100942
345	159637	152125	1973	59	18268	18868	200054	2	1743	100469	100590
346	205210	188423	2574	40	17631	18231	200054	4	2443	101274	100135	100783	100242
347	134537	178283	2115	62	18131	18731	200054	2	1940	100452	100600
348	162889	196507	2732	62	17514	18114	200054	5	2560	100902	100428	101692	101368	101433
349	146039	161778	2330	66	17924	18524	200054	4	2155	101487	101760	100054	100335
350	178837	36251.7	2418	55	35215	36715	200055	4	2259	100520	101133	101703	100325
351	159971	104531	2417	19	35148	36648	200055	4	2320	100433	100541	101259	101632
352	203489	34923.3	1952	2	35580	37080	200055	2	1899	100821	101431
353	209394	103534	2427	50	35197	36697	200055	4	2274	101018	101111	100055	101198
354	168599	27071.1	2781	39	34822	36322	200055	3	2646	101462	100652	101746
355	175572	111427	1789	4	35747	37247	200055	2	1732	100399	101942
356	185814	132848	2782	41	27924	28524	200056	4	2574	100497	100410	101559	101386
357	136301	112318	2136	63	28612	29212	200056	5	1894	101601	100774	100855	100906	100997
358	187560	162324	2297	66	28457	29057	200056	1	1953	101830
359	134432	127346	2167	33	28524	29124	200056	6	2037	100483	101640	100056	101539	100610	101523
360	168637	182373	2655	58	28084	28684	200056	4	2492	100676	101298	100751	101985
361	145596	170216	2590	56	28145	28745	200056	2	2434	100267	101460
362	130153	152236	1572	66	29182	29782	200056	2	1394	101736	100229
363	175474	124289	2666	42	28042	28642	200056	3	2526	100968	100354	101005
364	128670	169476	2422	52	28305	28905	200056	2	2266	101376	100940
365	86536	18595.5	2368	52	26559	28359	200057	4	2176	100743	101953	100204	100244
366	24830.6	56381.4	2029	66	26925	28725	200057	1	1685	101430
367	42379.7	41537.9	1829	25	27047	28847	200057	4	1729	100057	101963	101439	100416
368	102369	85734.2	2645	54	26286	28086	200057	3	2485	101771	100631	101814
369	82157.3	94474.6	2041	66	26913	28713	200057	3	1814	101704	100198	101661
370	92422.7	156817	2183	64	31867	33367	200058	4	1895	101394	101391	100802	101299
371	77593.3	170028	2498	66	31556	33056	200058	5	2219	100146	100819	100887	100564	101102
372	74621	144719	2422	59	31619	33119	200058	3	2119	100723	101087	100660
373	40141.7	161855	2466	66	31588	33088	200058	3	2244	100798	100944	100058
374	94301.4	197982	2773	36	31224	32724	200058	4	2655	101910	101331	101076	101805
375	62612.1	14728.4	2760	24	21314	21914	200059	4	2665	101305	100713	100136	100611
376	103282	39666.4	2575	25	21501	22101	200059	6	2470	101245	101927	100903	101048	101336	101863
377	106549	55120.1	2264	18	21799	22399	200059	4	2169	101494	101062	101217	100687
378	141306	37945.8	2745	62	21401	22001	200059	3	2492	100603	101959	100307
379	133841	19670	1540	21	22528	23128	200059	3	1451	100905	101809	100059
380	96979	189347	2776	26	25802	27602	200060	6	2677	100060	101777	100580	101416	101540	101866
381	180460	193446	2387	53	26242	28042	200060	5	2237	100217	100151	100565	100835	100806
382	126309	149793	1632	44	26980	28780	200060	3	1413	100224	100672	100373
383	155866	142633	1976	40	26629	28429	200060	3	1821	101636	101300	100356
384	139259	162812	1455	66	27199	28999	200060	4	1280	101960	100666	101372	100830
385	211143	188206	2765	62	18681	19281	200061	4	2543	100305	101877	101103	100460
386	168509	128034	2391	58	19048	19648	200061	6	2116	101158	101418	101885	101840	101325	100468
387	190480	196020	2709	54	18722	19322	200061	4	2549	100245	100061	101224	101262
388	146174	164440	2543	39	18860	19460	200061	4	2408	101371	100263	100943	101160
389	206417	154856	2428	42	18980	19580	200061	6	2291	101397	101995	100758	100820	100402	101718
390	126285	86756.1	1835	7	20707	21307	200062	2	1764	101166	100501
391	114977	149183	2724	30	19862	20462	200062	6	2609	101053	100477	100630	101107	100710	100748
392	135988	112469	2160	62	20486	21086	200062	3	1993	101971	101108	100062
393	164448	96341	2709	49	19913	20513	200062	2	2454	101176	100640
394	101218	120168	1798	66	20856	21456	200062	1	1454	101674
395	151602	153164	2337	31	20250	20850	200062	4	2221	100114	101711	100673	100898
396	149872	70843.4	2363	24	20211	20811	200062	4	2260	100367	101852	100499	101125
397	142184	122738	413	66	22241	22841	200062	1	69	101867
398	92595.9	48083.2	2354	13	27999	29499	200063	4	2272	101956	100063	100219	101991
399	158697	104077	2492	63	27956	29456	200063	4	2281	101278	101022	100503	100699
400	70126.7	109723	2407	15	27950	29450	200063	3	2324	101630	101974	100833
401	124193	119780	2796	40	27609	29109	200063	5	2602	101723	100863	100168	101526	100790
402	159124	89436.2	2021	66	28433	29933	200063	1	1677	101083
403	128568	101116	2793	39	27610	29110	200063	2	2666	100476	101337
404	149400	70923.1	2845	65	27607	29107	200063	4	2661	100419	100385	101781	100458
405	17578.3	53386.1	2253	12	18798	19698	200064	3	2173	101524	100658	101585
406	18180.2	5072.69	2833	58	18306	19206	200064	5	2603	100405	101120	101738	101167	100704
407	36947	96026.6	2681	65	18471	19371	200064	5	2505	100987	100276	100064	100236	100692
408	37304.5	70771.1	1425	37	19674	20574	200064	4	1305	101728	100304	100349	101578
409	726.35	69629.9	1869	66	19285	20185	200064	1	1525	101894
410	14899.7	102244	2703	63	18445	19345	200064	3	2518	101757	101875	100573
411	65288.3	59841.8	1910	33	19181	20081	200064	3	1795	101932	101505	101644
412	177090	666.51	2009	59	35332	36532	200065	4	1842	101984	101862	100065	101153
413	196674	28927.1	1268	62	36078	37278	200065	3	1090	100882	101347	100133
414	168223	2724.36	1811	66	35543	36743	200065	1	1467	101758
415	194571	55100.2	2136	45	35178	36378	200065	2	1915	101698	100518
416	176329	31822.4	2082	63	35266	36466	200065	4	1910	100351	101043	100881	101382
417	194666	44516.6	1782	43	35528	36728	200065	3	1646	100724	101719	100842
418	28569.9	126634	2593	56	28142	29042	200066	4	2380	101652	101316	100571	101586
419	85101	97546.7	1810	43	28900	29800	200066	4	1671	101990	100919	101374	100481
420	43628.2	38891.5	2481	55	28252	29152	200066	4	2316	101357	100398	101058	100159
421	69997.9	51749.3	2166	53	28563	29463	200066	3	2005	100897	100246	101573
422	82727.3	63192.7	2288	61	28456	29356	200066	4	2115	100681	101379	101765	101912
423	77918.9	112068	2761	19	27904	28804	200066	3	2667	101019	100066	100539
424	16371.7	64076.7	2532	10	28116	29016	200066	3	2458	100522	100706	101191
425	149559	119339	2628	45	29286	30186	200067	2	2482	101775	100346
426	127551	34524.1	2308	5	29530	30430	200067	2	2241	101206	100496
427	180952	81398.6	2665	53	29264	30164	200067	3	2515	101105	100067	101521
428	165910	98928.1	2204	37	29695	30595	200067	3	2081	100432	101437	100865
429	87047.1	64193	2464	13	29389	30289	200067	4	2390	100915	101872	101639	100397
430	159900	69551.5	2015	66	29939	30839	200067	2	1829	100340	100615
431	132053	127007	1947	33	29944	30844	200067	1	1752	101275
432	123772	76520	595	66	31359	32259	200067	1	251	101958
433	140464	147699	1566	35	27029	27929	200068	2	1387	100333	101721
434	116122	191875	1943	12	26608	27508	200068	4	1860	100326	101613	101564	100568
435	91810.8	171997	2777	44	25835	26735	200068	2	2641	100068	101339
436	184962	181120	2576	38	26025	26925	200068	3	2454	100843	101879	100524
437	162684	203111	2396	55	26237	27137	200068	3	2211	101257	101669	101212
438	157426	164964	2835	58	25804	26704	200068	4	2672	101279	101348	101786	101538
439	103854	201584	2767	44	25845	26745	200068	4	2610	100797	101950	100914	101530
440	110002	153732	2489	66	26165	27065	200068	2	2303	100732	101695
441	96419.3	138554	2732	65	18720	20520	200069	3	2556	101812	101641	101367
442	53420.3	178289	2345	63	19103	20903	200069	3	2077	100765	100177	100203
443	72002.5	96552.6	2720	23	18652	20452	200069	2	2583	101050	101013
444	3641.72	127297	2597	56	18838	20638	200069	3	2441	100069	100487	101051
445	34242.5	96557.9	2625	50	18799	20599	200069	3	2404	101096	101490	100690
446	70915.3	145458	2143	37	19256	21056	200069	2	2020	100726	101139
447	100261	123958	2598	17	18763	20563	200069	4	2511	100247	101457	100566	100287
448	130701	53190.1	2819	54	25812	27612	200070	3	2615	100345	101286	101939
449	53890.5	66381.5	2263	61	26381	28181	200070	3	2090	100993	101131	101420
450	62033.8	11451.8	2493	66	26161	27961	200070	3	2307	101270	100746	100645
451	71994	89679.6	2800	46	25816	27616	200070	2	2621	101650	100176
452	92847.5	38031.6	2725	60	25918	27718	200070	2	2548	101730	101472
453	68225.8	69975.8	1458	55	27175	28975	200070	1	1163	100301
454	68595.4	4421.74	2176	66	26478	28278	200070	3	1863	101791	100070	101790
455	34219.6	174723	1747	54	31384	32284	200071	3	1530	100514	100844	100810
456	58821	179697	2208	56	30927	31827	200071	3	1924	100392	100962	101847
457	73064.3	188550	2823	62	30323	31223	200071	2	2648	101570	101992
458	8812.12	195241	1855	66	31299	32199	200071	3	1669	101856	100775	101561
459	15348.4	165948	2663	59	30478	31378	200071	3	2501	100249	100286	100071
460	18535.8	192409	1409	59	31732	32632	200071	3	1109	101079	100900	100253
461	82652.9	201877	2371	59	30770	31670	200071	2	2201	100239	100867
462	2320.78	205494	1686	65	31466	32366	200071	3	1362	100756	101228	100485
463	25942.8	187523	2423	66	30731	31631	200071	3	2237	101177	100375	101783
464	1749.55	190251	2198	64	30952	31852	200071	2	1993	101498	101360
465	186334	174636	2344	47	22074	23574	200072	2	2197	100213	100604
466	182139	141426	2027	63	22421	23921	200072	1	1697	101594
467	162424	166555	2707	55	21726	23226	200072	5	2514	101745	101951	100840	100156	102000
468	198584	208735	2773	59	21668	23168	200072	4	2546	101629	101646	100696	100140
469	150717	196941	2349	65	22103	23603	200072	4	2165	100072	101216	100250	100999
470	181047	162143	1912	47	37206	37806	200073	2	1703	101467	100720
471	171133	193000	2728	64	36422	37022	200073	3	2455	100950	101469	100073
472	169241	209896	1035	40	38070	38670	200073	3	901	100488	100771	101307
473	184423	166147	2474	55	36659	37259	200073	3	2200	101572	100678	100238
474	114219	1680.97	2468	63	27380	27980	200074	6	2296	101359	101878	100393	100988	101179	101919
475	85607.9	17609.5	1655	52	28172	28772	200074	5	1496	101106	100582	101036	100973	101033
476	58777.6	13101.3	2711	42	27097	27697	200074	3	2548	100552	100262	100131
477	61584.2	49342.9	2671	55	27162	27762	200074	5	2512	100845	101843	101412	101903	101040
478	48817.2	52162	2499	54	27332	27932	200074	4	2347	100512	101602	100074	101873
479	87421.8	21398.4	1781	66	28073	28673	200074	3	1543	101143	101900	101965
480	41841.7	45764.4	2101	4	33335	34835	200075	2	2041	100425	101528
481	27714.4	25724.1	2592	6	32848	34348	200075	3	2528	100591	100075	100530
482	125491	15746.3	2323	62	33223	34723	200075	2	2132	101928	101323
483	103701	43217.3	1970	45	33544	35044	200075	1	1720	100414
484	112625	34183.7	1907	32	33582	35082	200075	1	1716	101808
485	37583.5	10911.4	2319	62	33227	34727	200075	2	2141	101183	100403
486	105167	3181.67	2113	59	33428	34928	200075	3	1951	101659	100463	100708
487	85055.9	44521.7	1473	66	34081	35581	200075	1	1129	101406
488	33039.7	86427.4	2052	41	25654	27454	200076	4	1922	100894	101144	101591	101533
489	81660	124224	2497	65	25255	27055	200076	3	2316	101720	100076	100945
490	21012.9	106029	1294	64	26456	28256	200076	3	969	101045	100394	100991
491	43082.6	111818	1483	45	26231	28031	200076	2	1337	101638	100330
492	41954.8	141076	2127	62	25619	27419	200076	4	1960	101121	100715	101653	100716
493	33684.9	120077	2794	38	24907	26707	200076	3	2672	101008	101888	101112
494	30434.4	125464	601	66	27153	28953	200076	1	257	101049
495	184867	79354.8	1923	56	28512	30312	200077	5	1759	101763	100186	100917	100686	100480
496	167181	70005.2	2502	42	27906	29706	200077	4	2305	100876	100193	101697	101807
497	188708	54001.6	1447	63	29001	30801	200077	4	1267	101232	100521	100077	100166
498	207218	9387.26	2063	37	28336	30136	200077	3	1935	100873	101544	101319
499	34128.7	115390	2525	45	32389	33589	200078	4	2387	101795	101755	100382	101149
500	60928.4	155396	2592	64	32358	33558	200078	3	2345	100576	101317	100654
501	109754	113258	2231	52	32696	33896	200078	4	1997	101743	101240	100078	100174
502	90009.4	116956	2589	65	32363	33563	200078	4	2325	101855	101402	100817	100291
503	61923.1	106684	2515	55	32418	33618	200078	3	2361	101835	100663	100913
504	41526.6	136753	1723	65	33229	34429	200078	1	1383	100647
505	110690	159464	2398	45	32516	33716	200078	4	2252	101314	101205	100959	101853
506	17584.2	8527.75	2467	49	24055	24955	200079	4	2272	101481	101447	100079	101046
507	46014	53514	2300	62	24246	25146	200079	2	2099	101622	100760
508	78111.8	23166	2809	62	23737	24637	200079	4	2608	100115	100816	101496	101925
509	22066	51932.3	2791	57	23746	24646	200079	4	2633	101309	101944	100505	101264
510	54785.4	50859.2	2300	24	24174	25074	200079	3	2161	100572	101464	101277
511	11641	38965.9	2842	64	23708	24608	200079	8	2621	101466	101163	100931	100583	100781	101129	100691	101193
512	28275.2	19504.5	1133	61	25411	26311	200079	2	887	100205	101432
513	16204.2	131208	2469	42	18339	20139	200080	2	2262	101628	101142
514	38438.9	110797	2136	66	18718	20518	200080	1	1792	100749
515	98091.6	137364	2718	52	18109	19909	200080	3	2562	100770	101435	101081
516	42351	117140	2776	49	18046	19846	200080	3	2633	101034	100718	100409
517	60265.2	196093	2245	55	18588	20388	200080	2	2091	100953	100896
518	31607.3	144725	2119	63	18729	20529	200080	3	1804	100947	100080	100277
519	43063.9	169813	1549	66	19305	21105	200080	1	1205	101948
520	72157.4	165542	1409	23	19363	21163	200080	3	1305	101645	101941	100755
521	141581	187275	2326	64	31124	32924	200081	3	2152	100456	101072	100877
522	90778.6	194729	1654	65	31798	33598	200081	3	1439	101295	101788	100081
523	109712	159610	2479	64	30971	32771	200081	3	2160	101349	101322	101660
524	89320	190730	2637	65	30815	32615	200081	6	2448	100145	100990	100936	101682	101042	101445
525	996.03	98189.2	2493	42	27315	28215	200082	4	2335	101352	100693	100123	101986
526	24019.2	102044	2274	56	27561	28461	200082	2	2118	100121	100082
527	1227.73	17798	2739	38	27062	27962	200082	4	2549	101580	101258	100545	100792
528	46303.3	74885.5	2771	61	27073	27973	200082	5	2601	100160	101190	100763	101579	100475
529	57429.4	62953.8	2058	47	27760	28660	200082	3	1846	101709	101273	101220
530	39933.4	22069	2814	57	27023	27923	200082	5	2656	100757	101492	101015	101471	101184
531	138654	88883.9	2758	45	33956	35456	200083	5	2584	101057	101091	100587	100495	100804
532	155625	66467.1	2654	22	34016	35516	200083	4	2558	100908	101297	101849	101836
533	108229	78404.5	2692	66	34062	35562	200083	4	2514	100814	100956	101566	101598
534	127344	4590.32	1786	60	34957	36457	200083	4	1619	101651	100083	101727	101635
535	112160	45639.8	2590	65	34162	35662	200083	4	2409	101246	100784	100662	100269
536	37251.4	18276.8	2544	35	14951	16451	200084	3	2417	100171	100641	101761
537	63026.6	58598.6	2846	66	14708	16208	200084	4	2663	101122	100084	101422	101860
538	33635.6	30663.6	2352	45	15162	16662	200084	4	2209	100592	101655	100450	101415
539	3427.02	13520.4	2640	43	14870	16370	200084	2	2509	100550	101502
540	792.16	75723.6	2826	64	14724	16224	200084	4	2582	101684	100601	100972	101663
541	18649.2	80271.2	1072	66	16482	17982	200084	1	728	100374
542	33460.3	64210.8	1029	66	16525	18025	200084	1	685	101345
543	19031.6	44223.4	975	66	16579	18079	200084	1	631	101027
544	28677.5	91946.5	2839	58	14700	16200	200084	5	2668	101838	100932	101945	101351	101759
545	110158	64220.3	2552	36	35045	36245	200085	2	2390	100320	101789
546	48827.4	54395.6	2287	53	35342	36542	200085	2	2100	101949	101988
547	88201.4	1775.86	2789	60	34854	36054	200085	3	2617	100788	101785	101966
548	103166	78414.3	2806	46	34810	36010	200085	3	2664	100303	100085	101529
549	55540.5	38094.4	2198	65	35454	36654	200085	4	1879	100764	101826	101827	101884
550	127364	16006	2429	57	35208	36408	200085	3	2263	100643	101326	100102
551	117619	35128.8	2183	57	35454	36654	200085	2	2014	101060	100946
552	107842	92962.7	2188	34	35405	36605	200085	2	2066	101854	100440
553	55785.1	42011.9	2371	66	26283	27783	200086	3	2185	100554	101261	100606
554	96144.9	39324.7	1952	64	26698	28198	200086	3	1747	100258	100370	101545
555	105631	19116.8	2192	43	26418	27918	200086	3	2001	100270	101574	100895
556	39016.8	50168.9	1886	52	26741	28241	200086	2	1608	100922	100086
557	37930.9	17103.5	1504	66	27150	28650	200086	1	1160	101455
558	71354.1	44997	1313	61	27331	28831	200086	3	1085	101914	101410	100878
559	77198.7	9526.64	2420	54	26211	27711	200086	5	2268	101793	101136	101148	100364	101292
560	14591.7	16554.7	2499	11	26050	27550	200086	2	2408	100317	100308
561	99669.7	28821.8	1729	43	26881	28381	200086	2	1533	101626	100729
562	155357	172047	2842	65	21310	22510	200087	4	2664	100148	100426	100228	100502
563	145479	68065.7	2622	62	21524	22724	200087	4	2450	100796	100087	101185	101363
564	179111	118347	2465	32	21624	22824	200087	2	2350	100584	100616
565	117132	116593	2450	50	21674	22874	200087	6	2281	101869	101281	101750	100347	101094	101691
566	115232	145157	1870	56	22265	23465	200087	2	1703	101233	101251
567	160159	118732	2841	64	21309	22509	200087	4	2615	101152	100437	101214	101338
568	199351	94751.7	2199	66	24955	26455	200088	3	2019	100088	100120	101211
569	189617	15989.7	2551	11	24498	25998	200088	3	2470	100218	100970	101514
570	149868	46394.8	2307	64	24843	26343	200088	2	2112	101643	101642
571	173678	70607.1	1730	41	25376	26876	200088	2	1507	101815	101267
572	179814	44366.4	1935	14	25120	26620	200088	5	1854	101085	100178	101582	101384	100669
573	39584.5	165861	2708	59	19333	20233	200089	3	2502	101787	101253	101067
574	56748.9	195724	2812	65	19240	20140	200089	3	2636	100754	100989	101146
575	13757.5	155048	2722	65	19330	20230	200089	6	2489	101178	101343	101517	101461	100772	101272
576	38812	203635	2118	66	19936	20836	200089	1	1774	100089
577	32855	166899	2192	58	19847	20747	200089	2	1886	101507	100799
578	45777	180400	2610	62	19436	20336	200089	4	2432	101822	100415	101186	101011
579	6913.44	202307	985	66	21069	21969	200089	1	641	101595
580	22256.8	200063	2314	62	19732	20632	200089	7	2147	100966	100964	100703	100717	100344	100386	100536
581	74366.6	50437.3	1004	24	30570	32070	200090	2	901	100309	101137
582	64737	2016.1	2732	59	28909	30409	200090	3	2562	101536	100807	101920
583	89469.2	28310.8	1614	65	30038	31538	200090	2	1355	100090	101779
584	56763.6	6868.53	2653	54	28978	30478	200090	2	2483	100290	100377
585	44019.6	52495.9	1516	66	30138	31638	200090	1	1172	101236
586	99818.7	13483.7	2326	41	29280	30780	200090	3	2191	100612	101308	101737
587	100980	42632.6	1954	66	29700	31200	200090	2	1774	101024	100362
588	6125.05	32688	2800	52	28827	30327	200090	3	2566	100407	101715	100188
589	151320	105132	2663	30	17523	19323	200091	5	2556	101671	100091	100811	101501	101725
590	168235	189849	2221	44	17991	19791	200091	2	2038	101535	101915
591	108941	160558	2446	9	17700	19500	200091	3	2368	100214	101768	101247
592	130744	132129	1500	33	18691	20491	200091	2	1385	100179	100359
593	102201	156861	2165	27	18015	19815	200091	1	1996	100664
594	98727.2	144121	2461	57	21976	23176	200092	2	2300	100424	100934
595	166666	195660	2740	46	21676	22876	200092	3	2598	101935	101335	101707
596	95893.4	201166	2117	61	22327	23527	200092	3	1882	100449	101141	101756
597	122231	125558	2176	60	22267	23467	200092	2	1861	100976	101358
598	142643	200681	2597	63	21851	23051	200092	2	2334	100874	100092
599	161112	162533	2207	66	22247	23447	200092	3	1923	100118	101099	101833
600	142912	209738	2120	64	22330	23530	200092	3	1850	101310	101911	100832
601	130606	140981	1823	42	22585	23785	200092	2	1689	100355	101453
602	109428	185478	1025	58	23414	24614	200092	1	717	100466
603	79364.4	188209	2660	66	21794	22994	200092	3	2399	101340	100901	100651
604	161196	202880	2796	42	20112	21612	200093	7	2662	101946	101780	101173	100447	101811	101562	101001
605	68302.1	181579	2476	48	20444	21944	200093	2	2226	100093	101511
606	90414.8	172872	1636	16	21223	22723	200093	2	1522	101157	101483
607	129435	151907	1403	7	21439	22939	200093	2	1329	101670	100773
608	112694	207752	1441	46	21475	22975	200093	2	1231	101154	101405
609	142474	165044	2578	55	20355	21855	200093	3	2416	101329	101306	101917
610	171734	95215	2062	5	21676	23176	200094	2	1998	100094	101611
611	199825	175725	2051	18	21712	23212	200094	2	1925	100769	100557
612	143971	119075	2455	63	21393	22893	200094	2	2132	101882	101898
613	198391	68953.4	2030	5	21708	23208	200094	1	1960	100698
614	186735	165468	2484	40	21321	22821	200094	4	2350	101551	100646	101366	101365
615	210867	78589.5	2067	53	21762	23262	200094	1	1782	100190
616	178821	147101	2007	58	21832	23332	200094	4	1722	100435	100252	100812	100451
617	205766	106591	998	66	22856	24356	200094	1	654	101197
618	22490.8	163869	2645	61	27799	28399	200095	2	2329	100558	101068
619	39963.1	182126	2756	37	27643	28243	200095	4	2610	101324	100360	100257	100978
620	74967.6	120493	2707	61	27737	28337	200095	5	2511	100180	101195	100549	101557	101702
621	100254	139183	2419	49	28003	28603	200095	3	2271	101940	101740	101973
622	106318	177793	2673	49	27749	28349	200095	2	2506	101961	101693
623	83884.5	153201	2689	27	27691	28291	200095	4	2577	100980	101823	100348	100095
624	57657.3	129602	2798	55	23135	24635	200096	4	2566	101821	100531	101913	100992
625	98658.8	91105.9	2460	50	23464	24964	200096	4	2315	101438	101250	100516	100543
626	101373	114339	2462	49	23460	24960	200096	4	2308	100271	100537	101132	100714
627	109688	67777.8	2354	34	23539	25039	200096	3	2175	101802	101902	100927
628	114841	153015	1822	18	24041	25541	200096	4	1722	101890	101818	100096	100380
629	68346.4	169921	2327	44	27785	29585	200097	3	2103	100925	101252	100097
630	41801.6	199787	2112	35	27983	29783	200097	2	1996	100182	100139
631	58049.4	183746	2825	61	27319	29119	200097	2	2590	100243	101712
632	21436.7	198427	2618	41	27488	29288	200097	6	2480	101871	100315	101716	100984	100357	100200
633	32447.9	147310	1626	62	28520	30320	200097	3	1318	101164	100728	100453
634	30797.7	123459	2752	22	27318	29118	200097	2	2624	101362	100670
635	16584.7	157101	1596	50	28528	30328	200097	4	1440	101605	101330	101385	100248
636	184884	125072	2710	65	31342	33142	200098	4	2534	101929	100856	100098	100787
637	144957	120733	2400	47	31618	33418	200098	2	2183	101978	100705
638	143973	61824.1	2374	40	31631	33431	200098	3	2167	101819	101681	100371
639	181935	63100.9	2757	61	31287	33087	200098	4	2589	100441	100216	100319	101567
640	126173	99060.8	2827	54	31204	33004	200098	2	2675	100459	101797
641	116918	93573.6	2555	66	31499	33299	200098	3	2372	100556	100785	100358
642	210094	101007	2806	63	31242	33042	200098	4	2598	101242	101778	100996	100891
643	203647	108572	1865	59	32176	33976	200098	3	1698	100275	100443	101056
644	124896	151892	2162	66	31592	32792	200099	2	1961	100578	101581
645	113345	146023	2763	40	30942	32142	200099	2	2606	101320	100570
646	209706	165977	2676	5	30962	32162	200099	3	2617	100960	101518	101213
647	166315	204852	1824	7	31818	33018	200099	2	1756	100793	101936
648	132785	137522	1983	50	31741	32941	200099	1	1710	100099
649	179782	183261	2725	40	30980	32180	200099	3	2510	101993	101962	101109
650	117264	175393	2277	34	31416	32616	200099	2	2163	101263	101612
651	207986	189283	2341	32	18148	19948	200100	1	2150	101006
652	186050	173156	2512	64	18038	19838	200100	4	2338	101171	101401	101876	100256
653	175547	105413	2291	66	18263	20063	200100	5	2038	100648	101238	100628	100294	101844
654	162575	141783	2088	66	18466	20266	200100	1	1744	101423
655	207166	113340	1133	66	19421	21221	200100	3	958	101417	100237	101975
656	197073	95793.7	1809	51	18716	20516	200100	4	1652	100132	101147	101970	101874
657	166851	135771	2034	43	18476	20276	200100	2	1833	100100	101187
658	178730	163122	2217	43	18293	20093	200100	4	2075	101172	101078	101979	101714
DIMENSION: 659
SOLVETIME: 413.711
DEPOT_SECTION
1
-1
EOF
