SCHOOLNODENUMBER: 6
SCHNODE_COORD_SECTION
200001	264.26	119029	510	540	30
200002	123554	101349	710	735	25
200003	173784	157683	810	820	10
200004	150058	108459	945	1000	15
200005	19304.3	76972.3	810	830	20
200006	208776	94130.2	545	605	20
MAX_RIDING_TIME: 2700
EDGE_WEIGHT_FORMAT: FUNCTION
EDGE_WEIGHT_TYPE: MAN_2D
NODE_COORD_TYPE: TWOD_COORDS
NODE_COORD_SECTION
0	105600	105600	0	0	0	0	0	0	0
1	1018.68	60983	2739	66	16015	17815	200001	5	2556	100043	100087	100049	100093	100001
2	51565	110702	2708	63	16040	17840	200001	5	2536	100080	100246	100102	100039	100187
3	28829.5	95432.9	2708	51	16017	17817	200001	4	2544	100180	100213	100057	100230
4	25296.2	151928	2313	61	16431	18231	200001	2	2109	100195	100228
5	30758.8	119028	1677	65	17075	18875	200001	3	1436	100138	100171	100194
6	30071.8	103992	1917	60	16826	18626	200001	5	1748	100222	100036	100177	100150	100120
7	27783.7	137220	2018	66	16736	18536	200001	3	1801	100189	100025	100030
8	30096.9	85705.5	2709	51	16016	17816	200001	5	2555	100170	100155	100139	100068	100183
9	56648.1	121026	2386	53	16343	18143	200001	2	2207	100211	100163
10	7159.26	160774	1917	33	16774	18574	200001	4	1805	100110	100206	100141	100134
11	95965.5	74123.8	2730	63	23218	24718	200002	6	2550	100215	100070	100002	100079	100123	100084
12	114094	56513.6	2755	65	23197	24697	200002	5	2535	100132	100083	100207	100129	100179
13	84753.8	84209.9	2256	59	23685	25185	200002	3	1969	100174	100184	100115
14	152466	68467.1	2691	63	23257	24757	200002	5	2514	100244	100176	100127	100078	100164
15	78429.9	118938	2757	66	23197	24697	200002	6	2579	100010	100099	100035	100158	100137	100135
16	111807	104210	1566	57	24371	25871	200002	6	1400	100072	100130	100175	100088	100117	100047
17	175190	101349	2833	63	23115	24615	200002	3	2659	100247	100133	100162
18	143094	131780	2825	65	23127	24627	200002	4	2608	100125	100048	100109	100067
19	132082	147847	2192	56	23743	25243	200002	2	1966	100091	100250
20	170820	182365	2503	62	27043	27643	200003	6	2331	100073	100234	100186	100161	100248	100241
21	173527	99299.3	2340	57	27197	27797	200003	3	2060	100227	100249	100165
22	154936	132451	1896	66	27658	28258	200003	3	1653	100037	100046	100104
23	142319	140674	2057	62	27489	28089	200003	3	1804	100058	100061	100013
24	145100	175567	2671	61	26873	27473	200003	3	2501	100105	100147	100042
25	123037	160379	2604	59	26937	27537	200003	3	2424	100209	100113	100107
26	190039	151963	1360	49	28162	28762	200003	4	1141	100041	100096	100126	100140
27	200907	139571	2780	62	26766	27366	200003	4	2553	100136	100114	100131	100202
28	171089	209400	2679	65	26873	27473	200003	3	2503	100190	100016	100233
29	152291	135709	2094	65	27458	28058	200003	4	1910	100144	100098	100203	100038
30	138496	147413	1964	62	27582	28182	200003	5	1768	100154	100021	100217	100031	100224
31	157859	112762	2471	66	27083	27683	200003	4	2213	100003	100143	100069	100026
32	191404	196341	2686	58	26853	27453	200003	6	2518	100106	100095	100094	100235	100063	100231
33	200661	119841	2430	56	32805	33705	200004	2	2144	100152	100017
34	198048	121966	2390	41	32816	33716	200004	2	2206	100214	100008
35	88794.9	107916	2172	4	32964	33864	200004	1	2107	100198
36	141165	57430	2439	41	32767	33667	200004	3	2278	100204	100151	100229
37	150822	166146	2569	51	32656	33556	200004	5	2368	100142	100055	100240	100044	100108
38	165148	149857	2732	54	32499	33399	200004	6	2580	100218	100199	100156	100200	100178	100238
39	164995	72511.7	2758	16	32401	33301	200004	5	2673	100085	100239	100111	100033	100056
40	101770	117536	2737	61	32507	33407	200004	4	2564	100064	100160	100221	100009
41	129244	97206.7	2106	54	33125	34025	200004	4	1912	100071	100028	100004	100219
42	113344	124288	2133	49	33089	33989	200004	3	1985	100023	100212	100223
43	1859.98	101665	1758	53	27771	28971	200005	3	1600	100236	100192	100019
44	46242.2	105006	2703	65	26849	28049	200005	3	2527	100242	100118	100012
45	45626.8	69312.3	2524	64	27026	28226	200005	5	2348	100201	100032	100086	100205	100065
46	25561.7	25942.4	2825	54	26706	27906	200005	6	2616	100166	100082	100173	100188	100097	100245
47	19576.9	15376.4	2760	60	26783	27983	200005	5	2588	100119	100243	100169	100112	100022
48	37160.7	117236	2523	63	27025	28225	200005	6	2346	100077	100050	100053	100226	100168	100092
49	63012	92251.3	2650	66	26904	28104	200005	4	2444	100062	100005	100075	100116
50	2822.62	42509.3	2539	59	27002	28202	200005	6	2364	100020	100146	100014	100015	100128	100121
51	47751.9	60006.4	2124	66	27430	28630	200005	4	1824	100074	100029	100220	100124
52	156560	85997.8	2811	64	18039	19239	200006	5	2622	100181	100051	100237	100157	100232
53	192005	111984	2389	62	18457	19657	200006	6	2222	100196	100054	100081	100007	100145	100197
54	192126	51964.3	2800	46	18016	19216	200006	5	2663	100018	100027	100153	100060	100076
55	166244	79683.3	2756	45	18058	19258	200006	5	2618	100210	100193	100216	100122	100024
56	146935	95310.9	2762	49	18060	19260	200006	4	2608	100040	100059	100149	100006
57	158367	103607	2561	65	18291	19491	200006	3	2320	100182	100167	100066
58	201010	143079	2743	66	18111	19311	200006	8	2547	100185	100089	100172	100100	100225	100101	100045	100159
59	168988	100897	1932	49	18890	20090	200006	4	1784	100191	100090	100208	100148
60	175357	107843	2191	66	18663	19863	200006	4	1951	100034	100052	100011	100103
DIMENSION: 61
SOLVETIME: 24.149
DEPOT_SECTION
1
-1
EOF
