SCHOOLNODENUMBER: 12
SCHNODE_COORD_SECTION
200001	184664	16745.4	455	525	30
200002	30203.7	193881	535	550	15
200003	171882	9848.73	1025	1055	30
200004	189633	54174.5	850	905	15
200005	48444.4	178708	1045	1100	15
200006	178418	128678	1015	1025	10
200007	38808.4	75167.5	610	625	15
200008	188911	131585	915	935	20
200009	110373	154312	525	535	10
200010	183201	177451	710	725	15
200011	60059.3	36107.7	655	715	20
200012	151347	6522.85	1000	1015	15
MAX_RIDING_TIME: 2700
EDGE_WEIGHT_FORMAT: FUNCTION
EDGE_WEIGHT_TYPE: MAN_2D
NODE_COORD_TYPE: TWOD_COORDS
NODE_COORD_SECTION
0	105600	105600	0	0	0	0	0	0	0
1	141232	1130.03	2745	46	15071	16871	200001	4	2603	100211	100020	100229	100208
2	184017	36598	1868	49	15954	17754	200001	4	1714	100189	100075	100213	100183
3	200443	51981.9	2468	66	15386	17186	200001	6	2290	100046	100001	100221	100121	100130	100063
4	155404	37609.9	2724	35	15071	16871	200001	7	2600	100215	100105	100158	100204	100140	100103	100127
5	184147	55649.5	2742	66	15112	16912	200001	6	2520	100151	100139	100038	100097	100192	100224
6	78457.3	194108	1870	38	18331	19231	200002	1	1652	100024
7	52618.1	170254	2136	64	18114	19014	200002	2	1949	100022	100106
8	11286.1	194614	1927	58	18312	19212	200002	3	1717	100233	100078	100178
9	16773.5	146957	2818	58	17421	18321	200002	3	2650	100117	100110	100148
10	27993.7	169395	1359	57	18878	19778	200002	2	1190	100058	100059
11	63091.8	172559	2630	61	17614	18514	200002	5	2457	100048	100160	100114	100203	100104
12	39335.9	197628	1340	61	18904	19804	200002	2	1089	100002	100222
13	21076.5	178179	1585	65	18667	19567	200002	2	1399	100141	100133
14	186750	38247.6	1770	55	35863	37663	200003	1	1475	100250
15	204091	36447.3	2200	29	35384	37184	200003	2	2025	100157	100014
16	194984	8826.35	2380	34	35213	37013	200003	4	2263	100021	100153	100124	100095
17	197630	24664.1	1955	64	35695	37495	200003	2	1781	100003	100179
18	136780	33828.5	2313	43	35297	37097	200003	4	2164	100150	100136	100226	100164
19	143457	26831.5	2466	64	35184	36984	200003	5	2295	100195	100168	100088	100119	100089
20	194766	637.89	2371	8	29473	30373	200004	3	2303	100060	100207	100112
21	165992	88012.7	2552	44	29360	30260	200004	5	2414	100116	100142	100067	100154	100064
22	178556	22927.5	2776	64	29174	30074	200004	3	2524	100126	100004	100034
23	175687	89766	2122	66	29832	30732	200004	4	1848	100017	100029	100055	100180
24	186630	65825.9	839	65	31113	32013	200004	1	499	100249
25	82974.6	151703	2683	44	36129	37029	200005	4	2539	100235	100062	100045	100163
26	89249.6	197166	2668	55	36165	37065	200005	5	2506	100113	100217	100019	100036	100129
27	4375.13	185777	2826	64	36024	36924	200005	4	2605	100190	100169	100111	100198
28	14879.5	200842	1986	5	36752	37652	200005	2	1919	100138	100042
29	81247.6	162450	2797	65	36055	36955	200005	4	2468	100025	100177	100228	100174
30	48618	139492	2698	34	36095	36995	200005	3	2579	100234	100146	100205
31	48523.3	181255	433	66	38421	39321	200005	1	89	100005
32	203132	166903	2468	42	34540	35140	200006	4	2331	100027	100166	100212	100152
33	164420	79769.9	2214	5	34724	35324	200006	1	2144	100245
34	208895	105701	2009	8	34935	35535	200006	4	1941	100145	100176	100191	100081
35	163624	161004	2568	48	34452	35052	200006	5	2398	100006	100242	100099	100206	100156
36	150218	110746	1637	4	35299	35899	200006	1	1572	100118
37	135715	146200	2368	39	34635	35235	200006	3	2236	100230	100035	100100
38	47609	123151	2074	12	20177	21077	200007	3	1991	100248	100028	100236
39	15992.8	108003	2412	46	19904	20804	200007	2	2163	100201	100084
40	2765.55	68059.9	1674	31	20613	21513	200007	2	1496	100194	100144
41	56585.4	58826.4	1678	50	20646	21546	200007	3	1528	100107	100013	100220
42	51469.2	62223.8	1114	35	21181	22081	200007	3	987	100007	100143	100132
43	47854.3	55855.4	2823	62	19523	20423	200007	4	2645	100085	100135	100167	100171
44	182402	185804	2843	65	30609	31809	200008	2	2574	100214	100240
45	157457	115191	2540	45	30874	32074	200008	4	2400	100086	100225	100047	100008
46	202775	96481	2541	45	30873	32073	200008	5	2336	100030	100077	100231	100246	100069
47	207331	148219	1571	65	31881	33081	200008	3	1281	100202	100147	100039
48	152700	153282	2519	53	30910	32110	200008	5	2364	100181	100109	100241	100197	100219
49	200037	178157	2527	31	30860	32060	200008	4	2411	100098	100175	100072	100049
50	147178	177262	2669	34	16924	17524	200009	4	2485	100247	100023	100091	100090
51	133011	121658	2216	55	17417	18017	200009	3	2038	100009	100016	100068
52	154220	147269	2298	52	17329	17929	200009	3	2147	100043	100193	100057
53	106236	130572	2298	31	17289	17889	200009	3	2187	100041	100102	100149
54	78366.5	150613	2601	36	16996	17596	200009	3	2454	100096	100040	100185
55	113277	178502	2622	47	16996	17596	200009	3	2483	100227	100238	100101
56	96404.1	185560	2399	62	17247	17847	200009	6	2177	100032	100056	100070	100237	100018	100122
57	164395	171064	2783	57	23154	24054	200010	4	2620	100209	100087	100134	100128
58	194498	137797	2076	65	23876	24776	200010	1	1736	100010
59	141400	183410	1958	63	23990	24890	200010	1	1628	100033
60	200962	147548	1812	27	24068	24968	200010	2	1708	100243	100161
61	188178	200048	2577	60	23366	24266	200010	4	2301	100051	100073	100218	100092
62	137576	184989	2160	63	23788	24688	200010	2	1887	100052	100216
63	170346	157036	1303	19	24562	25462	200010	3	1209	100182	100037	100137
64	52788.8	75741.3	1834	33	23157	24357	200011	2	1719	100184	100054
65	21664.5	32720.8	2533	66	22521	23721	200011	3	2288	100123	100196	100044
66	91916.8	52251.6	2007	60	23036	24236	200011	4	1762	100071	100172	100165	100188
67	46258	21997.3	1442	66	23612	24812	200011	3	1152	100066	100162	100159
68	100788	38996.7	2283	56	22752	23952	200011	3	2122	100050	100083	100244
69	92638.2	17719.4	2706	66	22348	23548	200011	5	2481	100053	100015	100173	100079	100094
70	32376.8	48628.9	2012	51	23013	24213	200011	3	1816	100031	100210	100187
71	34047.5	8553.82	2502	61	22542	23742	200011	3	2326	100074	100115	100011
72	176140	42972.2	2311	19	33754	34654	200012	5	2209	100012	100155	100200	100093	100120
73	116661	23333.8	2768	55	33365	34265	200012	2	2484	100170	100082
74	122361	21210.6	2634	66	33520	34420	200012	5	2324	100199	100125	100080	100223	100131
75	109111	14462.7	2644	66	33510	34410	200012	2	2456	100108	100239
76	144076	55963.9	2532	55	33601	34501	200012	6	2367	100026	100076	100186	100232	100065	100061
DIMENSION: 77
SOLVETIME: 14.222
DEPOT_SECTION
1
-1
EOF
