SCHOOLNODENUMBER: 50
SCHNODE_COORD_SECTION
200001	61470.8	110476	830	855	25
200002	34567.3	135143	515	530	15
200003	16236.2	54870.6	755	810	15
200004	153081	88329.3	520	530	10
200005	131185	22333.7	900	910	10
200006	200623	177619	740	755	15
200007	205483	121150	955	1025	30
200008	110824	68354.6	525	555	30
200009	132494	97836.4	920	935	15
200010	159391	10029.2	755	815	20
200011	164593	21134.8	920	950	30
200012	27754.4	54993.1	715	745	30
200013	42765.9	147480	815	830	15
200014	110689	148356	735	800	25
200015	159082	179333	930	950	20
200016	210330	33129.9	740	755	15
200017	105455	28340.9	1035	1100	25
200018	51789.7	26561.9	915	935	20
200019	100118	182447	940	955	15
200020	142027	133248	555	625	30
200021	11627.7	198567	525	545	20
200022	15024.5	29449.5	815	840	25
200023	204522	178586	840	855	15
200024	199437	129845	535	545	10
200025	193668	159655	625	640	15
200026	94194.7	146223	850	900	10
200027	176381	164496	550	620	30
200028	200178	207030	720	735	15
200029	161982	66955.9	630	700	30
200030	48566.9	102490	545	610	25
200031	78248.5	117515	855	925	30
200032	62940.4	34522.1	520	545	25
200033	9848.73	16816.3	450	515	25
200034	174061	125881	620	635	15
200035	146345	127602	610	635	25
200036	45092.8	166868	800	825	25
200037	17422.2	178612	500	510	10
200038	62457	22043.6	510	525	15
200039	183343	106931	920	930	10
200040	135439	63398	1025	1035	10
200041	44512.7	81903.1	1035	1050	15
200042	106216	151431	850	920	30
200043	7173.85	133074	510	535	25
200044	80665.5	121092	510	520	10
200045	190587	15681.9	630	655	25
200046	46433.4	82902.1	710	725	15
200047	111056	158630	600	630	30
200048	45311.9	116909	825	845	20
200049	187577	104359	630	645	15
200050	55296	204149	935	945	10
MAX_RIDING_TIME: 2700
EDGE_WEIGHT_FORMAT: FUNCTION
EDGE_WEIGHT_TYPE: MAN_2D
NODE_COORD_TYPE: TWOD_COORDS
NODE_COORD_SECTION
0	105600	105600	0	0	0	0	0	0	0
1	13682.8	100439	2607	63	28141	29641	200001	3	2383	100725	100675	100636
2	66401.2	115607	2663	5	27975	29475	200001	2	2601	100867	100345
3	75734	70246.7	2747	39	27956	29456	200001	5	2620	100623	100168	100658	100479	100108
4	35835.7	83321.1	2112	55	28621	30121	200001	2	1953	100290	100429
5	104865	98677.1	2033	11	28616	30116	200001	4	1960	100760	100294	100194	100001
6	59882.6	161725	2308	57	28429	29929	200001	3	2142	100928	100885	100079
7	65862.5	163405	2538	19	16427	17327	200002	4	2426	100970	100450	100911	100856
8	23615.7	120482	2452	42	16556	17456	200002	8	2323	100997	100662	100575	100968	100778	100002	100395	100502
9	7392.3	116832	2556	46	16460	17360	200002	4	2380	100180	100646	100542	100187
10	39700.2	15225.2	2532	66	26122	27022	200003	3	2294	100751	100776	100772
11	62455	45757.7	2364	55	26269	27169	200003	6	2202	100271	100870	100727	100246	100003	100462
12	22969.2	100663	2524	42	26084	26984	200003	6	2390	100188	100947	100449	100625	100581	100063
13	43790.8	54870.6	2759	50	25865	26765	200003	7	2614	100455	100961	100160	100115	100722	100183	100756
14	9780.1	18725.5	2805	65	25847	26747	200003	6	2624	100801	100789	100222	100497	100518	100106
15	43705.4	70600.3	1843	64	26807	27707	200003	3	1664	100086	100384	100505
16	134005	131001	2666	15	16591	17191	200004	2	2557	100981	100544
17	181991	117369	2716	4	16520	17120	200004	2	2654	100392	100679
18	135406	73467.7	1605	49	17717	18317	200004	2	1454	100950	100004
19	193287	82960.6	2703	63	16645	17245	200004	7	2523	100387	100361	100368	100993	100874	100642	100853
20	106830	84637	2301	35	16994	17594	200004	3	2174	100980	100668	100915
21	195968	108187	2515	57	16822	17422	200004	5	2346	100190	100982	100626	100686	100689
22	167022	41904.8	2671	24	29803	30403	200005	5	2576	100256	100452	100699	100978	100167
23	81506.3	19251.6	2749	51	29776	30376	200005	7	2595	100377	100207	100367	100436	100615	100202	100398
24	104274	42434	2387	47	30131	30731	200005	3	2198	100354	100922	100765
25	143891	2465.11	2721	60	29822	30422	200005	5	2557	100200	100328	100529	100134	100457
26	107225	24887.5	2829	65	29723	30323	200005	6	2653	100229	100579	100005	100898	100453	100805
27	120297	30695.2	1004	63	31544	32144	200005	2	744	100705	100402
28	153472	167884	2516	29	25168	26068	200006	2	2411	100371	100006
29	187619	133655	2723	50	25001	25901	200006	5	2539	100266	100084	100593	100237	100684
30	172481	200444	2513	17	25148	26048	200006	4	2420	100935	100129	100204	100890
31	144041	171079	2640	25	25036	25936	200006	2	2483	100641	100758
32	207769	81459.7	2326	46	33490	35290	200007	5	2186	100231	100126	100488	100264	100170
33	164802	113873	2002	63	33846	35646	200007	3	1796	100500	100336	100233
34	185979	103847	1729	49	34093	35893	200007	4	1583	100640	100629	100296	100144
35	187643	165178	2548	65	33304	35104	200007	4	2375	100244	100871	100406	100563
36	193556	164253	2272	23	33500	35300	200007	3	2171	100007	100463	100869
37	175788	134581	2232	56	33603	35403	200007	3	2050	100613	100852	100068
38	138754	33604.7	2448	51	17177	18977	200008	3	2299	100474	100721	100431
39	118850	16947.6	2708	5	16830	18630	200008	2	2644	100362	100796
40	160687	65262.7	2334	48	17286	19086	200008	3	2128	100526	100378	100113
41	104645	110368	1959	14	17596	19396	200008	4	1880	100008	100631	100344	100097
42	132788	87157	1650	17	17911	19711	200008	4	1565	100174	100112	100920	100761
43	103958	35812.3	1671	49	17951	19751	200008	3	1463	100600	100862	100578
44	138672	42223.4	2162	2	31470	32370	200009	1	2106	100768
45	129195	147453	2768	22	30902	31802	200009	4	2659	100931	100635	100965	100103
46	75998.9	99835.8	2059	4	31577	32477	200009	1	1994	100009
47	141927	144588	2250	60	31493	32393	200009	2	2065	100799	100777
48	106618	76849.7	2383	21	31285	32185	200009	2	2252	100905	100892
49	155268	90101.3	2735	51	30990	31890	200009	4	2581	100815	100111	100595	100517
50	209440	22221.7	2577	53	26052	27252	200010	4	2416	100608	100986	100331	100957
51	117122	20325.1	2361	26	26217	27417	200010	3	2262	100553	100516	100138
52	159821	23908.6	2324	65	26328	27528	200010	6	2114	100253	100010	100938	100659	100057	100282
53	125532	38813.1	2639	55	25994	27194	200010	5	2443	100665	100753	100695	100219	100670
54	127958	38927.5	2377	40	26228	27428	200010	6	2214	100366	100473	100823	100648	100058	100616
55	186817	42358.1	2753	52	25874	27074	200010	5	2597	100243	100782	100451	100401	100062
56	131343	47615.9	2739	28	30943	32743	200011	3	2631	100011	100937	100958
57	194373	49002	2474	62	31272	33072	200011	5	2307	100891	100934	100365	100548	100711
58	205060	5772.59	2179	51	31546	33346	200011	1	1903	100155
59	135429	18806.7	2763	53	30966	32766	200011	7	2602	100318	100818	100715	100647	100940	100716	100755
60	197114	38217.7	2820	48	30900	32700	200011	2	2668	100942	100329
61	22387.7	2602.66	2708	42	23500	25300	200012	6	2532	100258	100927	100975	100051	100948	100341
62	85357.9	54993.1	2194	41	24012	25812	200012	1	1963	100012
63	55002.2	70036.1	2626	44	23586	25386	200012	2	2493	100610	100943
64	30862.3	91879.7	1568	31	24619	26419	200012	2	1395	100211	100209
65	22093.7	76957.1	2534	12	23617	25417	200012	4	2449	100619	100804	100085	100100
66	67261.4	51840.4	2094	59	24147	25947	200012	2	1823	100066	100713
67	54039.9	102076	2638	43	27172	28072	200013	4	2499	100252	100098	100260	100393
68	2311.24	163236	2708	49	27114	28014	200013	5	2565	100808	100914	100706	100534	100790
69	27651.1	112846	2296	57	27541	28441	200013	4	2130	100590	100408	100783	100149
70	32726.5	178377	2539	60	27304	28204	200013	3	2372	100421	100324	100570
71	31786.3	137523	2826	61	27018	27918	200013	4	2650	100719	100013	100376	100254
72	139676	182525	2389	38	25012	26512	200014	2	2228	100128	100326
73	71870.2	161925	2389	12	24962	26462	200014	3	2306	100065	100276	100580
74	139279	124318	2813	66	24641	26141	200014	5	2630	100414	100929	100949	100082	100156
75	81598.9	136117	2135	61	25309	26809	200014	2	1946	100791	100274
76	113026	117349	1421	53	26008	27508	200014	1	1136	100456
77	105577	176222	1360	42	26048	27548	200014	1	1124	100014
78	113665	178779	1618	1	32612	33812	200015	1	1567	100709
79	130169	207739	2266	55	32067	33267	200015	2	2042	100151	100340
80	196594	191911	2713	12	31538	32738	200015	4	2633	100152	100661	100547	100015
81	163090	136334	2589	64	31761	32961	200015	4	2407	100681	100712	100337	100410
82	140472	149778	1999	65	32353	33553	200015	2	1797	100740	100591
83	198664	158834	2252	31	32035	33235	200015	2	2133	100191	100939
84	196154	987.13	2176	40	25529	26429	200016	7	2045	100754	100622	100710	100857	100618	100277	100574
85	199857	85024.8	2461	56	25274	26174	200016	3	2297	100416	100946	100985
86	174655	18849.2	2810	64	24940	25840	200016	5	2639	100599	100396	100315	100932	100283
87	195258	52947.5	1550	62	26196	27096	200016	3	1383	100786	100700	100461
88	189069	70460.8	2337	57	25400	26300	200016	3	2171	100807	100666	100660
89	185802	57766.2	1954	47	25764	26664	200016	2	1711	100016	100692
90	195945	69204.2	2087	59	25654	26554	200016	4	1873	100912	100208	100682	100316
91	138792	6970.07	2665	51	35560	37060	200017	5	2446	100349	100322	100017	100513	100483
92	100953	52880.4	2463	25	35713	37213	200017	4	2340	100624	100822	100876	100094
93	132951	8364.71	2757	25	35419	36919	200017	3	2613	100335	100304	100840
94	118841	49188.3	1290	13	36863	38363	200017	2	1208	100604	100676
95	93319.1	44469.2	2371	6	30969	32169	200018	3	2310	100781	100549	100192
96	81600.2	56505.6	2205	19	31160	32360	200018	3	2119	100441	100267	100130
97	102823	25612.1	1891	2	31441	32641	200018	2	1838	100515	100749
98	78812.5	2590.27	2134	27	31246	32446	200018	5	2022	100480	100475	100900	100018	100973
99	11716.9	37079.8	2021	25	31355	32555	200018	2	1869	100854	100763
100	38419.8	32047.9	2509	5	30829	32029	200018	2	2445	100525	100769
101	75137.8	65922.8	2275	12	31076	32276	200018	3	2200	100602	100419	100788
102	109972	131285	2136	2	32696	33596	200019	1	2080	100959
103	50361.3	193396	2702	12	32149	33049	200019	3	2622	100145	100643	100308
104	74123.9	151250	2151	26	32727	33627	200019	3	2041	100257	100844	100573
105	73019.5	208718	1889	5	32949	33849	200019	1	1819	100218
106	148584	179441	1824	5	33014	33914	200019	1	1754	100903
107	126928	163685	2249	41	32657	33557	200019	4	2111	100230	100884	100743	100484
108	108234	195593	2237	32	32652	33552	200019	5	2124	100533	100019	100901	100494	100962
109	154578	181954	2713	58	18726	20526	200020	2	2550	100054	100213
110	160064	91922.3	2558	25	18818	20618	200020	3	2417	100685	100991	100020
111	184648	120436	2508	42	18900	20700	200020	3	2293	100102	100908	100750
112	176040	153629	2738	23	18634	20434	200020	2	2640	100879	100601
113	118090	111243	2359	59	19082	20882	200020	3	2194	100426	100798	100369
114	3399.64	155618	2732	22	16838	18038	200021	2	2638	100228	100688
115	46026.3	183286	2621	62	17025	18225	200021	5	2446	100812	100420	100268	100364	100478
116	34912.7	197536	2626	59	17015	18215	200021	7	2459	100021	100070	100141	100838	100465	100163	100887
117	64468.5	42426.1	2829	65	27023	28523	200022	6	2604	100926	100242	100708	100994	100235	100828
118	71555.6	30450.4	2355	17	27406	28906	200022	3	2273	100052	100357	100592
119	46237.6	9843.2	2645	61	27199	28699	200022	5	2365	100022	100996	100691	100552	100495
120	33282.4	74513	2726	65	27126	28626	200022	4	2548	100226	100825	100351	100528
121	10703.2	37359.3	2363	65	27489	28989	200022	5	2179	100394	100118	100632	100830	100536
122	154511	165932	2776	44	28536	29436	200023	3	2630	100652	100811	100074
123	179731	149881	2626	66	28728	29628	200023	3	2440	100023	100797	100576
124	178649	204516	2449	41	28857	29757	200023	7	2306	100999	100215	100546	100227	100535	100557	100995
125	201269	155512	2448	53	28881	29781	200023	5	2238	100445	100466	100847	100507	100303
126	167065	99628.9	2734	66	17520	18120	200024	5	2489	100347	100880	100024	100988	100489
127	147603	121517	2715	30	17471	18071	200024	4	2561	100809	100907	100732	100173
128	186633	85110.1	2670	9	17476	18076	200024	4	2598	100355	100280	100521	100435
129	192678	175806	2144	35	18051	18651	200024	2	1973	100083	100440
130	185240	160865	1830	42	18378	18978	200024	4	1685	100902	100672	100372	100289
131	186375	117404	1308	65	18944	19544	200024	2	997	100650	100363
132	170849	113730	1850	58	18389	18989	200024	2	1594	100834	101000
133	207479	209150	2394	23	20778	21678	200025	3	2254	100784	100726	100669
134	157702	161566	2815	53	20414	21314	200025	4	2665	100203	100865	100025	100092
135	201085	115750	2787	66	20467	21367	200025	4	2599	100481	100556	100933	100262
136	187510	132930	2134	26	21044	21944	200025	4	2001	100299	100864	100560	100055
137	186210	189733	2366	64	20884	21784	200025	5	2125	100634	100332	100123	100728	100143
138	116588	118361	2323	61	29621	30221	200026	4	2025	100889	100598	100241	100663
139	46634.1	134190	2700	7	29142	29742	200026	2	2626	100723	100405
140	101136	132675	1081	38	30820	31420	200026	4	959	100696	100875	100346	100309
141	58306.2	122041	2369	53	29560	30160	200026	3	2159	100468	100614	100026
142	91909.5	193126	2293	50	29631	30231	200026	3	2057	100757	100131	100522
143	79993.5	108309	2713	7	29129	29729	200026	3	2647	100620	100605	100837
144	198091	128628	2117	13	18936	20736	200027	3	2032	100509	100135	100216
145	203253	198544	2406	51	18719	20519	200027	4	2218	100139	100596	100027	100512
146	163149	132649	1967	63	19181	20981	200027	3	1790	100477	100510	100654
147	181900	210472	2236	25	18840	20640	200027	3	2128	100397	100729	100186
148	144658	159399	1531	47	19587	21387	200027	2	1384	100589	100952
149	209901	135205	2554	54	18577	20377	200027	4	2360	100966	100971	100651	100334
150	149469	191486	2122	45	18992	20792	200027	3	1987	100747	100504	100142
151	206418	150859	2650	34	23843	24743	200028	4	2523	100390	100444	100501	100120
152	183262	166282	2274	50	24250	25150	200028	3	2064	100577	100969	100028
153	152417	198964	2193	46	24323	25223	200028	3	2053	100738	100471	100124
154	160506	204205	2794	65	23758	24658	200028	6	2618	100458	100565	100116	100702	100496	100469
155	176590	184371	2217	49	24305	25205	200028	4	2066	100835	100873	100136	100989
156	192474	162821	2400	46	24116	25016	200028	3	2258	100380	100680	100690
157	189497	31453.4	2629	59	20912	22712	200029	3	2443	100029	100586	100370
158	177904	113163	2517	51	21008	22808	200029	4	2321	100172	100293	100742	100861
159	197433	43045.3	2559	42	20949	22749	200029	4	2347	100839	100587	100425	100637
160	153630	117515	2539	34	20954	22754	200029	3	2347	100930	100423	100899
161	194943	48377.3	2042	53	21487	23287	200029	1	1757	100842
162	191662	79135.3	1797	52	21730	23530	200029	3	1641	100297	100359	100831
163	146530	80182.5	2055	51	21470	23270	200029	3	1901	100236	100358	100059
164	41525.2	47913.1	2689	30	18097	19597	200030	3	2577	100703	100133	100956
165	1106.7	97638.2	2220	5	18518	20018	200030	2	2161	100664	100284
166	25255.6	78656.4	2473	33	18318	19818	200030	4	2361	100829	100078	100904	100300
167	41732.5	136357	2741	12	18010	19510	200030	3	2658	100433	100030	100224
168	61977.6	62427.1	2578	14	18177	19677	200030	4	2491	100833	100746	100404	100305
169	70106.9	157859	2717	49	29505	31305	200031	5	2574	100511	100718	100184	100110	100199
170	84553.5	95487.8	2677	63	29571	31371	200031	3	2492	100157	100748	100159
171	95899.2	141585	2771	35	29424	31224	200031	3	2647	100795	100147	100467
172	42006.6	113326	2438	60	29805	31605	200031	2	2245	100171	100415
173	53235.2	144483	2147	65	30105	31905	200031	3	1880	100960	100597	100850
174	91901.3	97821.5	1431	51	30794	32594	200031	2	1282	100612	100060
175	115771	104770	2685	66	29569	31369	200031	3	2502	100031	100720	100389
176	41732.8	20232.5	2617	58	16722	18222	200032	5	2457	100333	100617	100963	100381	100076
177	64759.4	93277	2390	5	16848	18348	200032	2	2326	100032	100627
178	22701.3	40620.7	2318	19	16947	18447	200032	2	2195	100210	100559
179	71233.1	14565.5	2142	63	17206	18706	200032	4	1856	100080	100342	100162	100221
180	101890	12219.1	2649	33	16642	18142	200032	4	2482	100628	100779	100851	100438
181	106338	19472.6	2192	22	17078	18578	200032	4	2096	100717	100286	100399	100492
182	90401.4	52674	2082	46	17234	18734	200032	3	1836	100295	100348	100836
183	65234.9	19760.6	2310	57	15227	16727	200033	2	2144	100895	100539
184	57327	7335.82	2604	17	14857	16357	200033	4	2496	100418	100310	100737	100881
185	16921	64916	2278	38	15223	16723	200033	4	2151	100122	100752	100803	100657
186	40476.2	27829.1	2538	46	14978	16478	200033	6	2393	100428	100701	100687	100033	100439	100119
187	158866	80483.8	2531	58	20408	21308	200034	4	2368	100430	100403	100524	100571
188	186965	111506	2765	37	20134	21034	200034	6	2637	100107	100201	100820	100896	100034	100998
189	186839	81200.4	2280	47	20638	21538	200034	3	2133	100649	100974	100793
190	163332	111518	2648	54	20283	21183	200034	3	2376	100307	100848	100936
191	161096	98810.4	1752	49	20570	22070	200035	1	1484	100302
192	185437	106471	2761	43	19549	21049	200035	5	2627	100585	100035	100417	100855	100639
193	99004.3	140925	2410	38	19891	21391	200035	2	2283	100806	100176
194	202219	129581	2661	59	19680	21180	200035	4	2499	100437	100193	100088	100921
195	136962	174097	2267	66	20087	21587	200035	2	2024	100611	100972
196	166863	159556	2271	46	20045	21545	200035	3	2123	100992	100279	100382
197	117326	119156	1328	1	20902	22402	200035	1	1277	100944
198	171467	93974.3	2431	65	19921	21421	200035	4	2214	100814	100741	100179	100238
199	153068	100529	1505	64	20845	22345	200035	2	1248	100385	100638
200	10729	139992	2399	33	26492	27992	200036	4	2284	100984	100197	100339	100878
201	31118.6	118043	2327	27	26553	28053	200036	2	2221	100105	100338
202	3806.97	185542	2755	15	26102	27602	200036	3	2666	100886	100292	100454
203	91268.4	178987	2360	50	26564	28064	200036	3	2155	100555	100498	100240
204	53671.7	203592	2370	29	26514	28014	200036	3	2260	100707	100206	100140
205	60262.4	118736	2372	29	26512	28012	200036	3	2215	100036	100460	100734
206	69850.9	186587	1896	58	27043	28543	200036	5	1733	100067	100976	100530	100821	100321
207	62479.5	186260	2619	36	15478	16078	200037	3	2490	100566	100291	100269
208	23161.3	134141	2263	20	15804	16404	200037	3	2157	100214	100693	100683
209	9055.79	130605	2431	57	15706	16306	200037	4	2268	100551	100919	100987	100448
210	8166.21	183302	2775	59	15366	15966	200037	6	2602	100037	100697	100977	100313	100877	100447
211	34904.4	204313	1953	38	16148	16748	200037	3	1813	100564	100071	100990
212	66456.1	31010.3	642	34	18051	18951	200038	1	442	100319
213	34732	48165.4	2779	28	15903	16803	200038	5	2650	100391	100785	100327	100735	100352
214	81277.7	56496	2088	46	16628	17528	200038	2	1912	100350	100816
215	107249	16868	2577	47	16141	17041	200038	5	2435	100205	100967	100671	100038	100561
216	21756.4	2837.25	2377	60	16366	17266	200038	2	2143	100849	100422
217	73603	695.13	2463	10	16185	17085	200038	4	2389	100273	100114	100459	100287
218	195802	145282	2675	30	31011	31611	200039	5	2568	100470	100655	100677	100195	100794
219	188104	79611.9	2808	63	30940	31540	200039	4	2524	100744	100531	100400	100039
220	180685	146901	2304	28	31378	31978	200039	2	2190	100678	100519
221	184192	97812.3	2359	48	31361	31961	200039	3	2150	100053	100656	100125
222	167353	141868	2417	61	31327	31927	200039	3	2200	100941	100582	100558
223	176431	113398	814	65	32938	33538	200039	2	589	100247	100568
224	118681	30684.5	1968	22	35602	36202	200040	4	1853	100745	100813	100325	100523
225	114064	98019.7	2556	7	34986	35586	200040	3	2493	100073	100040	100413
226	154025	91789	2155	47	35463	36063	200040	4	1930	100301	100826	100196	100550
227	160775	37496.7	2132	63	35516	36116	200040	3	1921	100217	100386	100644
228	159708	96492.9	2807	61	34837	35437	200040	5	2631	100503	100537	100859	100538	100766
229	101967	66965.8	2725	30	34861	35461	200040	5	2607	100918	100771	100261	100064	100832
230	187049	69826.4	2366	64	35284	35884	200040	4	2177	100863	100239	100773	100245
231	56812	35870.2	2219	33	35972	36872	200041	3	2047	100093	100041	100343
232	67090.1	115095	2241	61	36003	36903	200041	2	1982	100540	100883
233	84922.1	82618.5	2676	53	35553	36453	200041	4	2521	100964	100860	100374	100223
234	8373.36	80943.2	2214	47	36004	36904	200041	4	2005	100353	100472	100379	100607
235	34723.8	90282.3	2587	46	35629	36529	200041	3	2442	100464	100780	100633
236	140026	176456	2393	64	29557	31357	200042	4	2115	100089	100802	100759	100446
237	80977.1	113611	2371	29	29513	31313	200042	3	2248	100189	100181	100164
238	104348	189766	1780	32	30109	31909	200042	2	1602	100724	100251
239	82894	171753	2617	33	29274	31074	200042	5	2479	100288	100442	100275	100121	100146
240	129613	114275	2650	9	29196	30996	200042	2	2578	100075	100248
241	106903	120384	1993	22	29877	31677	200042	4	1891	100250	100042	100532	100360
242	36708.7	135169	2460	29	16224	17724	200043	3	2352	100069	100736	100043
243	58762.1	125722	2154	14	16501	18001	200043	3	2078	100800	100917	100770
244	33821.8	104383	2249	66	16505	18005	200043	2	1957	100603	100225
245	27212.7	90287.9	2266	9	16380	17880	200043	3	2188	100081	100704	100424
246	16127.3	156348	2162	54	16569	18069	200043	3	1953	100198	100514	100061
247	96323.1	153766	1987	33	16704	17304	200044	2	1802	100916	100137
248	114445	147033	2225	24	16449	17049	200044	2	2099	100263	100109
249	54568.9	106381	2723	53	16006	16606	200044	4	2456	100117	100817	100583	100306
250	119224	114898	2523	65	16229	16829	200044	4	2259	100044	100132	100161	100096
251	79440.4	99810.9	2789	60	15954	16554	200044	4	2620	100153	100841	100177	100645
252	60926.2	143145	1646	35	17049	17649	200044	2	1525	100077	100312
253	139024	27278.9	2361	14	21094	22594	200045	3	2274	100913	100493	100320
254	204907	49067.1	2285	56	21250	22750	200045	3	2074	100232	100330	100434
255	171219	4845.33	2792	53	20737	22237	200045	5	2642	100906	100101	100694	100499	100945
256	167502	54218.1	2361	14	21094	22594	200045	5	2280	100485	100845	100554	100045	100272
257	164747	42571.5	2455	32	21034	22534	200045	5	2340	100491	100594	100165	100767	100432
258	46.44	66190.9	2351	30	23535	24435	200046	2	2205	100739	100185
259	98485	93646.2	2378	21	23490	24390	200046	3	2289	100090	100545	100046
260	30263	37289.1	2215	9	23631	24531	200046	2	2137	100427	100653
261	22412.6	118214	2298	51	23627	24527	200046	1	2022	100520
262	56595	125437	2698	32	23191	24091	200046	2	2520	100733	100166
263	77555.5	102308	1910	27	23970	24870	200046	2	1746	100787	100983
264	76988	88088.8	2811	52	23116	24016	200046	5	2655	100979	100127	100443	100255	100606
265	120605	170730	1077	61	20667	22467	200047	2	826	100104	100259
266	147692	134879	2754	26	18924	20724	200047	4	2608	100388	100285	100508	100909
267	100285	126450	1835	60	19908	21708	200047	4	1671	100953	100175	100323	100506
268	121831	111699	2094	14	19561	21361	200047	2	2000	100373	100764
269	102894	199079	2709	59	19032	20832	200047	5	2539	100047	100412	100234	100858	100667
270	79079.8	129235	2552	11	19097	20897	200047	3	2474	100486	100792	100888
271	36969.6	69039.9	2160	19	28205	29405	200048	3	2066	100609	100584	100072
272	11138.8	93157.8	2415	60	28028	29228	200048	3	2144	100298	100810	100265
273	70526	111003	2006	45	28408	29608	200048	3	1767	100866	100278	100621
274	34557	158639	2806	46	27610	28810	200048	2	2562	100819	100169
275	83290.8	114554	2422	56	28013	29213	200048	3	2255	100630	100314	100476
276	57784.9	108822	2543	66	27911	29111	200048	4	2368	100411	100212	100281	100923
277	62804.4	137528	2008	19	28357	29557	200048	5	1914	100543	100541	100409	100714	100872
278	79301.4	90326.8	2693	51	27732	28932	200048	3	2432	100762	100048	100897
279	185386	66300.3	1536	26	21942	22842	200049	1	1372	100099
280	149684	87620.4	2216	64	21334	22234	200049	2	1956	100148	100910
281	162488	113369	2508	62	21038	21938	200049	4	2312	100383	100775	100317	100490
282	201043	128005	2816	54	20715	21615	200049	4	2659	100311	100567	100407	100150
283	203243	92548.4	2700	46	20816	21716	200049	4	2552	100375	100846	100673	100893
284	178358	54269.8	2755	66	20799	21699	200049	5	2572	100056	100730	100527	100049	100356
285	156149	126770	2820	52	20707	21607	200049	4	2672	100154	100572	100894	100095
286	53182.3	150043	2694	60	31949	32549	200050	3	2512	100182	100569	100924
287	69123.5	182190	1687	48	32933	33533	200050	3	1541	100951	100827	100588
288	46071.6	198510	2612	59	32029	32629	200050	3	2369	100868	100674	100824
289	75659.5	192671	1522	43	33088	33688	200050	3	1341	100220	100482	100954
290	9438.92	210685	2420	57	32217	32817	200050	6	2251	100882	100050	100087	100178	100774	100843
291	87644.7	198953	1841	66	32813	33413	200050	5	1557	100955	100270	100091	100562	100731
292	26717.1	191524	2503	61	32141	32741	200050	3	2242	100249	100158	100698
293	34097.3	182475	1814	64	32836	33436	200050	2	1515	100925	100487
DIMENSION: 294
SOLVETIME: 60.772
DEPOT_SECTION
1
-1
EOF
