SCHOOLNODENUMBER: 25
SCHNODE_COORD_SECTION
200001	111830	53594.4	935	950	15
200002	24235.1	64352	900	930	30
200003	38995.3	181003	1010	1025	15
200004	164902	69547	455	515	20
200005	122890	148994	835	900	25
200006	84442.6	36159.3	915	925	10
200007	184477	33471.5	650	715	25
200008	29604.2	96005.9	615	625	10
200009	162214	112281	630	640	10
200010	153822	159178	720	745	25
200011	145875	130128	745	815	30
200012	89057.6	142633	805	830	25
200013	119970	68322.4	640	700	20
200014	128014	13864.3	915	940	25
200015	50358.8	96083.2	550	620	30
200016	3976.87	72260.6	930	1000	30
200017	102909	125887	850	910	20
200018	125829	200810	1005	1025	20
200019	149265	28772.8	955	1015	20
200020	199463	200230	655	705	10
200021	38325	87272.2	625	645	20
200022	93227.8	149497	940	1010	30
200023	210865	207545	1020	1035	15
200024	201757	159178	905	930	25
200025	122897	2674.88	700	710	10
MAX_RIDING_TIME: 2700
EDGE_WEIGHT_FORMAT: FUNCTION
EDGE_WEIGHT_TYPE: MAN_2D
NODE_COORD_TYPE: TWOD_COORDS
NODE_COORD_SECTION
0	105600	105600	0	0	0	0	0	0	0
1	112937	3566.13	2618	6	31922	32822	200001	2	2546	100064	100001
2	67641.8	39452.5	2689	45	31925	32825	200001	2	2554	100040	100116
3	88121.5	14421.1	2487	54	32144	33044	200001	4	2332	100482	100465	100348	100241
4	146508	62042.6	2444	66	32210	33110	200001	4	2225	100197	100270	100217	100340
5	134805	81669.4	2050	48	32570	33470	200001	3	1904	100319	100190	100444
6	98063.3	71036.3	1425	7	33117	34017	200001	2	1359	100213	100354
7	1351.1	24501.2	2373	12	30078	31878	200002	2	2296	100180	100357
8	23423	125513	2501	9	29945	31745	200002	4	2434	100455	100038	100092	100002
9	25935.5	12477.4	2700	14	29755	31555	200002	5	2621	100309	100068	100396	100425	100316
10	41431.3	100237	2154	39	30349	32149	200002	5	2019	100153	100371	100147	100330	100258
11	68903.7	61582.1	2100	63	30448	32248	200002	3	1931	100046	100286	100388
12	92191.3	189823	2210	7	34432	35332	200003	2	2139	100151	100247
13	54642.5	134258	2309	26	34369	35269	200003	2	2158	100293	100420
14	73943.9	177422	1643	63	35105	36005	200003	1	1313	100363
15	77832	161754	2050	5	34588	35488	200003	1	1980	100321
16	3040.69	207919	2380	17	34281	35181	200003	2	2298	100445	100167
17	58350.5	178766	2672	7	33970	34870	200003	4	2604	100214	100172	100095	100225
18	17287.9	158809	2661	17	34000	34900	200003	5	2574	100032	100003	100210	100139	100411
19	31198.3	144050	2310	44	34402	35302	200003	4	2151	100168	100129	100030	100194
20	25372	179555	857	66	35897	36797	200003	1	513	100250
21	147396	115048	2668	10	15080	16280	200004	4	2599	100333	100171	100377	100211
22	138893	60195.8	2808	55	15025	16225	200004	2	2516	100496	100488
23	196273	91091.2	1923	12	15828	17028	200004	2	1840	100408	100004
24	207828	67647.3	2608	64	15242	16442	200004	3	2426	100481	100123	100441
25	128197	61631.3	2483	58	15356	16556	200004	3	2242	100160	100035	100417
26	136100	36200	2738	14	15017	16217	200004	3	2651	100307	100176	100379
27	185932	72166.5	1150	66	16704	17904	200004	1	806	100416
28	122078	210179	2811	46	28205	29705	200005	3	2609	100220	100193	100464
29	156336	134924	2782	42	28226	29726	200005	2	2559	100429	100439
30	148465	126308	1980	35	29015	30515	200005	3	1848	100382	100325	100428
31	118108	169010	2177	61	28867	30367	200005	3	1903	100342	100368	100161
32	114496	137332	1577	61	29467	30967	200005	4	1401	100435	100405	100292	100005
33	93971.1	131316	2492	50	28532	30032	200005	5	2342	100495	100478	100079	100492	100150
34	123508	195635	1934	52	29093	30593	200005	2	1656	100238	100137
35	24484.3	34566.8	2337	34	31056	31656	200006	2	2218	100179	100265
36	114970	7083.61	2677	27	30703	31303	200006	3	2568	100049	100006	100381
37	66806.3	75611.4	2241	47	31177	31777	200006	3	2091	100091	100322	100109
38	50142.4	52039.8	1964	46	31452	32052	200006	1	1710	100182
39	52231.8	18746.5	2567	25	30809	31409	200006	2	2410	100409	100181
40	88140.8	58549.8	2198	57	31239	31839	200006	3	2014	100291	100117	100398
41	112410	54645.7	2103	33	31288	31888	200006	3	1991	100268	100246	100280
42	198798	80360.9	2439	64	22311	23811	200007	2	2260	100346	100419
43	154545	38008	2843	65	21909	23409	200007	8	2665	100072	100318	100090	100489	100101	100085	100369	100111
44	162397	47238.1	2113	54	22618	24118	200007	3	1927	100264	100203	100443
45	195326	57742.4	2162	34	22531	24031	200007	2	1972	100007	100052
46	201096	19498.7	2481	5	22157	23657	200007	3	2419	100164	100162	100136
47	44798.3	135502	2636	66	20018	20618	200008	3	2453	100184	100105	100454
48	81810.4	96005.9	2568	56	20067	20667	200008	5	2409	100438	100358	100281	100432	100373
49	35444.7	58595.7	2359	59	20282	20882	200008	4	2189	100380	100487	100349	100344
50	11963.3	91201.5	2730	46	19886	20486	200008	6	2593	100173	100158	100207	100407	100216	100008
51	10495.9	121008	2620	65	20032	20632	200008	3	2439	100486	100045	100108
52	153822	58518.8	2690	34	20803	21403	200009	2	2503	100036	100243
53	176137	70686.7	2485	53	21044	21644	200009	4	2327	100422	100120	100447	100359
54	132095	89572	2622	11	20827	21427	200009	3	2541	100235	100076	100252
55	164109	64738.6	2029	66	21525	22125	200009	1	1685	100237
56	179876	109922	2454	64	21096	21696	200009	6	2228	100345	100229	100078	100259	100132	100221
57	125201	129023	2223	17	21238	21838	200009	4	2133	100288	100389	100009	100312
58	202872	163531	2164	66	24390	25890	200010	1	1820	100491
59	129118	182293	2696	35	23799	25299	200010	4	2569	100361	100152	100463	100205
60	178107	140186	2826	65	23726	25226	200010	4	2598	100140	100096	100404	100351
61	137421	133130	1843	65	24709	26209	200010	2	1563	100337	100062
62	127715	136017	2687	47	23831	25331	200010	3	2545	100215	100097	100353
63	115558	141048	2230	54	24301	25801	200010	2	2070	100121	100279
64	141739	184391	1611	65	24941	26441	200010	1	1271	100010
65	196064	123427	2220	48	25800	27600	200011	2	2037	100226	100070
66	184536	108337	2573	66	25481	27281	200011	3	2387	100480	100178	100385
67	178346	153284	2427	43	25583	27383	200011	4	2296	100397	100356	100460	100099
68	107117	122485	2661	61	25383	27183	200011	3	2439	100343	100056	100384
69	113088	145308	2002	63	26046	27846	200011	3	1755	100399	100227	100122
70	129367	101730	1775	44	26237	28037	200011	1	1530	100170
71	165995	131914	1090	66	26964	28764	200011	1	746	100222
72	155989	95936.4	2648	63	25400	27200	200011	3	2458	100055	100011	100104
73	68919.8	184653	2640	11	26509	28009	200012	4	2565	100057	100206	100245	100067
74	104334	189652	2782	34	26411	27911	200012	5	2665	100204	100272	100446	100174	100301
75	81109.9	196675	2487	12	26664	28164	200012	2	2397	100423	100192
76	90347.6	84347.3	2258	36	26939	28439	200012	2	2054	100110	100433
77	101254	129247	1139	45	28075	29575	200012	2	892	100424	100387
78	128792	158122	2123	35	27072	28572	200012	3	1994	100453	100328	100362
79	95379.8	109808	1678	66	27576	29076	200012	1	1334	100201
80	98415.9	134030	2177	42	27031	28531	200012	3	2045	100012	100189	100352
81	113861	20973	2706	50	21418	22618	200013	4	2553	100071	100274	100198	100347
82	113425	54968	2420	60	21723	22923	200013	3	2253	100088	100128	100410
83	86238.6	65629.5	2778	35	21317	22517	200013	4	2651	100269	100114	100375	100233
84	116522	31317.9	2703	64	21447	22647	200013	3	2532	100283	100094	100372
85	96873.6	81072.7	1431	32	22658	23858	200013	2	1318	100442	100305
86	114153	110458	2723	66	21431	22631	200013	4	2548	100469	100472	100476	100458
87	133825	110967	2640	57	21497	22697	200013	4	2479	100406	100500	100133	100013
88	143776	59604.9	2555	35	30840	32340	200014	3	2361	100278	100082	100209
89	80955.4	3715.72	2508	64	30942	32442	200014	3	2329	100143	100166	100329
90	178482	10734.8	2481	60	30962	32462	200014	3	2309	100236	100054	100451
91	160992	32839.8	1941	19	31424	32924	200014	3	1844	100471	100185	100228
92	112043	28775.3	2517	51	30908	32408	200014	4	2360	100273	100335	100014	100106
93	118099	3911.21	1899	44	31513	33013	200014	2	1729	100074	100421
94	97389.3	110677	2657	65	18495	20295	200015	4	2484	100050	100370	100310	100015
95	1486.64	86445.6	2436	14	18619	20419	200015	4	2355	100127	100115	100034	100494
96	97950.8	90584	2153	66	19001	20801	200015	1	1809	100483
97	41735.4	73061.2	2251	19	18814	20614	200015	3	2165	100401	100256	100060
98	28376.2	68731	2025	66	19129	20929	200015	1	1681	100183
99	9545.89	106793	2702	6	18338	20138	200015	3	2633	100390	100468	100047
100	65480.1	126256	2456	55	18677	20477	200015	5	2299	100360	100367	100430	100324	100297
101	31983.6	42024.2	2673	54	31658	33458	200016	4	2456	100026	100016	100366	100484
102	39478.8	93321.9	2383	22	31887	33687	200016	4	2292	100287	100093	100314	100069
103	17240.1	30177.7	2541	53	31788	33588	200016	7	2388	100262	100200	100475	100191	100296	100254	100196
104	23495.8	104642	2052	32	32237	34037	200016	2	1872	100175	100202
105	4623.27	121054	2309	40	31996	33796	200016	2	2183	100125	100414
106	120909	129603	2695	52	29232	30432	200017	5	2547	100499	100244	100134	100302	100075
107	90937.7	152667	2169	8	29675	30875	200017	3	2099	100063	100103	100119
108	88845.1	107739	1411	13	30442	31642	200017	2	1329	100466	100255
109	125925	105470	2063	3	29771	30971	200017	2	2005	100334	100303
110	156119	133474	2517	4	29319	30519	200017	2	2460	100364	100017
111	71902.7	114739	2755	41	29151	30351	200017	3	2625	100338	100080	100242
112	130069	155327	2783	65	33669	34869	200018	4	2610	100426	100392	100188	100253
113	120014	179474	1406	41	35000	36200	200018	4	1274	100267	100219	100199	100498
114	148183	182015	2572	58	33867	35067	200018	4	2342	100234	100112	100232	100065
115	79699.6	195478	2806	45	33608	34808	200018	6	2653	100427	100300	100169	100497	100299	100018
116	102624	175340	2598	56	33837	35037	200018	5	2431	100412	100304	100261	100048	100477
117	188042	12459.2	2763	46	33053	34253	200019	4	2615	100395	100155	100479	100393
118	112005	5079.27	2681	64	33169	34369	200019	5	2505	100350	100298	100386	100456	100019
119	107870	44069.4	2597	24	33177	34377	200019	3	2502	100043	100277	100271
120	189479	42036.3	2464	43	33346	34546	200019	3	2333	100461	100100	100295
121	166505	55622.1	1830	54	34001	35201	200019	3	1675	100037	100452	100148
122	180551	205691	2433	65	22619	23219	200020	7	2255	100131	100311	100157	100187	100394	100020	100141
123	155043	185590	2476	34	22517	23117	200020	4	2362	100450	100320	100186	100098
124	184472	194731	1042	66	24012	24612	200020	1	698	100084
125	165993	176815	2782	61	22262	22862	200020	3	2606	100208	100327	100177
126	200880	144378	2796	36	22201	22801	200020	3	2678	100126	100415	100240
127	28289.1	137004	2336	52	20891	22091	200021	2	2164	100028	100218
128	88905.5	90859.9	2802	53	20427	21627	200021	3	2605	100053	100462	100089
129	65979.6	119870	2624	66	20630	21830	200021	4	2444	100224	100156	100042	100195
130	13187.9	121549	2834	61	20410	21610	200021	5	2531	100418	100474	100448	100400	100107
131	33829.1	52426.6	2691	30	20495	21695	200021	5	2560	100248	100102	100021	100113	100290
132	2345.79	85471	2659	64	20591	21791	200021	4	2483	100263	100039	100285	100066
133	46032.3	139691	2788	57	20449	21649	200021	6	2619	100061	100449	100402	100341	100249	100239
134	46147.9	42392	2775	46	20441	21641	200021	4	2630	100041	100163	100159	100317
135	109607	103299	2198	4	32638	34438	200022	1	2133	100022
136	95304.8	205816	2561	16	32298	34098	200022	4	2476	100467	100306	100434	100326
137	123340	121817	2243	42	32665	34465	200022	3	2020	100391	100275	100059
138	135467	138812	2537	5	32301	34101	200022	2	2470	100138	100336
139	78374.6	111884	1844	2	32988	34788	200022	1	1788	100231
140	56121.3	164723	1835	1	32995	34795	200022	1	1784	100376
141	110511	178634	2439	48	32481	34281	200022	4	2290	100044	100223	100058	100331
142	185532	200498	1447	66	35907	36807	200023	1	1103	100149
143	191972	175433	2508	53	34821	35721	200023	6	2347	100023	100339	100493	100027	100473	100378
144	190485	198088	1777	60	35566	36466	200023	5	1608	100212	100154	100031	100081	100029
145	210159	175629	2008	64	35342	36242	200023	3	1834	100146	100033	100374
146	158319	175535	2563	26	30215	31715	200024	3	2453	100490	100323	100144
147	202017	100476	2652	28	30130	31630	200024	4	2531	100315	100437	100294	100470
148	195088	207673	2741	58	30098	31598	200024	3	2485	100077	100365	100251
149	186833	135518	2274	66	30580	32080	200024	2	2099	100086	100276
150	177285	193818	2547	30	30239	31739	200024	5	2437	100485	100230	100413	100051	100087
151	194761	125783	2198	46	30618	32118	200024	3	2053	100024	100355	100118
152	71207.1	11447.5	2602	24	22672	23272	200025	4	2502	100165	100332	100459	100142
153	108996	45891.7	2083	12	23168	23768	200025	3	2006	100282	100436	100440
154	157809	16284.6	2267	65	23085	23685	200025	4	2039	100431	100260	100313	100083
155	122153	58695.1	2309	62	23037	23637	200025	2	2017	100073	100266
156	150178	38203.7	2658	63	22690	23290	200025	7	2478	100135	100383	100284	100025	100124	100145	100457
157	102056	34685.1	2217	60	23126	23726	200025	3	2045	100308	100403	100130
158	153581	18913.3	2421	66	22933	23533	200025	2	2215	100257	100289
DIMENSION: 159
SOLVETIME: 29.66
DEPOT_SECTION
1
-1
EOF
