SCHOOLNODENUMBER: 12
SCHNODE_COORD_SECTION
200001	151386	175292	940	1005	25
200002	83372.7	127486	630	655	25
200003	160893	122239	655	710	15
200004	76102.1	158347	715	745	30
200005	210581	9391.1	835	900	25
200006	87639.6	91642.2	510	535	25
200007	47516.3	55192.9	510	535	25
200008	185637	94897.2	550	600	10
200009	203685	156155	855	915	20
200010	127434	131250	825	840	15
200011	49765.8	22978.2	835	850	15
200012	119951	3190.52	840	855	15
MAX_RIDING_TIME: 2700
EDGE_WEIGHT_FORMAT: FUNCTION
EDGE_WEIGHT_TYPE: MAN_2D
NODE_COORD_TYPE: TWOD_COORDS
NODE_COORD_SECTION
0	105600	105600	0	0	0	0	0	0	0
1	202481	186879	2749	39	32154	33654	200001	4	2617	100324	100023	100001	100494
2	209115	180785	2686	56	32249	33749	200001	6	2428	100065	100171	100419	100232	100251	100366
3	172442	201973	2781	41	32125	33625	200001	6	2649	100400	100209	100131	100445	100320	100314
4	183473	150198	2266	30	32620	34120	200001	5	2135	100248	100198	100481	100025	100392
5	122830	180660	2833	58	32106	33606	200001	6	2668	100397	100284	100088	100450	100157	100018
6	129424	143612	2607	50	32317	33817	200001	4	2462	100301	100281	100059	100345
7	151888	191517	2748	58	32191	33691	200001	6	2580	100394	100432	100469	100484	100354	100446
8	105796	167137	2544	39	32359	33859	200001	3	2337	100105	100182	100305
9	139984	132612	2193	41	32713	34213	200001	2	2001	100390	100472
10	88408.6	125471	784	65	22768	24268	200002	2	512	100068	100055
11	99640.2	113808	1265	44	22247	23747	200002	1	1020	100024
12	115282	122360	1498	42	22010	23510	200002	1	1262	100465
13	72784.2	77302.9	2829	58	20710	22210	200002	6	2591	100357	100233	100370	100451	100169	100154
14	83633.1	68640.4	2783	51	20742	22242	200002	3	2626	100495	100421	100414
15	109380	150149	2829	62	20717	22217	200002	4	2584	100149	100374	100119	100137
16	100402	171753	2806	59	20735	22235	200002	6	2610	100294	100460	100369	100234	100300	100162
17	54151.1	107796	2561	65	20991	22491	200002	4	2380	100382	100355	100410	100497
18	41699.4	117724	2774	54	20757	22257	200002	8	2622	100187	100330	100309	100244	100064	100348	100206	100083
19	56587.7	162686	2783	64	20767	22267	200002	5	2508	100053	100261	100138	100258	100186
20	118430	100069	2653	59	20888	22388	200002	4	2491	100038	100262	100177	100143
21	71183.7	154119	1668	62	21878	23378	200002	2	1433	100100	100276
22	102947	135116	1626	60	21917	23417	200002	4	1392	100145	100361	100140	100002
23	100076	128077	1716	63	21832	23332	200002	3	1531	100161	100434	100462
24	109809	108280	1935	55	21598	23098	200002	2	1674	100201	100418
25	204459	106577	2340	53	22689	23589	200003	3	2112	100219	100113	100130
26	121862	139893	2671	49	22351	23251	200003	2	2520	100376	100409
27	142574	150221	2047	62	22999	23899	200003	3	1745	100228	100103	100474
28	139880	164164	2633	42	22375	23275	200003	5	2434	100455	100104	100133	100496	100015
29	159799	72727.9	2567	48	22453	23353	200003	5	2343	100013	100017	100179	100099	100106
30	201342	109295	2164	66	22890	23790	200003	1	1820	100347
31	131378	104906	2750	64	22300	23200	200003	5	2568	100317	100082	100263	100199	100029
32	148553	87431.3	2733	65	22319	23219	200003	4	2557	100003	100323	100194	100208
33	188007	110832	2720	61	22324	23224	200003	4	2508	100168	100316	100166	100468
34	172865	153359	1813	66	23241	24141	200003	1	1469	100500
35	154823	122078	2551	55	22482	23382	200003	4	2394	100264	100081	100047	100380
36	179871	144609	2842	64	22208	23108	200003	3	2606	100362	100176	100196
37	102271	126395	2721	39	22282	23182	200003	4	2589	100214	100373	100180	100439
38	133097	129010	2662	49	22360	23260	200003	4	2516	100379	100403	100071	100117
39	137335	146753	2205	64	22845	23745	200003	3	2005	100293	100331	100129
40	116666	114328	1888	10	23060	23960	200003	2	1798	100042	100175
41	15543.9	155665	2439	9	23707	25507	200004	3	2364	100337	100094	100139
42	129189	148853	2792	36	23405	25205	200004	2	2653	100329	100026
43	106721	190211	2721	15	23436	25236	200004	5	2638	100019	100271	100239	100452	100152
44	61577.7	203264	2779	29	23405	25205	200004	5	2663	100147	100292	100110	100146	100164
45	47370.8	141474	2665	12	23486	25286	200004	4	2588	100402	100115	100459	100420
46	79405.3	132752	1221	16	24938	26738	200004	4	1130	100401	100046	100052	100430
47	87018.3	197962	2049	54	24182	25982	200004	3	1886	100475	100238	100004
48	66150.9	135545	2794	45	23420	25220	200004	6	2630	100014	100423	100098	100035	100230	100142
49	89467.8	161855	919	66	25335	27135	200004	1	575	100350
50	159816	10288.3	2760	65	28292	29792	200005	6	2582	100327	100291	100287	100178	100334	100297
51	188587	48556.5	2511	65	28541	30041	200005	3	2338	100267	100352	100371
52	204027	62385.9	2612	65	28440	29940	200005	4	2353	100190	100412	100050	100349
53	184654	28009.4	2054	65	28998	30498	200005	3	1876	100101	100415	100411
54	156039	14341.3	2815	62	28231	29731	200005	5	2619	100363	100108	100313	100155	100289
55	188258	28499.3	1978	61	29066	30566	200005	4	1813	100226	100269	100275	100433
56	195148	39582.8	1943	64	29107	30607	200005	4	1676	100356	100073	100499	100493
57	197875	31107	1549	65	29503	31003	200005	3	1295	100160	100005	100039
58	170780	30452.4	2456	66	28598	30098	200005	3	2213	100086	100224	100093
59	195536	19722.8	1239	63	29809	31309	200005	2	935	100221	100087
60	210871	10839.1	403	66	30651	32151	200005	1	59	100444
61	119282	121252	2654	54	16077	17577	200006	5	2473	100335	100165	100492	100159	100006
62	102588	108951	1372	42	17336	18836	200006	3	1160	100066	100440	100272
63	97963.6	42720.3	2363	66	16391	17891	200006	1	2019	100188
64	66743.5	129891	2466	56	16269	17769	200006	5	2268	100310	100250	100134	100351	100487
65	41641.6	82571.5	2370	64	16380	17880	200006	5	2188	100426	100333	100260	100307	100299
66	110399	64329.4	2744	15	15913	17413	200006	3	2655	100404	100417	100471
67	57072	115115	2231	64	16519	18019	200006	4	2049	100405	100338	100441	100252
68	57776.1	63197.4	2512	66	16242	17742	200006	3	2326	100030	100225	100437
69	130778	97792.8	2024	66	16730	18230	200006	1	1680	100021
70	67046.1	113846	1802	66	16952	18452	200006	1	1458	100389
71	73065.2	119480	1789	66	16965	18465	200006	1	1445	100220
72	119589	95048.6	2715	66	16039	17539	200006	5	2535	100290	100069	100254	100192	100148
73	87862.9	41181.6	2721	48	15999	17499	200006	4	2569	100365	100326	100256	100151
74	82918	147660	2828	54	15903	17403	200006	3	2554	100058	100408	100431
75	57069.8	6000.75	2728	29	15956	17456	200007	5	2618	100422	100183	100435	100442	100454
76	20052.7	89431.1	2501	65	16251	17751	200007	4	2221	100007	100090	100482	100286
77	91716.4	41906.4	2764	25	15912	17412	200007	3	2625	100456	100218	100480
78	26372.5	20256.6	2670	46	16046	17546	200007	5	2525	100061	100193	100478	100311	100298
79	96280.2	56056.2	1820	8	16824	18324	200007	2	1750	100063	100057
80	52439.8	10875.5	2022	66	16732	18232	200007	1	1678	100156
81	9240.5	65862.5	2406	47	16312	17812	200007	4	2264	100089	100102	100028	100429
82	47643.5	26451.8	2829	60	15914	17414	200007	3	2657	100034	100243	100054
83	63964	76033.4	1997	12	16654	18154	200007	4	1925	100358	100092	100060	100040
84	46903.6	74964.7	2701	60	16042	17542	200007	4	2534	100016	100144	100453	100416
85	143617	105132	2357	49	18765	19365	200008	6	2206	100341	100091	100464	100253	100332	100097
86	195993	44171.2	2553	19	18512	19112	200008	5	2462	100342	100132	100476	100413	100483
87	193150	146306	2601	50	18523	19123	200008	5	2445	100200	100032	100436	100222	100181
88	129792	101851	2625	54	18506	19106	200008	4	2462	100473	100236	100210	100116
89	174590	105234	2450	29	18634	19234	200008	4	2337	100489	100027	100438	100211
90	157570	114911	2693	54	18438	19038	200008	5	2541	100202	100033	100205	100283	100045
91	176355	62243.6	2550	65	18602	19202	200008	5	2374	100388	100195	100036	100080	100126
92	198684	55967.6	2780	43	18330	18930	200008	4	2649	100241	100031	100207	100466
93	157205	77516.2	2044	62	19102	19702	200008	4	1848	100479	100037	100008	100174
94	146622	158175	2792	57	29445	30645	200009	5	2631	100344	100084	100020	100009	100285
95	204712	130386	1472	49	30750	31950	200009	3	1318	100391	100158	100074
96	209781	193064	2543	49	29679	30879	200009	4	2389	100077	100242	100364	100173
97	177003	176374	2035	64	30215	31415	200009	3	1864	100078	100062	100266
98	177753	189983	2830	62	29416	30616	200009	3	2600	100398	100235	100485
99	194107	102388	2529	51	29696	30896	200009	4	2287	100288	100406	100308	100384
100	168996	169204	2264	59	29977	31177	200009	4	2050	100213	100491	100463	100277
101	168963	139704	2196	53	30033	31233	200009	4	2038	100498	100486	100340	100477
102	193439	194767	2181	66	30073	31273	200009	5	1995	100319	100461	100107	100424	100049
103	187715	111440	2403	56	29832	31032	200009	3	2242	100273	100125	100353
104	206974	154482	513	66	31741	32941	200009	1	169	100339
105	149210	171111	2800	40	27605	28505	200010	5	2669	100111	100237	100378	100282	100240
106	146787	99275.3	2829	65	27623	28523	200010	5	2648	100215	100359	100128	100399	100443
107	165937	111310	2814	56	27621	28521	200010	7	2658	100153	100189	100383	100136	100302	100010	100255
108	74358.4	135959	2486	57	27951	28851	200010	4	2325	100212	100312	100295	100490
109	103220	137604	2593	50	27831	28731	200010	3	2391	100428	100306	100467
110	164187	151541	2789	44	27623	28523	200010	3	2651	100231	100488	100112
111	127189	75554	2322	30	28064	28964	200010	4	2215	100217	100449	100268	100304
112	100092	97228.3	2541	63	27907	28807	200010	5	2348	100096	100135	100043	100372	100223
113	85053	116012	2547	58	27892	28792	200010	5	2379	100259	100387	100127	100022	100328
114	91266.1	8883.21	2563	28	28419	29319	200011	5	2457	100167	100385	100051	100257	100184
115	75917.7	43061.4	2642	62	28404	29304	200011	4	2467	100185	100170	100124	100011
116	89631.8	40330.9	2604	65	28448	29348	200011	5	2363	100120	100048	100245	100318	100296
117	73952.9	20378	2238	66	28816	29716	200011	5	2063	100322	100457	100343	100067	100447
118	32095.3	35578.6	2272	62	28774	29674	200011	8	2094	100386	100072	100377	100141	100229	100315	100427	100150
119	66124	34169.5	1283	66	29771	30671	200011	1	939	100249
120	22743.5	5992.49	2719	53	28310	29210	200011	4	2564	100123	100448	100075	100118
121	52393.2	2618.94	2801	61	28243	29143	200011	6	2625	100368	100278	100396	100346	100325	100114
122	76016	13071.8	2070	42	29238	30138	200012	1	1834	100085
123	65544	7047.95	2430	57	28907	29807	200012	3	2134	100041	100203	100274
124	155584	22863.2	2682	48	28638	29538	200012	5	2541	100095	100458	100246	100172	100265
125	107348	48737.6	2697	66	28657	29557	200012	5	2517	100070	100044	100395	100360	100470
126	96951.2	27988.5	2226	51	29099	29999	200012	5	2077	100303	100321	100122	100270	100367
127	61079.8	7339.77	2366	34	28927	29827	200012	2	2218	100381	100280
128	137294	21826	2175	65	29177	30077	200012	5	1947	100336	100163	100191	100076	100407
129	164016	7956.91	2740	32	28549	29449	200012	5	2619	100012	100247	100216	100204	100227
130	118374	54069.5	2063	26	29215	30115	200012	3	1912	100197	100393	100109
131	133894	48995.4	2470	58	28869	29769	200012	6	2307	100079	100425	100121	100279	100056	100375
DIMENSION: 132
SOLVETIME: 50.711
DEPOT_SECTION
1
-1
EOF
