SCHOOLNODENUMBER: 50
SCHNODE_COORD_SECTION
200001	112500	205625	1020	1040	20
200002	129858	180616	725	750	25
200003	66479	77185	930	940	10
200004	200384	48096.4	940	950	10
200005	111140	184851	615	630	15
200006	205567	191135	1035	1045	10
200007	159907	69734	705	735	30
200008	198850	113628	700	710	10
200009	43429.8	75708.9	520	540	20
200010	180996	31898.8	820	840	20
200011	78010	66530.5	910	940	30
200012	100930	27425.6	500	530	30
200013	76392.2	70146.5	1030	1040	10
200014	199766	70713.7	1015	1045	30
200015	180242	104636	855	910	15
200016	8379.16	71680.5	845	910	25
200017	134911	30519.5	605	635	30
200018	11531	167551	535	600	25
200019	174712	63114.4	815	840	25
200020	64596.9	192386	725	735	10
200021	139320	44009.9	740	805	25
200022	54438.8	17808.9	520	530	10
200023	200597	6245.69	930	945	15
200024	58634.8	131340	1030	1055	25
200025	31821.5	132197	740	810	30
200026	3080.95	129110	915	940	25
200027	9719.82	104327	1040	1100	20
200028	85235.4	191780	720	745	25
200029	14089.9	171882	900	925	25
200030	62121.8	52472.9	620	630	10
200031	49005.2	132049	545	615	30
200032	148775	103122	755	805	10
200033	151257	27064.7	1020	1040	20
200034	147873	203949	925	935	10
200035	8392.05	22939.6	955	1005	10
200036	189717	209015	715	745	30
200037	187113	103380	925	940	15
200038	125913	95767.4	720	745	25
200039	114511	1321.32	1000	1010	10
200040	110959	120918	855	920	25
200041	204110	1656.49	535	605	30
200042	48695.8	158012	935	945	10
200043	101046	80749.3	510	525	15
200044	15495	117302	530	545	15
200045	16158.9	128349	930	950	20
200046	181931	180945	610	620	10
200047	79950.1	195963	955	1010	15
200048	21553.8	8450.06	830	850	20
200049	39852.6	137915	920	935	15
200050	186185	80659.1	645	655	10
MAX_RIDING_TIME: 2700
EDGE_WEIGHT_FORMAT: FUNCTION
EDGE_WEIGHT_TYPE: MAN_2D
NODE_COORD_TYPE: TWOD_COORDS
NODE_COORD_SECTION
0	105600	105600	0	0	0	0	0	0	0
1	134227	179550	2798	65	34554	35754	200001	6	2617	101225	101399	100464	101545	100509	100543
2	105013	186666	2738	52	34589	35789	200001	7	2582	101323	100361	100702	101618	100658	100875	100077
3	152929	183388	2656	66	34698	35898	200001	4	2481	101807	101297	100819	100443
4	64294.4	191267	2779	42	34529	35729	200001	5	2645	100001	100219	101306	100987	100595
5	97459.4	163199	2428	66	34926	36126	200001	4	2248	101817	101449	100408	101234
6	76687.8	178163	2784	46	34532	35732	200001	5	2639	101851	100999	101001	100102	101520
7	108007	190733	2782	64	24068	25568	200002	6	2600	101052	100976	101855	101096	100544	101576
8	169256	159319	2746	42	24062	25562	200002	5	2614	101580	100792	101383	101188	101325
9	137956	128743	2550	43	24260	25760	200002	4	2416	100589	101551	100655	101712
10	104832	210113	2198	61	24646	26146	200002	2	1957	100152	101462
11	120626	127642	2657	64	24193	25693	200002	5	2486	101210	100002	101000	100333	101069
12	156153	207225	2142	61	24702	26202	200002	2	1914	101214	100769
13	80508.5	171789	2250	45	24564	26064	200002	2	2107	100442	101073
14	105503	144122	2448	61	24396	25896	200002	4	2283	100587	100747	100128	101997
15	163696	174564	1761	57	25076	26576	200002	3	1592	100708	100525	100926
16	99407.5	148361	2596	63	24252	25752	200002	3	2312	101832	100371	101047
17	94085.4	183790	2731	65	24121	25621	200002	4	2404	100084	100211	100980	101900
18	46366.1	41129.5	2268	64	32082	32682	200003	2	1990	101583	100117
19	65701.2	135762	2759	48	31561	32161	200003	3	2607	100074	100195	101861
20	87362.1	60248.9	2759	66	31595	32195	200003	3	2576	101478	101189	100694
21	78113.3	36540.4	2116	56	32219	32819	200003	3	1825	100863	101791	100785
22	61882.3	35798.2	1944	59	32397	32997	200003	2	1696	100216	101942
23	88579.6	68344.3	2672	48	31648	32248	200003	2	2526	100632	100003
24	61316	88734.4	2772	57	31565	32165	200003	6	2609	100162	100239	101011	101876	100449	100193
25	60824.9	76429.8	2685	63	31663	32263	200003	4	2435	101005	100051	101481	101455
26	94479.6	99486.8	2460	57	31877	32477	200003	4	2247	101321	101328	100721	100461
27	127863	77185	2758	40	31547	32147	200003	2	2627	101290	101456
28	165283	20421.9	2685	48	32235	32835	200004	3	2539	100570	100666	100790
29	153954	35470.4	2820	55	32113	32713	200004	4	2632	100377	101111	100786	100843
30	173561	76009	2105	43	32805	33405	200004	1	1865	100995
31	154573	47690.9	2835	57	32102	32702	200004	3	2640	100271	100087	101705
32	201967	92948.7	2759	65	32193	32793	200004	7	2586	101634	101510	101945	100988	101707	100144	100004
33	168894	52869	2416	65	32536	33136	200004	6	2238	101615	101883	101687	101393	100659	101158
34	207861	1352.84	2772	52	32155	32755	200004	7	2574	101559	101797	101447	100642	100114	101621	100158
35	175288	85313.7	2658	66	32296	32896	200004	4	2415	100409	100203	101703	101428
36	186216	17846.1	2725	66	32229	32829	200004	5	2435	100400	101803	101904	100479	100353
37	196721	70272.1	2451	65	32501	33101	200004	4	2192	101939	100905	101271	101640
38	136428	170597	2780	41	19826	20726	200005	4	2606	100793	101159	101627	100364
39	51803.8	181170	2595	45	20019	20919	200005	2	2455	100979	101239
40	164822	175250	2705	57	19932	20832	200005	3	2547	100516	100641	100695
41	121441	143367	2484	46	20132	21032	200005	4	2344	101604	100294	101613	101080
42	145445	158022	2446	62	20200	21100	200005	3	2268	101573	100597	100368
43	104940	155468	2479	66	20175	21075	200005	5	2226	101897	100005	101721	101949	100527
44	80476.8	162572	2797	39	19806	20706	200005	4	2592	100467	100270	101308	100291
45	84947.1	167202	2731	61	19913	20813	200005	5	2553	100282	100637	101998	100773	101909
46	148569	203818	2772	61	19872	20772	200005	6	2552	101941	100497	101958	101971	100165	100991
47	174059	185424	2779	59	35462	36062	200006	4	2583	101222	100256	101526	101524
48	196022	141053	2376	66	35878	36478	200006	1	2032	100503
49	168535	171955	2399	61	35845	36445	200006	4	2229	100090	101013	101153	101331
50	183440	165019	2334	32	35855	36455	200006	6	2203	101235	100751	101160	101799	101398	101831
51	181636	199815	2683	66	35571	36171	200006	5	2508	101641	101602	100523	101667	100573
52	148367	196210	2633	61	35611	36211	200006	3	2421	100674	101125	101622
53	189862	144214	2696	66	35558	36158	200006	6	2516	100006	100473	100633	100127	100870	100840
54	204709	176239	881	66	37373	37973	200006	1	537	101932
55	165629	172212	2553	66	35701	36301	200006	5	2373	100389	101030	100907	101749	100249
56	155976	116368	2791	52	22836	24636	200007	2	2578	100638	101107
57	151581	120128	2735	6	22805	24605	200007	2	2674	101443	100207
58	138473	61159.3	2666	66	22988	24788	200007	3	2405	101295	100410	100679
59	148423	69021.6	895	65	24757	26557	200007	3	607	101485	100533	101978
60	123921	59260.7	1959	65	23693	25493	200007	3	1705	101944	101469	101172
61	111558	59307.2	2811	63	22837	24637	200007	2	2585	101174	101599
62	119134	74079.8	2406	65	23246	25046	200007	4	2142	100759	100218	101288	100329
63	184395	74338.3	2833	66	22821	24621	200007	5	2598	101902	100660	100421	101074	101511
64	181548	109349	2351	40	23254	25054	200007	3	2217	101365	101858	100474
65	174221	44074.9	2786	48	22834	24634	200007	5	2634	101662	100301	100650	101568	101070
66	185986	82721.1	2084	45	23530	25330	200007	4	1946	101348	100007	100381	101824
67	102412	69732.2	2562	62	23084	24884	200007	3	2384	100098	100664	101839
68	157064	103839	2120	66	23234	23834	200008	2	1934	101223	100560
69	197647	59170.2	2682	13	22571	23171	200008	4	2600	100092	100845	100974	101300
70	162827	95772.1	2735	62	22611	23211	200008	5	2560	101495	101805	101143	101823	100241
71	193192	164805	2632	35	22663	23263	200008	5	2469	100426	100558	101991	101966	101007
72	184791	94417.5	2143	66	23211	23811	200008	2	1900	100873	100142
73	183421	67988.7	2531	66	22823	23423	200008	5	2296	101694	101967	101683	100795	100231
74	162566	138653	2646	55	22687	23287	200008	3	2492	101975	101780	101843
75	142563	117619	2354	52	22973	23573	200008	2	2078	100359	100395
76	150499	113628	2464	59	22877	23477	200008	3	2242	100899	100196	101090
77	181558	110535	1006	55	24327	24927	200008	2	719	100008	100657
78	190725	105021	2318	66	23036	23636	200008	6	2138	101375	101140	101101	101200	100965	101497
79	57320.5	86772.5	2776	63	16572	17772	200009	2	2604	101104	100257
80	68125.3	101409	2103	22	17167	18367	200009	3	1981	100699	101961	101898
81	71159.2	44171.9	2377	65	16975	18175	200009	2	2071	101605	100116
82	33644.6	52158.5	2771	35	16524	17724	200009	3	2647	101598	100866	101072
83	50676.7	29290.7	2505	51	16820	18020	200009	5	2354	101380	101988	101918	101362	101396
84	28884.9	120473	2595	10	16653	17853	200009	3	2526	101649	101084	100881
85	39905.6	110212	1460	26	17818	19018	200009	1	1296	100325
86	5779.74	68974.5	2587	64	16763	17963	200009	6	2408	100953	101779	101345	101595	100609	101773
87	22068.3	101239	2778	52	16549	17749	200009	8	2625	100214	101053	100966	100362	100009	101337	101671	100567
88	88745	72899	2761	39	16542	17742	200009	5	2634	101793	101201	101063	100254	101067
89	11528	101116	2714	31	16573	17773	200009	3	2559	101015	101659	100186
90	97225.5	84840.8	2655	62	16691	17891	200009	4	2436	100967	100997	100206	100928
91	142723	11632.3	2394	66	27760	28960	200010	4	2065	100617	100136	101217	101848
92	135276	29062.3	2099	58	28040	29240	200010	3	1931	100255	101211	101912
93	155231	55165.9	2703	53	27426	28626	200010	6	2522	101050	100106	101775	100300	101287	100731
94	177077	21434.7	2229	66	27925	29125	200010	3	2051	100552	101144	100088
95	209542	46311.6	2455	55	27678	28878	200010	5	2293	100654	101808	101258	101888	100185
96	201626	2142.72	2742	61	27402	28602	200010	5	2569	100471	101249	100990	101753	101019
97	177547	72819.7	2373	64	27777	28977	200010	3	2155	101834	100880	100156
98	150147	40580.8	1954	28	28128	29328	200010	5	1799	101893	100691	101570	100010	101371
99	86022.8	82518.9	1157	61	31987	33787	200011	2	940	100730	100365
100	77662.2	12596.2	2502	58	30637	32437	200011	2	2266	100767	100052
101	114941	85245.3	2739	62	30407	32207	200011	5	2567	100700	100451	100441	100118	101955
102	132077	74239.2	2486	62	30660	32460	200011	4	2314	101167	101908	100308	101109
103	47635	51474.3	2804	58	30335	32135	200011	4	2644	100228	101742	101628	101920
104	53485.3	29780.7	2529	52	30598	32398	200011	6	2381	101492	101294	100392	100170	100382	101669
105	66906.4	109614	2666	22	30404	32204	200011	4	2575	101673	100326	100476	101661
106	132421	66530.5	2735	53	30394	32194	200011	5	2554	100826	100614	101433	101354	100011
107	96246.3	26686.6	2541	60	30602	32402	200011	4	2366	100733	101725	101108	100993
108	111938	52051.8	2097	63	16051	17851	200012	5	1923	100233	101286	101326	101071	101169
109	65512.3	12858	2639	49	15483	17283	200012	7	2485	100835	101056	100825	101982	100728	101253	101314
110	146369	27425.6	2392	60	15751	17551	200012	4	2158	101714	100549	100390	100289
111	68650.2	53134.2	2847	66	15307	17107	200012	5	2664	100058	101579	100709	100771	101426
112	145652	29009.7	2295	64	15855	17655	200012	4	2038	100012	101137	101245	101381
113	108924	4766.19	2682	58	15457	17257	200012	5	2522	101100	100161	100531	101859	101782
114	97117.4	24219.7	2657	60	15486	17286	200012	7	2493	100904	100743	101311	101686	101874	101798	101437
115	75246.4	31425.8	1355	66	16799	18599	200012	1	1011	100320
116	124043	4683.45	2839	58	15300	17100	200012	5	2624	100283	100488	100345	101198	100774
117	79003	59659.4	2329	53	15800	17600	200012	4	2168	100756	101864	100398	100220
118	91420.1	78443.1	1044	41	36862	37462	200013	2	917	100960	101535
119	87921.3	23715.5	2336	45	35578	36178	200013	4	2123	101024	101042	101866	100599
120	76644.9	13034.2	2261	50	35663	36263	200013	2	1994	100318	101269
121	77751.3	98059.5	1848	65	36104	36704	200013	5	1670	101232	101461	101636	100690	100132
122	119467	77458.4	2503	54	35428	36028	200013	4	2239	100103	101774	101498	101664
123	115819	70146.5	2853	66	35101	35701	200013	4	2618	101957	101582	101951	100504
124	60209	99768.4	2485	66	35469	36069	200013	5	2286	100629	101434	101057	101486	100877
125	107260	53461	2118	66	35836	36436	200013	4	1826	101868	100585	100601	100818
126	63166.9	23938.5	2530	30	35356	35956	200013	5	2420	101833	101206	101907	102000	100454
127	28327.2	79182.1	2754	14	35101	35701	200013	5	2667	100929	100745	101901	100013	100076
128	135333	67538	2678	57	35259	35859	200013	5	2515	100306	101422	101691	100634	100719
129	185554	117237	2532	66	34522	36322	200014	2	2354	101097	100182
130	160358	72108.3	2834	58	34205	36005	200014	4	2663	101953	101674	100868	100805
131	156312	55179.3	2733	65	34319	36119	200014	4	2552	100423	101451	100266	100346
132	154394	78414.2	2324	59	34717	36517	200014	4	2133	100579	101886	101917	100460
133	201379	30238.2	2569	54	34462	36262	200014	5	2417	101769	101025	100816	100315	100450
134	168898	95021.6	2649	58	34390	36190	200014	4	2481	101657	101415	101272	100761
135	161691	95722.1	2693	65	34359	36159	200014	4	2515	100645	101368	100775	100014
136	177140	57474.5	2788	64	34262	36062	200014	3	2606	100413	100380	101266
137	153978	75809.8	2733	43	29477	30377	200015	2	2565	101363	100688
138	162761	62564.3	2660	66	29594	30494	200015	4	2482	100258	101046	101513	100810
139	204017	66999.8	2464	60	29779	30679	200015	4	2300	100724	101141	101800	101320
140	145123	120521	2426	56	29809	30709	200015	4	2259	100753	101082	101395	100619
141	167334	115686	2538	55	29695	30595	200015	4	2332	100412	101132	100213	100015
142	180424	63643.3	2666	57	29571	30471	200015	5	2508	100653	101558	101879	100867	100886
143	169795	131790	2711	62	29535	30435	200015	5	2536	101592	101423	100436	101480	101411
144	193552	122787	2693	43	29517	30417	200015	7	2551	101543	100749	101518	100788	101746	101146	101442
145	130841	101572	2743	45	29471	30371	200015	3	2597	101440	101156	100154
146	29339.8	113504	2429	41	29177	30677	200016	4	2297	100802	101776	101650	101145
147	45119.7	52652.9	2305	50	29319	30819	200016	5	2108	101242	101087	100080	101972	101556
148	2280.07	16766.5	2828	66	28826	30326	200016	6	2598	101094	101439	100149	100821	100830	100487
149	26584.2	90981.8	2233	64	29417	30917	200016	6	2057	100212	100075	100577	101018	101666	101022
150	17213.6	31819.5	2196	63	29452	30952	200016	4	1884	100541	100972	100081	101226
151	40258.1	82195	2230	63	29418	30918	200016	3	2058	100938	100744	100871
152	43827.4	47797	2744	58	28895	30395	200016	4	2579	101533	101026	101157	101036
153	710.7	123824	2813	58	28826	30326	200016	7	2642	100016	101435	100159	101009	101794	101614	101048
154	67875	74379.2	2676	58	28963	30463	200016	5	2448	101581	100140	100639	101903	101270
155	122865	80936.8	2387	26	19591	21391	200017	4	2264	100323	100978	101448	100115
156	150075	5465.88	2673	35	19322	21122	200017	5	2549	101106	100635	101943	100834	101547
157	143597	73570	2779	38	19222	21022	200017	4	2649	100511	100108	100056	100583
158	174186	10179.2	2543	48	19477	21277	200017	7	2332	101291	101430	100607	100831	101557	101410	100715
159	126444	63371.9	2423	63	19625	21425	200017	4	2181	100017	100794	101459	101762
160	134106	91143.8	2471	34	19522	21322	200017	2	2346	101329	101651
161	103342	37034.6	2299	59	19742	21542	200017	4	2064	101663	101732	101279	100811
162	108555	51510.4	1989	65	20063	21863	200017	3	1740	100489	100518	101218
163	290.12	152503	1259	66	18995	20495	200018	2	920	101219	101284
164	25068.2	133906	2152	47	18066	19566	200018	6	2005	101117	100176	101586	101263	100417	100714
165	45.75	124217	2235	53	17994	19494	200018	2	2028	101264	100465
166	15436.2	207500	2659	38	17542	19042	200018	7	2516	100350	101642	101155	101764	101215	100457	101593
167	8161.77	109024	2472	64	17778	19278	200018	2	2150	101507	100798
168	32310	164213	2731	52	17496	18996	200018	6	2572	100678	100663	100157	100018	101282	100290
169	56203.9	168748	2100	64	18150	19650	200018	4	1918	101884	100297	100244	100478
170	45687.1	185627	2807	45	17407	18907	200018	6	2667	101438	101629	101744	101199	101508	100432
171	10220.2	169869	467	66	19787	21287	200018	1	123	101680
172	42741.8	136753	2525	24	17649	19149	200018	6	2417	101419	100411	101292	100529	100226	101390
173	199340	28900.4	2715	14	27040	28540	200019	4	2631	100129	101835	101706	100456
174	187043	20674.4	2810	59	27031	28531	200019	6	2645	100055	100054	101758	101922	100069	100433
175	149951	96879.1	2411	34	27382	28882	200019	5	2237	100858	101804	100625	101690	100100
176	150668	30926.9	2260	66	27594	29094	200019	1	1916	100680
177	154793	34380.7	2391	16	27368	28868	200019	2	2285	101302	101208
178	176973	97141.8	2022	45	27792	29292	200019	5	1876	100787	100251	101135	100924	100370
179	204174	86580.3	2336	32	27453	28953	200019	9	2218	100850	100605	100706	101552	101501	101493	101959	101412	101905
180	186009	90997.9	2818	60	27025	28525	200019	3	2651	101313	101197	100113
181	138110	88249.3	2381	6	27359	28859	200019	2	2312	101597	100019
182	44701.8	149908	2507	66	24347	24947	200020	3	2189	100878	101608	100530
183	47058.6	167086	2562	40	24243	24843	200020	5	2431	100842	101996	101116	101637	100181
184	94730.2	162601	2479	52	24348	24948	200020	5	2328	101890	100146	100279	100971	101045
185	112433	182954	2731	54	24100	24700	200020	5	2571	100177	100722	100107	101626	101617
186	36288.8	208673	2469	64	24381	24981	200020	7	2254	101122	100556	100151	101892	101251	101035	100383
187	13429.6	196531	2648	60	24195	24795	200020	4	2481	100138	100481	100854	100796
188	25896.7	168728	2583	56	24252	24852	200020	4	2367	101040	100360	101076	100311
189	89645.3	188362	1941	64	24909	25509	200020	4	1676	101505	100335	100020	100065
190	86682.2	206157	1882	59	24959	25559	200020	5	1717	101983	100153	100372	101841	100611
191	76614.7	143986	2644	37	24155	24755	200020	7	2521	100791	100681	100520	101236	100406	101616	101915
192	161524	44403.1	2218	66	25536	27036	200021	4	1978	101347	100455	101862	101530
193	111548	38533.4	2619	61	25125	26625	200021	4	2425	100935	100989	101128	100897
194	147415	1980.99	2101	49	25621	27121	200021	3	1846	101034	101165	101391
195	106079	19858.8	2732	52	24995	26495	200021	2	2581	100490	101919
196	128733	50100.9	2615	65	25137	26637	200021	3	2434	101692	101934	101250
197	100485	63688.2	2437	20	25230	26730	200021	3	2349	100998	101138	101977
198	105964	53397.1	1760	53	25969	27469	200021	2	1482	100227	100958
199	128503	93110	2355	55	25378	26878	200021	2	2180	101191	100424
200	131904	77674.9	2582	62	25164	26664	200021	2	2342	100959	101715
201	175870	50214.3	2779	30	24907	26407	200021	4	2669	101796	100175	101719	101631
202	142729	95310.2	2168	53	25561	27061	200021	2	1893	100405	101836
203	157455	65008.3	2594	48	25126	26626	200021	5	2453	100908	101906	101491	101407	100021
204	155724	8038.76	2741	58	24998	26498	200021	3	2498	100264	100757	101376
205	79595.9	13491.4	1360	55	17973	18573	200022	3	1141	100147	101693	101555
206	31572.7	54750.5	2397	65	16955	17555	200022	2	2213	100528	101261
207	83969.2	42435.7	2279	60	17064	17664	200022	5	1995	100646	100376	101244	100446	101177
208	103129	24751	2558	66	16796	17396	200022	5	2323	101935	100931	100807	100348	101460
209	9303.71	27469.7	2212	62	17134	17734	200022	2	2042	100453	101126
210	97472.5	6922.34	2835	64	16515	17115	200022	2	2575	100277	100338
211	45791	40286.4	2180	51	17145	17745	200022	5	2034	100942	100022	100336	101500	101745
212	24946.7	4781.37	2417	63	16931	17531	200022	5	2191	101527	100598	101643	100955	101179
213	66221.5	57663.4	2305	63	17043	17643	200022	7	2128	100540	101873	101502	101963	100705	101130	101374
214	166635	35346.1	2738	56	31597	32497	200023	4	2582	101571	100143	100155	101361
215	153141	4144.04	2432	59	31909	32809	200023	6	2270	101032	101947	100145	101051	100696	101016
216	176404	16676.7	2746	65	31606	32506	200023	5	2573	100427	100701	100437	100097	100366
217	202819	34282.9	2177	61	32167	33067	200023	7	2009	100913	100505	101241	101446	100387	100204	100887
218	204854	56771.9	2358	57	31979	32879	200023	3	2189	100672	101697	101954
219	190837	44916.1	2354	65	31998	32898	200023	7	2176	100023	100651	101029	100547	100354	101499	100927
220	161910	23744.5	2685	60	31658	32558	200023	6	2521	100313	101772	100778	100448	100738	100764
221	4288.7	125059	2733	35	35162	36662	200024	4	2557	101512	101827	100278	100519
222	87713.5	162694	2623	53	35306	36806	200024	5	2473	101517	100537	100420	101343	101378
223	73236.5	115874	1279	42	36629	38129	200024	2	1056	100535	100060
224	28057.4	159951	2379	66	35575	37075	200024	2	2175	100859	100024
225	75017.1	87607.7	2520	44	35392	36892	200024	4	2387	101925	100667	101619	100500
226	64355.5	172784	2768	64	35182	36682	200024	6	2586	100912	100192	100944	101150	100872	101563
227	39620.6	166144	2548	52	35379	36879	200024	7	2395	100606	100109	101105	101828	100594	101529	101463
228	96816.4	133370	1979	61	35965	37465	200024	4	1759	101353	100347	100267	100133
229	98147.4	135553	1894	57	36043	37543	200024	3	1712	101838	101055	100661
230	67092.3	87429.1	2833	55	35100	36600	200024	4	2572	100947	100057	101324	101187
231	45211.9	105138	2640	61	35304	36804	200024	3	2381	101509	101766	100493
232	58996.1	111710	2008	63	25740	27540	200025	4	1748	101682	101562	100900	100194
233	9235.07	142414	2783	55	24950	26750	200025	3	2629	101585	100141	100631
234	39206	125647	1815	65	25937	27737	200025	3	1634	101453	101496	100351
235	48414.3	126232	2280	62	25466	27266	200025	5	2053	101465	101079	101372	101747	101281
236	14933.4	112526	2660	62	25086	26886	200025	5	2454	101267	100622	100874	101468	101878
237	22339.2	108185	1883	51	25842	27642	200025	3	1737	100025	100623	100686
238	22796.9	181520	2714	48	25006	26806	200025	4	2568	101322	101761	101704	100755
239	36850.6	93228.7	2737	55	24996	26796	200025	4	2541	101578	101740	101809	101731
240	70851.9	123781	2350	61	25394	27194	200025	3	2172	100167	100374	101059
241	18972.9	91425.8	2186	57	25551	27351	200025	4	1911	101339	101012	101028	100562
242	46841.5	122078	1770	66	25984	27784	200025	2	1595	100630	101926
243	55259.5	129909	2828	60	24915	26715	200025	6	2656	100626	101806	100833	101830	100202	101532
244	40828.9	85431.1	2603	66	25151	26951	200025	2	2345	100137	101788
245	24191.4	83314.4	2265	58	25474	27274	200025	2	1985	100596	101999
246	20076.3	171057	2692	65	30760	32260	200026	4	2511	101937	101299	101099	100440
247	36478.4	120029	2054	64	31396	32896	200026	2	1878	101849	100094
248	52680.2	139348	2701	56	30734	32234	200026	4	2540	100317	100996	100884	101700
249	3779.03	181805	2755	37	30644	32144	200026	5	2624	101355	101406	100848	100939	100621
250	53557.9	126876	2724	39	30679	32179	200026	6	2592	100882	101316	101060	100466	100491	100397
251	26931.5	106394	1950	46	31466	32966	200026	5	1802	100393	100964	101124	100059	100452
252	20755.4	91254.3	2312	53	31117	32617	200026	5	2162	100894	101785	101421	100026	100224
253	972.83	116246	867	65	32585	34085	200026	2	694	100355	101123
254	43590.5	150548	2817	58	30622	32122	200026	7	2646	100772	101127	100514	100713	100571	101928	100399
255	56578.6	93675.7	2447	61	36097	37297	200027	4	2282	101726	100985	101786	100307
256	11850.7	157562	2825	60	35718	36918	200027	3	2656	101471	101403	101566
257	40839.8	79088.8	2749	58	35790	36990	200027	10	2516	100235	101754	101085	101735	100762	100344	100358	100602	101183	101185
258	20147.5	73175.6	2682	66	35872	37072	200027	5	2403	101750	101734	100166	101931	100123
259	24119	151471	2733	45	35781	36981	200027	3	2535	100750	101813	100588
260	21258.6	61140.7	2823	59	35718	36918	200027	6	2658	101489	100111	101713	100093	100919	101164
261	49533.2	114383	2733	51	35792	36992	200027	5	2587	101494	101457	101588	101550	100934
262	69167.4	101696	2729	60	35814	37014	200027	4	2513	101635	100438	100429	101882
263	36891.4	127587	2077	65	36475	37675	200027	2	1758	100861	101717
264	31128.8	136860	2215	61	36329	37529	200027	4	1922	101819	101727	100027	101021
265	38232.1	206364	2801	62	23745	25245	200028	5	2634	101464	101405	100725	101936	100217
266	131524	180709	2703	64	23847	25347	200028	4	2485	101402	101515	101993	101728
267	74709.7	155004	2333	66	24221	25721	200028	4	2153	101987	100071	100851	101192
268	56415.1	170050	2701	38	23800	25300	200028	5	2537	101681	100292	100375	101863	101887
269	89525.6	164299	1824	31	24663	26163	200028	7	1705	100469	100028	101929	100110	101755	100053	101812
270	64892.9	155313	2280	62	24266	25766	200028	2	2108	101212	101950
271	69376.7	190514	2048	65	24504	26004	200028	5	1864	101940	100184	101609	100862	100208
272	53728.9	160141	2473	41	24033	25533	200028	4	2338	101795	101388	101751	100888
273	98175.7	196983	2558	56	23977	25477	200028	5	2399	100104	100604	100763	100439	101610
274	134050	201370	2207	27	24273	25773	200028	3	2062	101444	100906	100265
275	59859.1	182178	2269	65	30283	31783	200029	2	2088	100892	100385
276	19514.2	205329	2581	66	29973	31473	200029	5	2401	101248	100521	100945	100391	101307
277	18471.5	174779	2209	66	30345	31845	200029	5	2031	100992	101349	101516	101952	101624
278	46499.1	201151	2689	62	29857	31357	200029	4	2519	100430	101792	100893	101853
279	4905.64	172892	2814	66	29740	31240	200029	5	2631	101722	101531	101296	101075	100847
280	49175.8	187754	2798	43	29712	31212	200029	2	2620	100223	100849
281	54663.4	155777	2783	59	29758	31258	200029	6	2574	100822	100434	100838	100237	100089	101142
282	19690.2	116067	2836	65	29716	31216	200029	5	2580	100689	100029	101479	100692	101010
283	30614.5	151323	2220	52	30307	31807	200029	5	2043	100574	101607	100950	101875	100068
284	4735.93	127551	2494	65	30058	31558	200029	4	2316	101822	101881	100592	101401
285	45111.9	11534.7	2807	66	20147	20747	200030	5	2621	101647	101205	100414	101335	101068
286	92456.5	24588.3	2691	38	20210	20810	200030	9	2564	101933	101008	100086	100656	101341	101632	101273	101720	100339
287	70456.4	9200.27	2695	66	20259	20859	200030	5	2473	101065	100302	101956	101268	100201
288	66667.5	96988.5	2155	59	20786	21386	200030	6	1949	100250	100179	101738	101260	101318	101670
289	96096.1	52472.9	2540	55	20393	20993	200030	5	2375	101528	101418	100844	100717	101990
290	12140.9	46696.1	2810	53	20119	20719	200030	4	2621	100242	100260	100799	101120
291	41495.5	74711.8	2797	64	20153	20753	200030	3	2480	100340	101171	100341
292	87381.8	71169.6	2555	59	20386	20986	200030	6	2356	100853	100485	100710	100122	100565	100030
293	43681	81190.9	2050	55	20883	21483	200030	2	1896	101784	100608
294	87624.5	153370	2400	65	18452	20252	200031	2	2201	100697	100031
295	31747.2	103534	2733	35	18062	19862	200031	6	2580	101178	101995	101871	101115	100174	100723
296	28144.4	117993	2587	61	18257	20057	200031	4	2388	101867	101620	100513	101472
297	20078	159116	2785	52	18042	19842	200031	4	2632	101679	100259	100169	100883
298	57018.1	186546	2719	49	18103	19903	200031	6	2576	100551	100125	101006	101408	100823	101644
299	59344.4	95928.9	2219	57	18618	20418	200031	4	2001	100981	100356	100252	100885
300	72435.2	131428	1477	66	19377	21177	200031	3	1234	101818	101429	100954
301	59313.5	119679	1244	65	19608	21408	200031	3	1001	100920	101540	100948
302	84129.6	105568	2489	64	18361	20161	200031	4	2211	100463	100483	100183	100276
303	44886.5	172371	2638	65	18214	20014	200031	4	2441	101450	101452	100275	101175
304	45408.4	131633	480	66	20374	22174	200031	1	136	100512
305	188865	121684	2664	64	25986	26586	200032	5	2415	100232	101645	100741	100836	101043
306	139569	50295.3	2716	53	25913	26513	200032	5	2555	101427	101985	100078	101161	100419
307	109417	90525.5	2829	56	25806	26406	200032	4	2670	101825	100855	100180	101778
308	185256	78542.7	2797	59	25844	26444	200032	3	2557	100384	101181	101203
309	205417	105128	2706	42	25902	26502	200032	4	2491	100032	100404	100494	100496
310	102519	110132	2568	38	26033	26633	200032	5	2438	100316	101102	100492	101840	101787
311	163931	133363	2693	63	25955	26555	200032	3	2417	101770	101536	100946
312	130602	73094.5	2005	66	26649	27249	200032	2	1687	101382	101733
313	167712	130961	2647	65	26005	26605	200032	3	2352	100373	100480	100941
314	139927	94390.1	1444	66	27210	27810	200032	5	1258	101163	100324	101304	100896	100780
315	113904	106839	1890	63	26758	27358	200032	3	1716	101564	100225	100918
316	143200	75835.1	2423	16	34836	36036	200033	3	2338	101973	100331	101190
317	110915	5654.64	2830	66	34524	35724	200033	4	2650	101488	101633	100613	100890
318	208524	27064.7	2755	26	34523	35723	200033	4	2630	100922	101710	100499	101880
319	108857	36600.7	2413	40	34892	36092	200033	5	2287	100737	101166	101718	101894	100506
320	177038	57454.6	2539	49	34783	35983	200033	3	2391	101569	100923	101916
321	110542	40208.6	2455	34	34838	36038	200033	5	2320	100369	100752	100033	101231	100327
322	174688	12165.5	2418	61	34926	36126	200033	5	2250	100973	100064	100591	100296	100612
323	160189	81143.8	2585	64	34765	35965	200033	3	2414	100898	101655	101154
324	153501	160337	2431	57	31606	32206	200034	4	2161	101425	101729	101148	101668
325	190822	188956	2519	66	31535	32135	200034	6	2336	101702	100593	101173	100415	101229	100782
326	192124	201205	2517	39	31486	32086	200034	3	2390	101002	101801	101400
327	105902	203577	2842	64	31208	31808	200034	6	2671	101549	101504	100673	101474	100498	101309
328	167351	171767	2523	65	31529	32129	200034	5	2220	101350	101837	100963	100367	101289
329	183926	187033	2786	64	31264	31864	200034	4	2547	100827	100682	101358	101546
330	129259	161298	2770	65	31282	31882	200034	7	2576	101054	100034	101976	101333	100813	101389	101654
331	138531	150789	2818	53	31211	31811	200034	5	2660	101131	100576	101896	100801	100067
332	96037	199811	2778	58	31261	31861	200034	3	2607	100148	101810	100860
333	108779	182815	2408	48	31612	32212	200034	4	2262	100648	100462	100472	100754
334	45833.3	8725.98	2752	66	33102	33702	200035	5	2577	100495	100542	100386	100569	100652
335	52445.4	6395.84	2441	65	33411	34011	200035	3	2265	101414	101357	101276
336	29739.3	12114.1	2311	64	33539	34139	200035	7	2103	100534	100190	100876	100486	100902	100671	101176
337	16064.9	60967.1	2490	63	33358	33958	200035	5	2316	101970	100349	101346	101648	101385
338	9442.29	39372.1	2705	64	33145	33745	200035	5	2523	100314	100407	100035	101003	101256
339	69077.3	24308.8	2754	42	33054	33654	200035	4	2575	100548	100895	101280	101960
340	7064.85	65766.3	1989	64	33861	34461	200035	3	1818	101293	101216	100961
341	8682.24	9827.77	800	66	35054	35654	200035	1	456	100856
342	28247.6	50057.5	2109	62	33737	34337	200035	4	1882	101265	100683	101213	101870
343	49673.5	38916.1	2327	61	33517	34117	200035	4	2123	100677	101711	101038	101255
344	166602	171074	2668	58	23571	25371	200036	5	2508	101470	101238	100105	100036	101777
345	183365	159784	2832	63	23416	25216	200036	7	2658	100952	101162	101689	100418	101392	100236	101301
346	159682	176686	2606	60	23637	25437	200036	6	2439	101553	100139	100510	101317	101623	101424
347	150870	188015	2530	64	23720	25520	200036	5	2351	101820	100243	101088	100968	100121
348	190465	175204	2574	66	23680	25480	200036	7	2326	100740	101298	101984	100532	101548	101560	100555
349	132149	204419	2624	64	23626	25426	200036	3	2442	100916	101872	101195
350	207851	169581	2505	65	23747	25547	200036	6	2324	100857	101672	101525	100247	100458	101781
351	158230	182859	2478	65	23774	25574	200036	2	2305	101058	101394
352	176025	162218	2450	64	23800	25600	200036	4	2276	100770	101404	101826	100784
353	181892	47345.7	2771	63	31277	32177	200037	2	2443	100803	100716
354	195652	54389.5	2807	64	31243	32143	200037	4	2563	101473	101767	100037	100482
355	142272	105762	2354	58	31685	32585	200037	3	2183	101305	100245	101638
356	159528	95351.3	2827	56	31208	32108	200037	5	2590	101397	100620	100712	101379	101113
357	208630	99580.5	2751	59	31290	32190	200037	4	2467	100726	101639	101221	100820
358	168212	138876	2529	64	31521	32421	200037	4	2256	101417	100101	100396	101591
359	147223	85758.8	2733	63	31315	32215	200037	5	2564	100949	100817	101487	101327	100832
360	185526	97835	828	66	33226	34126	200037	2	650	100865	100729
361	179081	84047.6	2496	62	31550	32450	200037	2	2214	100522	100735
362	198523	81108.4	1964	59	32077	32977	200037	6	1791	101676	101384	101319	101964	100234	100253
363	204097	145298	2718	56	31317	32217	200037	5	2554	101589	101574	101432	101846	100901
364	162178	72256.1	2647	63	23901	25401	200038	3	2384	100502	100669	100091
365	156474	64523.4	2681	60	23862	25362	200038	4	2441	101277	101948	101544	101842
366	118316	47099.3	2687	24	23787	25287	200038	4	2589	100889	101684	101658	100066
367	73738.7	99466.5	2532	62	24014	25514	200038	3	2295	101193	100846	101914
368	118144	81840	2558	63	23990	25490	200038	9	2381	101709	101765	101413	100188	101730	101885	100703	100940	101783
369	151220	116667	2024	52	24503	26003	200038	6	1868	101377	101860	101454	101091	101895	101359
370	107202	96761.4	1420	52	25107	26607	200038	3	1264	100925	101534	100124
371	105126	130808	2076	16	24383	25883	200038	4	1988	100038	101330	100742	100561
372	94784.1	107270	1721	45	24793	26293	200038	2	1482	101207	101911
373	139782	37095.1	2795	65	33357	33957	200039	5	2619	101521	100061	100039	100837	100309
374	101081	16656.6	2384	62	33762	34362	200039	5	2206	100304	100983	100083	101561	101974
375	118164	56294.7	2776	62	33370	33970	200039	6	2609	101980	100644	100675	101759	100879	101992
376	103193	12294	1117	65	35035	35635	200039	2	832	101342	101093
377	147348	28863.2	2457	66	33697	34297	200039	4	2243	100768	100932	101445	101921
378	82232.9	29448.2	2684	61	33460	34060	200039	6	2443	100930	101891	101149	101441	100975	101542
379	85304.9	32494	2426	59	33715	34315	200039	4	2173	100668	101816	100711	100575
380	161718	4669.75	2505	55	33628	34228	200039	4	2340	100082	101220	100319	101927
381	128365	99261.4	2759	66	29495	30995	200040	5	2581	100507	101014	100215	100616	100643
382	58447.6	124641	2761	66	29493	30993	200040	5	2586	101285	100809	100273	101768	100665
383	87964.3	81358.1	2684	42	29524	31024	200040	7	2550	101514	100828	100903	100628	100402	101611	100040
384	149745	131097	2557	57	29680	31180	200040	5	2349	100063	100526	100328	100269	100280
385	121969	107706	1635	66	30619	32119	200040	4	1408	100343	100416	101962	101981
386	107177	80320.1	2474	44	29738	31238	200040	3	2336	100610	101946	101340
387	129988	145926	2245	60	29998	31498	200040	4	1979	100824	100299	100295	101110
388	82640.8	154296	2647	45	29567	31067	200040	3	2434	101064	101356	101678
389	176982	25295.9	2138	56	18097	19897	200041	7	1977	100618	100783	101182	100554	100168	101752	100748
390	207385	51167.7	2334	66	17920	19720	200041	5	2135	100070	101477	100736	101930	101503
391	193025	42992	2721	65	17531	19331	200041	8	2540	101089	101979	100268	101986	100431	101121	100563	101336
392	150763	8863.5	2803	60	17440	19240	200041	2	2566	100073	100150
393	182395	37711.9	2657	56	17578	19378	200041	5	2496	100746	101924	101723	100041	100337
394	203680	58350.5	2811	64	17439	19239	200041	7	2564	100536	100676	101247	100119	100584	100685	101652
395	187678	40871.2	2545	65	17707	19507	200041	7	2348	101600	101246	100403	101114	101763	101994	100261
396	23403.9	195192	2640	9	31906	32506	200042	5	2573	100937	100172	100484	101086	100459
397	22388	129137	2301	61	32343	32943	200042	4	2102	100915	101538	101373	100586
398	40708	210074	2748	59	31893	32493	200042	2	2529	100517	100221
399	61182.4	134667	1728	50	32896	33496	200042	2	1575	100781	100707
400	41047.3	131288	1478	54	33153	33753	200042	2	1230	101133	100428
401	51452.2	110156	2015	54	32616	33216	200042	1	1725	100135
402	37023.3	107164	2606	54	32025	32625	200042	5	2443	101852	100342	100739	100274	100800
403	78583.4	147267	2619	53	32010	32610	200042	5	2461	100085	100603	101575	101278	100042
404	61306.9	183175	2635	56	32000	32600	200042	3	2424	100969	100687	100545
405	11088.6	135022	2605	55	32028	32628	200042	5	2451	100910	101194	101847	101677	101965
406	69936.4	141400	2257	58	32382	32982	200042	4	2097	101119	101017	100720	100909
407	47628.5	71194.5	2755	66	15999	16899	200043	3	2575	101458	101630	101756
408	149156	66749	2755	18	15908	16808	200043	4	2666	100401	101334	101475	100096
409	134555	55486.3	2787	37	15912	16812	200043	4	2597	100704	100970	101741	101989
410	134503	54584.4	2722	63	16026	16926	200043	4	2412	101062	100578	101049	101344
411	125288	115066	2303	46	16413	17313	200043	4	2119	101184	101587	101829	100982
412	109649	31392.6	2736	37	15963	16863	200043	4	2611	101228	101736	100684	101490
413	136199	100157	2486	19	16179	17079	200043	4	2371	101845	100238	100468	101129
414	73096.1	67506.2	2762	32	15927	16827	200043	3	2631	100951	101603	100779
415	92178.9	124690	2812	58	15927	16827	200043	4	2647	100043	100649	101252	101259
416	86125.5	42965.1	2314	54	16417	17317	200043	4	2141	101338	101771	101332	100917
417	91450.7	99077	2386	66	16368	17268	200043	4	2208	100911	101081	101708	101136
418	97340.9	105945	2579	57	16158	17058	200043	4	2413	101367	100546	101675	101899
419	20898.3	59503.7	2615	33	17276	18176	200044	3	2433	100962	100936	100732
420	31024	141487	2678	65	17274	18174	200044	6	2500	100553	100582	101938	100590	101227	101554
421	20674.1	153630	2823	51	17102	18002	200044	4	2669	101467	100841	101112	100869
422	51138.3	90645.1	2587	53	17342	18242	200044	5	2434	101790	100636	100131	100624	100734
423	7886.22	98338.6	1821	41	18085	18985	200044	6	1686	101877	100765	101037	100777	101315	100044
424	61742.5	125997	2298	64	17652	18552	200044	4	2072	101254	100806	100079	100627
425	43008.6	137667	2533	66	17421	18321	200044	4	2347	101572	101743	100272	100322
426	7417.25	75355.7	2478	66	17476	18376	200044	3	2248	101303	101310	101596
427	68818.9	114942	2646	59	17295	18195	200044	4	2473	101023	100305	101757	100568
428	43853.1	158758	2564	53	31765	32965	200045	5	2409	101537	100178	100287	100572	100187
429	55560.9	139440	2613	20	31654	32854	200045	5	2504	100120	101760	100956	101275	101204
430	5303.37	166033	2415	63	31933	33133	200045	5	2243	101889	100815	100321	101066	101168
431	54294.1	107735	2365	66	31989	33189	200045	2	2031	100957	101386
432	21137.5	104633	2662	46	31654	32854	200045	4	2473	100933	100797	100864	101739
433	37781.4	107755	2304	66	32050	33250	200045	5	2121	101814	101180	101483	100357	100914
434	29461.3	102385	2127	57	32210	33410	200045	5	1901	101369	100943	101027	101567	101695
435	66260.1	119389	2294	44	32018	33218	200045	3	2150	100693	100045	100891
436	151610	161664	2198	60	20145	20745	200046	5	2031	101606	100378	101923	101170	101283
437	156603	152137	2252	55	20081	20681	200046	3	1999	100209	101601	101152
438	206634	154484	2709	62	19637	20237	200046	5	2539	100580	101364	100112	100160	100099
439	191951	200084	1343	59	20998	21598	200046	3	1178	100312	101857	101387
440	139472	177555	1879	38	20422	21022	200046	3	1681	100670	101224	100303
441	188969	139179	2766	50	19558	20158	200046	4	2564	100814	101685	101844	100921
442	174017	196734	2110	58	20229	20829	200046	5	1947	100072	100727	101092	101420	101565
443	128790	184159	2820	59	19521	20121	200046	7	2653	100977	101103	101233	100285	100130	100046	101625
444	199923	205554	2704	58	19635	20235	200046	8	2533	101724	100163	101476	100134	101506	100173	101031	100550
445	31363.8	184848	2379	66	33475	34375	200047	1	2035	100171
446	61307.6	188885	2270	53	33559	34459	200047	4	2081	101701	100248	101033	101789
447	95437.9	206200	2219	60	33624	34524	200047	4	2044	100198	100246	101262	101584
448	66055	158866	2082	66	33772	34672	200047	1	1738	101646
449	41234.1	189038	2459	66	33395	34295	200047	4	2284	100515	101020	100647	100539
450	102117	205059	1674	61	34170	35070	200047	3	1366	101594	101821	100662
451	24774	197916	2846	66	33008	33908	200047	4	2611	100422	101484	100444	100288
452	108953	179615	2809	53	33020	33920	200047	4	2648	100475	101665	101612	101466
453	102038	171722	1946	59	33895	34795	200047	4	1758	100852	101660	100293	100557
454	128093	197589	2670	65	33182	34082	200047	5	2489	101243	101196	101656	100812	101409
455	83521	153098	2533	66	33321	34221	200047	9	2355	100205	101134	100240	100566	101811	101913	100379	100758	100600
456	61126.1	172541	2008	60	33835	34735	200047	3	1844	100445	100047	101230
457	35517.7	16817.5	1466	62	29280	30480	200048	4	1169	100286	100298	101696	100808
458	25892.1	64373.6	2837	65	27915	29115	200048	3	2656	100698	101044	101577
459	62129.3	7373.57	2166	66	28588	29788	200048	6	1991	101541	100718	101856	100524	100425	100435
460	50335.8	24872.4	2202	66	28552	29752	200048	5	1980	100766	100229	100189	100330	100994
461	9631.14	45207.1	2716	66	28038	29238	200048	7	2538	101802	100281	100334	101539	101351	101209	101240
462	617.96	21207	2657	63	28091	29291	200048	8	2488	100789	101854	100200	100388	101039	100470	100394	101202
463	22063.8	46950.5	1896	64	28854	30054	200048	2	1699	100332	100352
464	34207.8	45173.3	2010	58	28729	29929	200048	2	1756	101865	101095
465	58084.5	16162.7	1983	64	28767	29967	200048	2	1801	100048	101352
466	85018.7	126489	2532	31	31155	32055	200049	3	2416	100615	101910	101698
467	5928.28	160103	2494	26	31184	32084	200049	5	2392	100804	101186	101653	101083	101431
468	19007.4	171781	2335	56	31400	32300	200049	6	2140	100839	101869	101748	101366	100538	100284
469	52091.3	99082.1	2790	50	30934	31834	200049	3	2606	100049	101004	101716
470	4084.25	132168	2520	66	31234	32134	200049	6	2342	101151	100263	100164	101257	101077	100477
471	66943.3	123885	1935	54	31796	32696	200049	4	1775	100760	100222	101519	100776
472	70732.5	140655	2517	60	31226	32126	200049	4	2277	101237	100508	101737	100564
473	25189.1	106607	2317	64	31433	32333	200049	5	2143	101147	101118	100095	101098	101590
474	36378.6	158943	1179	66	32575	33475	200049	1	835	100986
475	35701.9	187159	2663	6	30977	31877	200049	2	2599	100310	100210
476	35943.3	130907	716	66	33038	33938	200049	1	372	100829
477	183349	50224.7	2782	66	21672	22272	200050	5	2573	101360	100050	100581	100501	101523
478	182097	129162	2285	58	22154	22754	200050	4	2052	101416	101482	100640	101370
479	187581	81203.4	2022	62	22424	23024	200050	3	1714	101312	101968	100230
480	199079	109504	2832	63	21616	22216	200050	7	2642	101688	100197	100447	101699	101436	101041	100126
481	149146	62299.9	2458	63	21990	22590	200050	4	2281	100559	100191	100199	101061
482	201521	35892.6	2738	65	21714	22314	200050	2	2502	101139	101274
483	159811	90939.1	1810	64	22640	23240	200050	2	1592	101078	100363
484	172704	84035.2	1695	66	22759	23359	200050	3	1509	101815	100262	101850
485	202778	95077	1433	65	23019	23619	200050	3	1184	101522	100062	100984
486	159726	82064.8	1279	63	23169	23769	200050	1	949	101969
DIMENSION: 487
SOLVETIME: 247.756
DEPOT_SECTION
1
-1
EOF
