SCHOOLNODENUMBER: 25
SCHNODE_COORD_SECTION
200001	150883	74896.8	555	615	20
200002	161963	103773	535	605	30
200003	118855	65028.7	540	610	30
200004	203807	138488	710	725	15
200005	74033.1	8192.24	610	635	25
200006	138411	22204.8	945	1010	25
200007	102013	199514	800	830	30
200008	91822.7	153126	920	930	10
200009	66711	147164	735	800	25
200010	79357.1	20831.9	535	600	25
200011	50068.7	210053	855	920	25
200012	141717	121143	600	610	10
200013	184593	199392	535	600	25
200014	85125.8	201293	515	545	30
200015	89850.4	13168.2	730	755	25
200016	92667.1	171599	925	945	20
200017	25040.8	191341	905	915	10
200018	94761.9	93066.7	750	805	15
200019	167093	68657.6	525	545	20
200020	10950.9	85828.4	530	540	10
200021	126371	72325.1	935	945	10
200022	17995.9	158334	845	905	20
200023	178437	138778	820	850	30
200024	210800	168627	915	945	30
200025	198973	163342	1025	1045	20
MAX_RIDING_TIME: 2700
EDGE_WEIGHT_FORMAT: FUNCTION
EDGE_WEIGHT_TYPE: MAN_2D
NODE_COORD_TYPE: TWOD_COORDS
NODE_COORD_SECTION
0	105600	105600	0	0	0	0	0	0	0
1	203866	80900.6	2816	49	18606	19806	200001	5	2587	100324	100634	100756	100982	100922
2	128810	49340.5	2766	64	18684	19884	200001	3	2584	100539	100146	100150
3	201952	63885.1	2408	33	18983	20183	200001	4	2288	100379	100783	100085	100211
4	128973	71970.6	2520	63	18928	20128	200001	4	2346	100658	100606	100651	100874
5	168917	51627.1	2646	65	18806	20006	200001	5	2470	100001	100707	100678	100852	100224
6	136642	97073.9	2087	62	19359	20559	200001	8	1920	100480	100056	100597	100971	100730	100735	100739	100826
7	142394	26187.5	2395	53	19034	20234	200001	3	2133	100807	100275	100348
8	183843	48166.6	2309	38	19092	20292	200001	4	2179	100078	100154	100376	100630
9	119786	97912.4	2448	48	18972	20172	200001	5	2302	100929	100120	100280	100889	100162
10	113736	69935.6	2793	66	18661	19861	200001	4	2615	100829	100293	100396	100520
11	151115	92448	1249	66	20205	21405	200001	2	1069	100556	100999
12	162769	124649	2548	12	18803	20003	200001	3	2476	100779	100702	100532
13	119566	120298	2825	66	17429	19229	200002	5	2642	100940	100802	100383	100064	100431
14	114208	106310	2055	60	18188	19988	200002	2	1888	100139	100361
15	178392	136555	2774	36	17423	19223	200002	5	2627	100474	100002	100072	100352	100769
16	142192	134561	2210	36	17987	19787	200002	2	2055	100864	100853
17	202314	107354	1979	39	18224	20024	200002	4	1855	100723	100975	100310	100353
18	138703	66833.3	2563	55	17670	19470	200002	5	2404	100770	100567	100517	100736	100575
19	136548	90033.5	2021	56	18214	20014	200002	2	1815	100744	100523
20	148130	141719	2765	55	17468	19268	200002	7	2559	100133	100405	100591	100256	100518	100088	100609
21	166794	92146	891	63	19357	21157	200002	1	561	100906
22	181244	65028.7	2526	40	17979	19779	200003	2	2322	100449	100837
23	84745.4	37364.2	2556	51	17969	19769	200003	4	2342	100060	100123	100398	100966
24	129471	78980.3	2753	62	17793	19593	200003	6	2578	100872	100501	100618	100772	100776	100804
25	107514	93017.2	2389	62	18157	19957	200003	4	2217	100822	100743	100570	100589
26	154640	89603.8	2437	66	18117	19917	200003	3	2259	100748	100478	100272
27	135168	29387	2809	59	17732	19532	200003	7	2642	100423	100932	100627	100098	100947	100180	100332
28	108688	24077.3	2625	59	17916	19716	200003	3	2458	100444	100511	100862
29	95000.1	88155.3	2595	33	17896	19696	200003	7	2480	100397	100778	100717	100951	100003	100132	100255
30	159482	48777.5	2372	52	18155	19955	200003	4	2154	100564	100668	100650	100638
31	69262.1	57061.3	2089	14	18366	20166	200003	2	1987	100314	100195
32	104827	85651.3	1659	64	18891	20691	200003	3	1464	100230	100433	100292
33	158766	143289	2827	62	23119	24019	200004	4	2577	100825	100245	100527	100892
34	159656	121337	2513	25	23363	24263	200004	5	2411	100781	100030	100311	100141	100246
35	176552	170614	2669	57	23268	24168	200004	4	2500	100210	100974	100411	100771
36	179068	108690	2291	66	23663	24563	200004	6	1994	100991	100004	100392	100710	100182	100737
37	204921	87318	2366	63	23582	24482	200004	2	2186	100712	100909
38	200386	171976	2801	66	23153	24053	200004	4	2605	100550	100714	100622	100674
39	191477	121358	1298	47	24620	25520	200004	3	1060	100036	100076	100103
40	162859	153620	2759	66	23195	24095	200004	4	2576	100407	100476	100813	100903
41	184891	102791	2595	54	23336	24236	200004	5	2399	100147	100875	100919	100040	100552
42	94052.1	26925.1	1698	61	20646	22146	200005	2	1431	100863	100028
43	129529	14007.2	2520	37	19779	21279	200005	3	2400	100005	100106	100914
44	81692.3	54563.8	2348	66	20006	21506	200005	3	2168	100284	100729	100519
45	67755.3	40463.6	2532	64	19818	21318	200005	5	2356	100144	100374	100111	100964	100295
46	91175	33060.2	1905	58	20434	21934	200005	4	1685	100821	100791	100645	100380
47	99347.9	17688.3	2592	61	19752	21252	200005	8	2419	100596	100574	100494	100625	100202	100998	100508	100100
48	32468.9	6351.52	2368	66	19986	21486	200005	4	2190	100479	100752	100273	100201
49	50245.7	38330.9	2645	43	19665	21165	200005	3	2498	100113	100178	100031
50	101108	13466.3	1945	61	33299	34799	200006	4	1769	100006	100165	100764	100558
51	95515	38056.1	2653	52	32574	34074	200006	3	2380	100718	100112	100565
52	190518	24019.1	2283	50	32941	34441	200006	3	2088	100439	100059	100509
53	87411.5	29474.5	2727	66	32527	34027	200006	5	2549	100438	100592	100952	100173	100671
54	108373	16556	2014	66	33240	34740	200006	4	1745	100942	100101	100121	100601
55	174802	37896.5	2321	39	32882	34382	200006	5	2189	100342	100319	100382	100817	100860
56	164384	10111.1	2719	40	32486	33986	200006	5	2582	100976	100704	100843	100471	100116
57	141280	81123.5	2766	52	32461	33961	200006	4	2615	100378	100463	100623	100540
58	110243	32780.2	1682	66	33572	35072	200006	2	1411	100271	100970
59	96592.5	3359.41	2430	66	32824	34324	200006	2	2148	100721	100611
60	131699	48248.4	2369	58	32870	34370	200006	4	2204	100387	100325	100890	100758
61	40230.4	199512	2493	35	26402	28202	200007	4	2366	100461	100235	100313	100007
62	106442	170324	2413	66	26541	28341	200007	6	2173	100334	100035	100855	100698	100329	100576
63	147117	205132	2184	56	26751	28551	200007	4	1911	100326	100688	100594	100636
64	108496	187538	2660	66	26294	28094	200007	5	2480	100880	100455	100831	100882	100654
65	133136	170418	2842	64	26108	27908	200007	4	2660	100963	100759	100417	100270
66	117206	156663	2408	58	26531	28331	200007	6	2222	100514	100215	100861	100156	100109	100823
67	61864.5	194257	2736	64	26214	28014	200007	5	2502	100699	100760	100866	100670	100534
68	73787.6	197636	2441	47	31277	31877	200008	3	2294	100897	100055	100148
69	37451.8	158921	2646	63	31102	31702	200008	3	2466	100421	100938	100599
70	83345.2	116197	1761	33	31930	32530	200008	2	1573	100008	100986
71	56301	138181	2148	42	31560	32160	200008	6	2011	100856	100820	100254	100330	100709	100240
72	105507	109706	2548	65	31204	31804	200008	6	2375	100777	100327	100321	100665	100274	100221
73	130328	133185	2313	61	31431	32031	200008	1	1992	100877
74	126464	156819	1600	51	32125	32725	200008	2	1378	100286	100740
75	114930	133698	1668	38	32033	32633	200008	1	1450	100662
76	107051	168422	2200	62	31546	32146	200008	2	2007	100435	100503
77	123005	145822	1674	66	32080	32680	200008	2	1353	100443	100696
78	91328	190384	2730	27	30950	31550	200008	3	2626	100393	100521	100406
79	116381	134598	2375	34	25018	26518	200009	4	2256	100009	100719	100212	100849
80	62050.8	202454	2647	40	24758	26258	200009	3	2518	100988	100834	100253
81	102041	172359	2654	66	24800	26300	200009	6	2367	100155	100640	100593	100774	100362	100898
82	31485	157077	2555	64	24895	26395	200009	4	2384	100322	100291	100447	100816
83	82235.8	103376	2545	51	24880	26380	200009	3	2360	100261	100203	100434
84	41090.3	169095	2697	57	24740	26240	200009	4	2414	100590	100679	100395	100401
85	15756.9	147162	2539	54	24892	26392	200009	5	2382	100884	100166	100289	100158	100969
86	62520.2	91545.3	2717	63	24731	26231	200009	5	2545	100384	100041	100968	100782	100320
87	114059	153915	2502	48	24918	26418	200009	7	2358	100510	100788	100053	100939	100302	100283	100177
88	78928.1	198303	2516	48	24904	26404	200009	4	2367	100216	100680	100660	100530
89	38818.2	6483.27	2649	66	17605	19105	200010	4	2424	100972	100842	100578	100551
90	88029.6	28922.5	887	48	19333	20833	200010	3	746	100659	100876	100705
91	137143	18274.5	2817	61	17427	18927	200010	2	2540	100110	100482
92	74072	72573.1	2735	66	17519	19019	200010	4	2555	100403	100117	100336	100010
93	65671.8	49387.9	2720	66	17534	19034	200010	6	2508	100629	100854	100960	100745	100350	100979
94	125506	8284.04	2735	25	17441	18941	200010	4	2599	100845	100169	100194	100768
95	99165.1	15067.6	2532	66	17722	19222	200010	7	2346	100524	100931	100164	100391	100978	100385	100839
96	110242	46647.2	2586	50	17638	19138	200010	4	2433	100279	100615	100648	100796
97	88479.1	70567.3	2356	35	17839	19339	200010	3	2235	100331	100227	100179
98	24840.8	13550.8	2589	48	17631	19131	200010	4	2398	100858	100516	100316	100054
99	25901.2	179982	2131	40	30074	31574	200011	4	1948	100868	100859	100633	100159
100	102050	204046	2326	59	29915	31415	200011	3	2096	100726	100388	100684
101	49309.2	155150	2341	66	29913	31413	200011	2	2005	100985	100812
102	36620.8	164587	2362	64	29888	31388	200011	2	2136	100610	100948
103	3304.77	202924	2640	62	29606	31106	200011	4	2392	100390	100048	100580	100613
104	68681.7	175254	2323	60	29920	31420	200011	6	2148	100114	100297	100757	100033	100905	100738
105	43763.1	191705	2710	61	29534	31034	200011	6	2545	100304	100808	100916	100515	100848	100415
106	59898.6	163472	2283	55	29950	31450	200011	3	2007	100282	100262	100151
107	80961	193085	2150	55	30083	31583	200011	4	1980	100011	100231	100104	100115
108	88097.8	130244	2301	22	19369	19969	200012	2	2205	100672	100657
109	181801	139703	2408	66	19346	19946	200012	3	2147	100087	100091	100847
110	152570	73872.4	2610	24	19064	19664	200012	4	2510	100252	100263	100012	100687
111	162178	84467.9	2636	55	19097	19697	200012	4	2435	100830	100473	100893	100171
112	187414	114631	2790	51	18935	19535	200012	3	2644	100457	100487	100661
113	106253	133540	2279	52	19448	20048	200012	4	2123	100722	100267	100734	100287
114	139191	130273	2512	59	19229	19829	200012	3	2347	100038	100631	100452
115	167562	140273	1788	42	19920	20520	200012	2	1565	100349	100152
116	144415	134513	877	63	20871	21471	200012	1	547	100560
117	194974	111619	2501	66	19253	19853	200012	2	2321	100643	100753
118	179088	157696	1809	30	18377	19877	200013	2	1632	100912	100095
119	192930	145537	2362	12	17789	19289	200013	4	2290	100733	100389	100343	100600
120	162728	210471	2590	60	17653	19153	200013	7	2402	100149	100499	100559	100485	100049	100412	100013
121	134183	194468	2360	14	17795	19295	200013	4	2279	100063	100258	100046	100386
122	158650	192429	1539	66	18715	20215	200013	3	1356	100472	100495	100032
123	208564	161985	2808	58	17431	18931	200013	6	2643	100138	100199	100484	100161	100237	100197
124	160172	168379	2283	61	17961	19461	200013	5	2107	100990	100957	100579	100828	100365
125	200175	157782	2789	48	17431	18931	200013	6	2640	100427	100765	100691	100079	100190	100766
126	164927	165943	2316	64	17934	19434	200013	6	2069	100136	100486	100795	100448	100039	100835
127	126404	179916	2530	59	16511	18311	200014	3	2233	100483	100153	100870
128	61847	163656	2471	65	16581	18381	200014	4	2256	100724	100675	100958	100767
129	80476	191807	816	64	18234	20034	200014	1	481	100456
130	38613.7	193821	2610	66	16444	18244	200014	3	2375	100413	100851	100119
131	143207	197273	2849	64	16201	18001	200014	3	2615	100337	100711	100466
132	103359	157414	2544	66	16510	18310	200014	3	2332	100050	100090	100536
133	65507.6	183635	2146	65	16906	18706	200014	6	1962	100883	100689	100092	100083	100814	100099
134	95448.7	183535	1250	48	17770	19570	200014	2	1036	100934	100973
135	86981.7	203732	889	64	18161	19961	200014	3	687	100794	100232	100193
136	120279	209857	2762	39	16241	18041	200014	4	2630	100805	100124	100477	100669
137	74359.4	163676	2118	42	16890	18690	200014	5	1908	100747	100945	100068	100250	100881
138	101888	184477	1980	66	17074	18874	200014	3	1742	100381	100014	100545
139	88341.8	155059	2135	55	16898	18698	200014	2	1976	100924	100506
140	85014.7	202965	341	52	18686	20486	200014	1	60	100424
141	108773	177118	2133	59	16908	18708	200014	2	1921	100029	100993
142	31161.7	206081	2717	63	16331	18131	200014	4	2543	100425	100351	100727	100962
143	112866	39817.3	2412	62	24734	26234	200015	4	2203	100015	100713	100340	100955
144	70060.4	47915.7	2546	63	24602	26102	200015	7	2374	100045	100278	100619	100995	100355	100181	100502
145	130506	4789.29	2664	57	24473	25973	200015	5	2506	100836	100249	100410	100238	100644
146	52075.9	28292.2	2538	60	24605	26105	200015	9	2363	100603	100140	100234	100827	100857	100507	100105	100420	100786
147	46326.8	16158.1	2744	60	24399	25899	200015	5	2502	100440	100065	100901	100695	100069
148	139391	25575.9	2673	57	24464	25964	200015	3	2515	100430	100122	100126
149	46923	5489.74	2356	49	24766	26266	200015	5	2213	100587	100402	100513	100134	100885
150	95586.6	41597.6	2557	62	24589	26089	200015	6	2377	100840	100285	100811	100191	100900	100799
151	79848.9	123618	2598	58	31441	32641	200016	5	2407	100239	100220	100229	100016	100555
152	135186	159225	2568	54	31463	32663	200016	5	2416	100667	100301	100170	100732	100470
153	59147.1	155717	2357	56	31678	32878	200016	4	2172	100192	100833	100850	100666
154	128828	187306	2674	57	31363	32563	200016	7	2516	100442	100928	100983	100878	100933	100075	100595
155	54020.1	175027	2806	50	31218	32418	200016	5	2653	100174	100308	100082	100160	100317
156	89486.9	116356	2832	59	31209	32409	200016	5	2626	100344	100257	100798	100693	100755
157	76353.2	195581	2227	62	31819	33019	200016	3	2060	100694	100044	100243
158	120022	198550	2332	60	31711	32911	200016	7	2168	100047	100646	100491	100946	100715	100206	100080
159	104980	134816	2313	33	31678	32878	200016	7	2196	100731	100569	100935	100915	100703	100701	100641
160	43735.3	163330	2270	58	30569	31169	200017	3	2053	100612	100204	100198
161	39902.9	155575	2125	66	30729	31329	200017	4	1947	100941	100312	100544	100542
162	38213.2	159239	2709	63	30139	30739	200017	5	2529	100089	100052	100130	100572	100553
163	54615.7	203478	2675	63	30173	30773	200017	7	2498	100131	100531	100686	100789	100997	100977	100682
164	63901.1	183679	2150	62	30696	31296	200017	4	1884	100810	100228	100891	100341
165	4579.43	163128	2630	50	30194	30794	200017	7	2477	100529	100208	100017	100094	100081	100676	101000
166	14052.9	203188	2615	57	30222	30822	200017	4	2457	100908	100061	100706	100464
167	21114.8	172007	2507	66	30347	30947	200017	4	2324	100251	100242	100084	100989
168	23915.4	137608	2687	39	30116	30716	200017	6	2555	100616	100865	100026	100333	100692	100300
169	46962.3	174075	2136	65	30716	31316	200017	5	1841	100546	100522	100635	100673	100489
170	113612	52822.6	2695	38	25606	26506	200018	3	2562	100422	100561	100867
171	102297	138689	2707	55	25626	26526	200018	7	2553	100223	100649	100370	100018	100459	100720	100930
172	131655	94373.4	2575	26	25703	26603	200018	2	2471	100176	100797
173	100716	109401	1094	64	27256	28156	200018	1	759	100404
174	59196.5	99752.6	1772	52	26555	27455	200018	3	1517	100967	100803	100927
175	106628	112286	2026	64	26324	27224	200018	4	1847	100887	100492	100196	100819
176	105952	74578.4	2466	29	25818	26718	200018	6	2332	100363	100266	100217	100818	100716	100653
177	126943	72603.7	2274	63	26074	26974	200018	3	2074	100607	100949	100288
178	64528.8	70272.1	2750	63	25598	26498	200018	2	2539	100981	100276
179	168813	9022.42	2822	58	16817	18017	200019	2	2519	100902	100226
180	124810	61864.4	2519	64	17131	18331	200019	5	2283	100454	100632	100697	100944	100585
181	159696	118955	2585	55	17048	18248	200019	3	2374	100445	100416	100318
182	146679	106024	2787	62	16859	18059	200019	6	2617	100894	100954	100608	100400	100426	100394
183	135209	80439.6	1882	65	17770	18970	200019	4	1701	100037	100185	100537	100754
184	164743	72464.4	2674	63	16974	18174	200019	7	2502	100497	100294	100624	100315	100664	100189	100043
185	177292	72804.7	2314	66	17340	18540	200019	4	2001	100956	100188	100493	100213
186	174667	100360	2334	53	17295	18495	200019	7	2103	100750	100051	100172	100373	100019	100207	100614
187	202744	78014	2517	65	17135	18335	200019	3	2268	100965	100077	100265
188	146581	36080.9	2479	66	17175	18375	200019	4	2304	100368	100911	100067	100725
189	64618	77208.1	2762	63	17186	17786	200020	2	2520	100057	100467
190	26688.2	64762.3	1804	61	18140	18740	200020	3	1527	100895	100446	100992
191	46798.2	67346.4	2160	54	17771	18371	200020	2	1875	100925	100637
192	59106.7	85403.6	1968	45	17946	18546	200020	3	1804	100761	100741	100346
193	40349	116422	2697	62	17249	17849	200020	6	2522	100097	100409	100602	100920	100277	100345
194	40690.8	94593	2280	66	17674	18274	200020	3	2105	100418	100685	100554
195	38271.8	105015	2792	56	17143	17743	200020	6	2623	100573	100163	100586	100360	100073	100793
196	14243.9	49484.7	2261	52	17666	18266	200020	5	2108	100244	100281	100626	100168	100020
197	18597.5	132124	2692	40	17213	17813	200020	4	2558	100414	100832	100296	100571
198	36306.8	59189.7	2538	65	17414	18014	200020	5	2365	100824	100538	100913	100987	100557
199	184343	67698.7	2836	64	31814	32414	200021	5	2665	100175	100290	100264	100186	100399
200	106130	81696.1	2717	63	31931	32531	200021	3	2392	100027	100247	100543
201	99269.3	106662	2394	44	32218	32818	200021	4	2235	100792	100639	100299	100562
202	140838	108034	2658	55	31975	32575	200021	4	2467	100093	100994	100917	100323
203	124448	78242.1	2766	66	31888	32488	200021	5	2591	100129	100021	100429	100581	100888
204	125829	113126	2291	45	32323	32923	200021	3	2151	100809	100790	100505
205	72844	69954.6	2788	39	31815	32415	200021	2	2607	100465	100566
206	141024	43723	2337	66	32317	32917	200021	4	2162	100450	100801	100184	100690
207	157252	80429.8	2446	63	32202	32802	200021	5	2209	100269	100453	100143	100225	100347
208	103973	69736.4	2620	62	32026	32626	200021	5	2448	100260	100125	100157	100328	100432
209	166337	49797.8	2783	33	31808	32408	200021	4	2668	100356	100305	100366	100377
210	31100.3	205701	2826	64	28824	30024	200022	6	2559	100775	100943	100066	100642	100621	100107
211	24919	113989	2001	46	29615	30815	200022	1	1747	100984
212	11098.7	122518	2520	30	29066	30266	200022	5	2408	100335	100205	100086	100525	100022
213	45407.3	128293	2295	26	29283	30483	200022	3	2139	100904	100700	100751
214	48779.2	161616	2540	53	29089	30289	200022	2	2335	100528	100763
215	64642.3	168826	2391	63	29257	30457	200022	2	2172	100568	100481
216	57890.9	176806	2774	64	28876	30076	200022	4	2598	100961	100663	100187	100620
217	23938.3	104845	2365	41	29241	30441	200022	2	2173	100549	100533
218	62973.8	153942	2136	52	29491	30691	200022	2	1977	100535	100838
219	45090.2	184219	2654	66	29000	30200	200022	2	2367	100937	100980
220	14882.2	184266	2720	66	28934	30134	200022	5	2529	100074	100773	100746	100784	100339
221	24282.4	143930	2559	58	29080	30280	200022	6	2388	100200	100500	100548	100408	100936	100135
222	193012	186498	2478	53	27651	29451	200023	3	2216	100428	100096	100563
223	199582	112717	2181	16	27878	29678	200023	5	2101	100236	100358	100375	100787	100815
224	186194	89093	2834	63	27314	29114	200023	4	2665	100338	100167	100504	100598
225	161904	166649	2640	59	27501	29301	200023	4	2423	100512	100307	100127	100728
226	195999	162026	2615	56	27520	29320	200023	3	2337	100218	100490	100034
227	155915	132007	2578	55	27555	29355	200023	3	2424	100488	100841	100462
228	167188	89773.1	2833	63	27315	29115	200023	4	2661	100762	100896	100681	100647
229	140514	156336	2311	60	27832	29632	200023	4	2134	100652	100023	100526	100879
230	177496	140656	2534	55	27599	29399	200023	2	2380	100846	100142
231	164277	154402	2615	66	30839	32639	200024	3	2432	100656	100605	100582
232	187302	158405	2517	66	30937	32737	200024	5	2339	100268	100102	100785	100953	100209
233	157864	177749	2514	66	30940	32740	200024	4	2243	100475	100873	100583	100749
234	209639	208889	2592	64	30858	32658	200024	7	2410	100451	100871	100628	100118	100024	100219	100058
235	203666	144508	1483	45	31931	33731	200024	7	1337	100584	100309	100800	100441	100458	100918	100617
236	185278	194262	2797	65	30655	32455	200024	3	2476	100547	100907	100498
237	164967	175161	2140	60	31303	33103	200024	3	1838	100108	100742	100145
238	174054	190645	2521	65	30931	32731	200024	6	2348	100708	100910	100357	100359	100959	100042
239	181498	146534	2299	60	31144	32944	200024	3	2135	100183	100354	100844
240	173822	159271	2479	65	30973	32773	200024	3	2285	100371	100137	100806
241	173245	191082	2751	56	34884	36084	200025	8	2493	100241	100869	100923	100899	100886	100214	100303	100259
242	189057	131877	1777	63	35871	37071	200025	3	1540	100780	100298	100469
243	198016	120032	1841	42	35767	36967	200025	2	1683	100369	100577
244	157869	181064	2420	61	35224	36424	200025	4	2213	100436	100921	100222	100419
245	203142	106127	2795	58	34844	36044	200025	3	2624	100683	100025	100926
246	205017	138999	1911	59	35730	36930	200025	5	1697	100062	100496	100306	100541	100996
247	149291	149832	2528	58	35111	36311	200025	4	2321	100950	100248	100071	100460
248	203987	202641	2325	62	35321	36521	200025	4	2129	100372	100070	100604	100364
249	166352	143401	2190	66	35464	36664	200025	4	2010	100128	100655	100588	100367
250	181186	132743	1899	45	35715	36915	200025	1	1649	100233
251	149641	160282	2545	64	35105	36305	200025	3	2236	100468	100677	100437
DIMENSION: 252
SOLVETIME: 110.577
DEPOT_SECTION
1
-1
EOF
