ID	X_COORD	Y_COORD	EP_ID	STUDENT_COUNT
100001	110708	185632	200001	2
100002	159330	128383	200002	55
100003	124762	100052	200003	5
100004	80998.5	198998	200004	1
100005	135357	170827	200005	2
100006	159757	71701.3	200006	3
100007	26022.1	186332	200007	16
100008	92522.3	164678	200008	3
100009	194017	171406	200009	4
100010	15578.6	163057	200010	3
100011	12369.8	165434	200011	59
100012	73235.3	35402.4	200012	13
100013	129152	148618	200013	3
100014	83987	180786	200014	5
100015	209916	103675	200015	26
100016	176493	196994	200016	7
100017	96818.5	147590	200017	32
100018	88531.4	189983	200018	5
100019	115632	111090	200019	4
100020	79359.6	14936.7	200020	5
100021	166406	45968.6	200021	1
100022	209593	210424	200022	24
100023	176715	97108.6	200023	8
100024	71869.8	690.76	200024	4
100025	87592.4	42965.3	200025	14
100026	66891.2	203692	200026	50
100027	204791	130726	200027	5
100028	99736.9	186387	200028	17
100029	1465.31	206279	200029	5
100030	128008	202626	200030	5
100031	139252	23417.7	200031	2
100032	73712.5	58291	200032	66
100033	56615.9	90907.9	200033	5
100034	70003.3	36493.1	200034	3
100035	58764.8	53969	200035	40
100036	14455.4	151933	200036	57
100037	55994.8	185991	200037	1
100038	47994.1	22046.5	200038	5
100039	30365.9	93805.5	200039	2
100040	189610	53751.1	200040	5
100041	74302.6	173464	200041	5
100042	111562	97160.4	200042	49
100043	6030.78	105812	200043	5
100044	206672	21250.1	200044	5
100045	91376.3	22492.9	200045	2
100046	76554.1	18109.1	200046	22
100047	129738	163633	200047	2
100048	48201.3	169882	200048	4
100049	22882.4	171763	200049	4
100050	37110.4	77424.7	200050	5
100051	46928.2	25311.8	200051	52
100052	59859.3	158133	200052	8
100053	65270.6	84710.4	200053	40
100054	145263	175395	200054	4
100055	192745	92905.2	200055	41
100056	142481	141626	200056	5
100057	42379.7	41537.9	200057	2
100058	59806.3	187826	200058	33
100059	118106	6932.75	200059	19
100060	96979	189347	200060	1
100061	167671	186484	200061	44
100062	159302	114114	200062	7
100063	96327.8	53051.5	200063	4
100064	21917.5	88669.6	200064	34
100065	209558	6195.04	200065	22
100066	80894.2	120253	200066	5
100067	168433	75875.1	200067	5
100068	91810.8	171997	200068	2
100069	3641.72	127297	200069	1
100070	67627.2	26164.6	200070	2
100071	33609.3	202322	200071	18
100072	150717	196941	200072	5
100073	207623	200445	200073	2
100074	57639.9	31865.1	200074	1
100075	20216.8	19828.1	200075	1
100076	70087.1	123403	200076	56
100077	197408	51578.7	200077	4
100078	83039.9	112702	200078	12
100079	4277.59	563.25	200079	5
100080	32715.8	159553	200080	4
100081	88430	198573	200081	22
100082	21108.5	94226.4	200082	55
100083	130506	28022.3	200083	46
100084	53103.4	68779.9	200084	28
100085	80194.5	66684.4	200085	6
100086	57549.2	27977.8	200086	1
100087	143892	71843.8	200087	4
100088	199351	94751.7	200088	3
100089	38812	203635	200089	66
100090	89469.2	28310.8	200090	34
100091	158132	120607	200091	2
100092	146141	209412	200092	26
100093	68302.1	181579	200093	43
100094	171734	95215	200094	3
100095	71951.9	186260	200095	1
100096	103470	132051	200096	2
100097	42504.9	168136	200097	5
100098	185110	101400	200098	34
100099	132785	137522	200099	50
100100	166851	135771	200100	28
100101	92398.1	149060	200041	4
100102	101738	15237.1	200085	4
100103	40895.5	122107	200048	50
100104	17652.3	154058	200028	5
100105	71122.3	165837	200004	2
100106	25355.3	29487.9	200024	5
100107	83676.1	101748	200003	14
100108	92527.6	125906	200019	24
100109	164504	78089.3	200023	2
100110	80138.9	188329	200052	3
100111	67355.6	144736	200052	59
100112	37137	201505	200007	8
100113	208415	12955.7	200044	9
100114	151602	153164	200062	4
100115	78111.8	23166	200079	14
100116	202874	208986	200022	1
100117	38218	16554.1	200024	15
100118	161112	162533	200092	43
100119	162382	129644	200006	5
100120	198732	81796.6	200088	1
100121	24019.2	102044	200082	1
100122	60881	9350.92	200051	3
100123	813.53	52539.2	200082	1
100124	80823.6	164485	200001	20
100125	81485.6	172978	200008	2
100126	97913.8	113252	200042	5
100127	100853	161232	200017	2
100128	5689.12	183859	200049	30
100129	114058	83991.2	200042	25
100130	121598	81303.5	200042	29
100131	62584.6	6563	200074	2
100132	197073	95793.7	200100	5
100133	201100	16202.4	200065	52
100134	27915.2	11482.7	200038	66
100135	194623	200503	200054	1
100136	101910	1476.42	200059	2
100137	65871	21137	200025	2
100138	173101	123549	200027	3
100139	41785	191189	200097	34
100140	178315	188282	200072	16
100141	28600.3	88103	200050	49
100142	144290	177491	200005	1
100143	82833.8	124397	200048	5
100144	73477.7	27787.8	200025	4
100145	89320	190730	200081	7
100146	77593.3	170028	200058	41
100147	107447	86360.4	200042	2
100148	155357	172047	200087	3
100149	21516.6	179907	200036	1
100150	195795	41843.3	200044	3
100151	163363	194118	200060	6
100152	27228.7	176816	200018	5
100153	80131.9	39794.5	200031	12
100154	167472	195872	200016	5
100155	84496.8	170212	200007	2
100156	169854	197855	200072	1
100157	69456.5	53976.2	200032	54
100158	65062.6	183094	200007	57
100159	51151	84216.2	200066	5
100160	46303.3	74885.5	200082	3
100161	202161	165553	200022	5
100162	81546.4	105341	200042	4
100163	170045	89133.4	200023	6
100164	169073	156567	200009	51
100165	107149	157373	200037	1
100166	206012	55982.2	200077	22
100167	33439.7	1345.95	200034	5
100168	98365.1	102715	200063	5
100169	34379.8	12913.5	200034	4
100170	55374.4	22960.5	200038	24
100171	37251.4	18276.8	200084	5
100172	80286.6	149325	200018	3
100173	199626	137785	200027	54
100174	77101.4	121433	200078	5
100175	140893	138592	200013	2
100176	59954.9	52746	200070	29
100177	53061	167737	200069	20
100178	202475	44523.3	200088	2
100179	130744	132129	200091	2
100180	74967.6	120493	200095	13
100181	54468.2	189328	200018	20
100182	41801.6	199787	200097	1
100183	51668.2	132675	200039	4
100184	100617	187416	200005	4
100185	105782	140520	200013	2
100186	191635	76826	200077	4
100187	183000	200802	200022	1
100188	47737.6	41292.5	200090	5
100189	103812	204593	200017	4
100190	210867	78589.5	200094	53
100191	166159	135208	200006	2
100192	107722	88572	200042	43
100193	190901	69876.7	200077	1
100194	85495	21138	200020	11
100195	202780	201249	200022	5
100196	64801.7	82853.7	200053	3
100197	79231.5	195826	200007	4
100198	83529.2	76035.9	200057	4
100199	27601	106780	200011	26
100200	11380.5	169082	200097	2
100201	93019.9	197497	200018	8
100202	111010	176354	200017	44
100203	49411.9	136092	200069	4
100204	69489.6	59225.8	200057	29
100205	28275.2	19504.5	200079	32
100206	70024.3	198378	200037	14
100207	99583.4	128619	200042	3
100208	122007	182402	200054	21
100209	72971.2	201340	200004	2
100210	164016	91601.6	200006	3
100211	85350.9	5852.38	200046	18
100212	210680	153005	200015	3
100213	186334	174636	200072	4
100214	108941	160558	200091	5
100215	55217.2	165898	200052	1
100216	199821	64255.9	200098	54
100217	180460	193446	200060	1
100218	189617	15989.7	200088	5
100219	105545	89062.3	200063	2
100220	151434	25190.9	200032	47
100221	107180	161959	200047	66
100222	133181	143389	200017	12
100223	95589.9	130813	200008	4
100224	126309	149793	200060	34
100225	133370	209973	200005	5
100226	126443	85236	200042	15
100227	53989	42074.1	200020	4
100228	135586	153347	200087	3
100229	151907	145157	200056	64
100230	20427.1	131497	200036	12
100231	145465	92317.4	200006	8
100232	33573.1	152648	200048	44
100233	146109	101170	200006	5
100234	197139	134860	200027	23
100235	148501	134394	200027	2
100236	21893.2	76065.7	200064	21
100237	206635	121198	200100	20
100238	197727	189248	200073	4
100239	82652.9	201877	200071	4
100240	16202.7	170949	200036	63
100241	4819.42	92013.9	200043	5
100242	175361	203333	200054	13
100243	58049.4	183746	200097	28
100244	69822.9	59455.2	200057	1
100245	190480	196020	200061	4
100246	59501.4	77326	200066	46
100247	100261	123958	200069	3
100248	16670.7	166669	200097	3
100249	15348.4	165948	200071	1
100250	154325	192507	200072	2
100251	13619.6	200449	200049	14
100252	178925	133994	200094	3
100253	29546.4	208235	200071	2
100254	178537	62996.2	200040	4
100255	171788	201983	200005	11
100256	195341	134533	200100	13
100257	43966.4	156976	200095	20
100258	96144.9	39324.7	200086	14
100259	61739.5	180020	200018	2
100260	15940.9	28704.5	200051	2
100261	47188.3	203905	200014	4
100262	30108.8	7530.66	200074	26
100263	160464	150427	200061	24
100264	188401	180395	200027	5
100265	93724.4	201379	200018	59
100266	104422	23118.5	200024	1
100267	145596	170216	200056	1
100268	114529	156299	200008	13
100269	120254	35461.1	200083	3
100270	105631	19116.8	200086	24
100271	101373	114339	200096	5
100272	74664.8	203130	200030	2
100273	182223	61208.6	200044	12
100274	164636	93776.9	200006	5
100275	203647	108572	200098	3
100276	30171.9	87896.4	200064	3
100277	38443.5	153840	200080	2
100278	117067	99157.4	200031	47
100279	35997.8	147489	200039	2
100280	89931.4	150672	200017	1
100281	90798.4	170248	200026	2
100282	194573	85259.3	200040	1
100283	174441	69983	200040	8
100284	45999.7	156431	200037	33
100285	99317.2	158846	200018	1
100286	13036.3	203084	200071	40
100287	51661.8	119683	200069	9
100288	62533.8	198734	200052	5
100289	1737.99	156736	200029	66
100290	56763.6	6868.53	200090	8
100291	69118.6	142119	200078	3
100292	20458.1	178097	200029	8
100293	89232.3	1033.95	200038	3
100294	189348	125047	200100	4
100295	68604.8	10746.3	200024	5
100296	189335	207786	200022	3
100297	65159.1	2761.49	200046	21
100298	81758.9	168347	200007	4
100299	157834	81510.4	200006	53
100300	2369.67	137178	200036	5
100301	68225.8	69975.8	200070	55
100302	138813	78071.2	200042	2
100303	103166	78414.3	200085	3
100304	38581.9	69728.6	200064	1
100305	211143	188206	200061	22
100306	43195.6	45866.5	200051	1
100307	149488	12271.3	200059	23
100308	30272.3	32844.2	200086	2
100309	74366.6	50437.3	200090	4
100310	184687	104368	200023	54
100311	55372	208252	200014	3
100312	101665	143154	200017	29
100313	109477	192897	200005	22
100314	156984	87155.3	200042	5
100315	11825.1	201847	200097	2
100316	9516.57	65753.6	200043	27
100317	14591.7	16554.7	200086	9
100318	87331.2	117336	200053	5
100319	194816	86459.9	200098	4
100320	110158	64220.3	200085	18
100321	45905.5	85935.6	200035	28
100322	70778.6	92396.4	200053	63
100323	46213.3	113022	200011	5
100324	202770	202787	200022	30
100325	178781	63820.5	200055	1
100326	116122	191875	200068	5
100327	13677.1	179324	200029	16
100328	59227.5	142950	200041	29
100329	203935	200276	200016	25
100330	33878.2	129244	200076	40
100331	127480	70636.4	200012	4
100332	186943	202767	200022	5
100333	140464	147699	200068	25
100334	37187.7	138015	200039	29
100335	159698	198842	200054	27
100336	111636	73080.9	200042	34
100337	97622.7	118781	200053	5
100338	45179.8	196792	200030	1
100339	41644.7	177549	200004	4
100340	159900	69551.5	200067	5
100341	86078.4	69698.5	200053	23
100342	61152.5	178485	200007	3
100343	127926	115515	200033	33
100344	9212.34	210305	200089	3
100345	130701	53190.1	200070	21
100346	120782	109978	200067	40
100347	120969	117038	200087	4
100348	80069.3	168910	200095	1
100349	39396.9	57216.3	200064	30
100350	73413.4	179546	200014	14
100351	176329	31822.4	200065	2
100352	117185	89478.6	200033	3
100353	81389.7	139772	200037	5
100354	172264	155836	200056	33
100355	130606	140981	200092	3
100356	155943	176208	200060	25
100357	12823.8	178306	200097	25
100358	165866	91657.8	200098	37
100359	132186	140326	200091	31
100360	41946.4	158479	200095	5
100361	79782.5	174413	200041	5
100362	61404	40223.2	200090	63
100363	190869	117038	200027	19
100364	54533.7	14576.8	200086	5
100365	186981	147127	200027	34
100366	110484	205227	200030	66
100367	149872	70843.4	200062	4
100368	100048	104176	200003	4
100369	73100.9	53554.1	200050	64
100370	88999.1	36717.9	200086	3
100371	165707	70011.7	200098	3
100372	6480.36	77142.6	200043	5
100373	140347	172362	200060	5
100374	18649.2	80271.2	200084	66
100375	10764.5	200454	200071	30
100376	102510	15256	200021	1
100377	43238.2	39724.5	200090	46
100378	118739	175742	200001	66
100379	126452	6936.46	200025	2
100380	105300	131964	200096	4
100381	53868.5	86946.2	200043	5
100382	64972.9	130724	200078	4
100383	87809.6	150942	200017	35
100384	57200	93381.5	200053	35
100385	118745	66762.7	200063	36
100386	4087.57	209129	200089	1
100387	194498	179974	200015	26
100388	112873	200892	200005	1
100389	82671.7	183055	200018	39
100390	176695	82301	200044	5
100391	202588	142823	200027	9
100392	58821	179697	200071	50
100393	76345.9	851.18	200074	5
100394	27411.5	106569	200076	2
100395	52656.6	90273.7	200043	1
100396	68742.8	163983	200010	66
100397	120439	83505.9	200067	6
100398	40203.3	50036.6	200066	20
100399	175572	111427	200055	1
100400	42706.5	143793	200039	29
100401	58012.3	78129.4	200053	3
100402	189570	162859	200061	3
100403	64893.4	5924.87	200075	57
100404	80400	173157	200037	63
100405	18180.2	5072.69	200064	28
100406	179300	72217.6	200040	60
100407	6125.05	32688	200090	34
100408	32763.4	19087.2	200034	28
100409	51499.8	141047	200080	20
100410	195861	134656	200056	1
100411	114508	196335	200005	1
100412	42795.4	157803	200010	1
100413	132483	159347	200005	3
100414	103701	43217.3	200075	45
100415	5862.91	179742	200089	45
100416	68459.4	60781.1	200057	1
100417	25716.6	146005	200039	37
100418	123603	160157	200001	41
100419	149400	70923.1	200063	5
100420	186321	175330	200009	66
100421	178187	102227	200023	1
100422	82643.1	50734.3	200053	8
100423	132910	191869	200016	61
100424	98727.2	144121	200092	2
100425	41841.7	45764.4	200075	2
100426	137785	160019	200087	8
100427	152826	132856	200006	34
100428	166115	210308	200054	3
100429	35085.9	81180.7	200050	20
100430	15208.3	1728.94	200034	4
100431	204253	208561	200022	5
100432	165910	98928.1	200067	2
100433	159971	104531	200055	5
100434	87086.4	101831	200033	33
100435	178821	147101	200094	49
100436	100955	49932.8	200021	3
100437	168927	137188	200087	5
100438	48244.1	192344	200008	5
100439	15331.7	98944.8	200043	6
100440	98763.8	45783.2	200085	30
100441	181935	63100.9	200098	2
100442	89253.6	118479	200026	15
100443	190436	106795	200098	1
100444	138845	55384.8	200006	4
100445	187069	203741	200022	45
100446	40884.7	15998.7	200034	49
100447	140346	206480	200093	3
100448	87278.7	121230	200019	25
100449	95893.4	201166	200092	28
100450	16817.3	56309	200084	3
100451	194302	126374	200094	1
100452	134537	178283	200054	4
100453	23639.4	165347	200097	3
100454	159179	160213	200013	41
100455	159840	205979	200016	3
100456	141581	187275	200081	2
100457	114950	198232	200030	4
100458	115834	93267.2	200063	23
100459	126173	99060.8	200098	1
100460	186969	167917	200061	35
100461	28602.4	172589	200041	19
100462	80522.9	34204.6	200032	16
100463	103034	665.21	200075	5
100464	35993.3	87199.1	200039	25
100465	130671	198242	200054	20
100466	109428	185478	200092	58
100467	115429	166924	200018	22
100468	183038	164609	200061	3
100469	159637	152125	200054	27
100470	189064	115993	200023	2
100471	170323	185841	200022	57
100472	112627	173013	200008	14
100473	15809.8	206853	200014	9
100474	45385.9	30356.1	200038	12
100475	16892.7	52692.3	200082	3
100476	128568	101116	200063	2
100477	130056	139619	200062	2
100478	119410	200105	200005	2
100479	88342.6	21663.8	200046	2
100480	198432	63869.1	200077	6
100481	53944.9	87007.9	200066	33
100482	85687.3	199065	200007	2
100483	134432	127346	200056	8
100484	103908	148729	200001	4
100485	29598.3	211042	200071	5
100486	77666.6	36568.8	200035	4
100487	1164.01	136631	200069	53
100488	169241	209896	200073	4
100489	5482.67	191892	200029	1
100490	71286.2	159281	200047	4
100491	208686	196644	200015	3
100492	103665	187923	200009	5
100493	109961	67326.1	200033	44
100494	104118	95893.4	200006	1
100495	131186	51562	200083	2
100496	117759	71311.4	200067	1
100497	185814	132848	200056	32
100498	639.23	154051	200036	45
100499	150253	111887	200062	8
100500	55278.4	54934.5	200038	17
100501	134172	117081	200062	3
100502	140335	145800	200087	51
100503	148124	92015.6	200063	7
100504	3951.84	167384	200011	4
100505	26625	28432.1	200079	11
100506	57882.6	191375	200004	4
100507	108865	10975.2	200032	19
100508	96481	155725	200002	1
100509	52063.8	154039	200008	1
100510	12483.4	195997	200014	32
100511	27003	69555.4	200043	1
100512	48817.2	52162	200074	1
100513	158182	167560	200015	5
100514	34219.6	174723	200071	26
100515	27903	118870	200050	56
100516	117892	104055	200096	42
100517	128604	195338	200001	57
100518	200228	54356.4	200065	11
100519	72031	72432.3	200012	2
100520	178837	36251.7	200055	3
100521	197072	52875.2	200077	32
100522	16371.7	64076.7	200066	3
100523	26191.3	182879	200049	2
100524	153684	183096	200068	29
100525	70227.8	207384	200007	4
100526	122259	174684	200041	45
100527	42220.3	191451	200029	34
100528	70316.6	174734	200018	44
100529	198495	29924.2	200040	5
100530	53975.2	22108.2	200075	3
100531	85373.3	120514	200096	1
100532	69937.4	15255.7	200046	34
100533	39515.7	151056	200039	30
100534	82740.6	174336	200052	26
100535	55652.8	108617	200052	16
100536	77.43	198360	200089	23
100537	119541	118636	200096	1
100538	73008	167400	200007	3
100539	62914.8	121183	200066	10
100540	208807	188685	200022	2
100541	162064	92324.3	200055	2
100542	46123.8	35864.3	200035	3
100543	119762	108126	200096	5
100544	88772.9	74807.7	200012	32
100545	9827.08	14242.2	200082	5
100546	3904.6	88516.9	200043	3
100547	29621.5	151672	200018	38
100548	131041	196895	200013	31
100549	66154.8	151081	200095	2
100550	3427.02	13520.4	200084	1
100551	67298	150646	200048	56
100552	58777.6	13101.3	200074	14
100553	119012	138346	200013	28
100554	55785.1	42011.9	200086	5
100555	51718.8	182994	200008	4
100556	116918	93573.6	200098	4
100557	201422	127886	200094	1
100558	22490.8	163869	200095	59
100559	81450	200293	200014	23
100560	108929	52342.4	200045	47
100561	24110	177295	200029	28
100562	22347.4	76557.3	200043	5
100563	32711.5	144613	200011	1
100564	59441.1	179529	200058	3
100565	160897	189778	200060	1
100566	55213.8	117074	200069	2
100567	110296	145021	200047	45
100568	132125	197341	200068	2
100569	121034	82768.1	200045	5
100570	106964	157642	200099	27
100571	52917.1	99892	200066	1
100572	54785.4	50859.2	200079	18
100573	25992.5	60338.8	200064	55
100574	40166.2	59748.7	200012	66
100575	35313.1	92224.8	200050	47
100576	60928.4	155396	200078	30
100577	74337.9	119740	200017	29
100578	124896	151892	200099	11
100579	104145	178780	200005	5
100580	122254	183465	200060	2
100581	59550.2	160015	200048	5
100582	84968.3	17731.3	200074	4
100583	9420.32	24340.9	200079	1
100584	179111	118347	200087	3
100585	47858.4	42686.1	200024	3
100586	197327	210350	200022	49
100587	129656	70767.5	200083	2
100588	98669	142515	200052	2
100589	121376	181054	200017	5
100590	160938	185785	200054	32
100591	27714.4	25724.1	200075	2
100592	33635.6	30663.6	200084	4
100593	105745	45765.2	200020	9
100594	107562	200548	200041	3
100595	69529.8	163267	200008	28
100596	113223	167789	200017	2
100597	123405	169577	200019	1
100598	150147	157518	200001	4
100599	61748.9	137028	200036	31
100600	153292	200118	200054	58
100601	3065.5	47449.7	200084	31
100602	83109.8	109036	200012	17
100603	141306	37945.8	200059	34
100604	194024	201038	200072	43
100605	101796	171401	200001	5
100606	51621.1	20590.3	200086	2
100607	193442	162705	200015	57
100608	205871	211136	200022	17
100609	116848	46471.8	200032	50
100610	137904	150718	200056	14
100611	105135	6098.12	200059	1
100612	99818.7	13483.7	200090	4
100613	157771	116184	200027	4
100614	48597.4	205607	200004	26
100615	130556	82633	200067	61
100616	144599	107819	200087	29
100617	56350.3	9814.06	200024	46
100618	124414	3316.49	200031	3
100619	97491.3	30112.7	200032	4
100620	86089.5	16102.4	200024	28
100621	120227	37164.7	200032	4
100622	141255	188552	200016	1
100623	41560.2	114774	200011	61
100624	97885.4	42469.6	200031	2
100625	74544.4	172282	200041	45
100626	73893.2	164157	200004	17
100627	74334.6	105383	200053	5
100628	189653	122406	200100	1
100629	58731.8	33090.4	200020	60
100630	130739	138873	200062	14
100631	78077.9	87635.5	200057	48
100632	126524	145455	200013	4
100633	53796	84855.5	200053	5
100634	190096	57785.5	200040	4
100635	152803	181317	200013	3
100636	53541.5	166121	200004	49
100637	181174	177740	200016	3
100638	203825	152368	200015	4
100639	210912	176764	200009	32
100640	174630	120616	200062	5
100641	25385.8	15832.8	200084	4
100642	10506.1	165255	200011	45
100643	127364	16006	200085	4
100644	200684	191347	200022	26
100645	80441.7	45347.5	200070	26
100646	194514	151015	200094	5
100647	41526.6	136753	200078	65
100648	175547	105413	200100	31
100649	95474.9	175618	200018	47
100650	48216	16606.1	200051	5
100651	124894	177485	200092	28
100652	184074	26166.4	200055	2
100653	194417	203283	200022	1
100654	48268	139790	200078	5
100655	87696.7	185913	200007	5
100656	205622	72508.4	200040	12
100657	59499.8	24563.6	200046	32
100658	3429.59	41482.7	200064	6
100659	87883.2	144468	200019	3
100660	61781.8	160089	200058	1
100661	121347	72225.4	200042	1
100662	95065.6	34461.1	200083	53
100663	57902.9	98738.1	200078	2
100664	102201	156861	200091	27
100665	158890	209376	200016	8
100666	138484	170251	200060	4
100667	42924.2	165481	200014	4
100668	108133	149783	200013	4
100669	193991	47179	200088	3
100670	20156.8	114239	200097	7
100671	148408	86752.9	200006	18
100672	128827	152658	200060	5
100673	161986	141522	200062	21
100674	87973.5	208467	200037	21
100675	29340.1	54386.2	200051	4
100676	168637	182373	200056	2
100677	99049.6	209470	200005	1
100678	191242	174194	200073	4
100679	50796.7	99129.9	200039	2
100680	83499	4392.48	200051	42
100681	82727.3	63192.7	200066	4
100682	186242	163069	200015	2
100683	30460.4	142695	200010	3
100684	72453.8	74039.6	200050	36
100685	4363.79	178461	200029	1
100686	198046	67223.1	200077	37
100687	111492	18556.5	200059	4
100688	111664	190639	200007	3
100689	149926	185614	200016	13
100690	41675.3	121946	200069	13
100691	30640.7	18544.5	200079	5
100692	25441.7	70733.2	200064	5
100693	1796.69	58984.9	200082	5
100694	83955.2	70980.1	200020	41
100695	149786	95620.4	200006	5
100696	199374	190641	200072	16
100697	74471.9	19247.6	200038	3
100698	198391	68953.4	200094	5
100699	111681	91460.2	200063	1
100700	20371.6	74750.1	200053	55
100701	36741.5	166061	200010	3
100702	98036.2	179169	200041	3
100703	15372.4	203697	200089	3
100704	12046.9	32538	200064	2
100705	177120	102075	200098	16
100706	34876.7	93346.6	200066	4
100707	96439.3	161980	200047	24
100708	80831.5	16698.1	200075	53
100709	108498	78354.9	200031	3
100710	132315	127215	200062	3
100711	195851	102410	200040	63
100712	58810.1	28501.9	200020	18
100713	97284.3	3034.57	200059	20
100714	128497	129126	200096	5
100715	32035.4	140070	200076	19
100716	32772.2	121538	200076	3
100717	9582.5	210165	200089	3
100718	30865.2	144666	200080	28
100719	24494.1	157783	200036	3
100720	180394	197636	200073	19
100721	36347.3	119421	200011	6
100722	72776.6	178171	200037	2
100723	74621	144719	200058	55
100724	194666	44516.6	200065	3
100725	67207.2	94416	200053	4
100726	70915.3	145458	200069	2
100727	28690.1	139851	200039	21
100728	33352.5	161682	200097	4
100729	68958.9	30692.6	200086	17
100730	31142.8	5016.17	200034	23
100731	119960	210073	200007	16
100732	110002	153732	200068	5
100733	181748	187316	200009	13
100734	171623	142353	200013	5
100735	39921.3	140753	200039	21
100736	124722	189775	200047	65
100737	72951.2	209978	200004	1
100738	38827	193213	200030	50
100739	20913.5	153727	200036	9
100740	180387	69665	200040	9
100741	78696.5	198760	200007	28
100742	112841	126929	200013	4
100743	86536	18595.5	200057	18
100744	168909	116039	200006	5
100745	70992.4	163849	200019	35
100746	74554.5	7978.5	200070	35
100747	147573	174226	200002	5
100748	138073	128386	200062	4
100749	38438.9	110797	200080	66
100750	56429.1	171690	200048	4
100751	157687	172898	200056	48
100752	151054	146304	200002	2
100753	60861.7	74784	200035	26
100754	56748.9	195724	200089	2
100755	59027.1	148097	200080	3
100756	2320.78	205494	200071	59
100757	39933.4	22069	200082	1
100758	204185	171385	200061	14
100759	49664.3	26491.3	200050	34
100760	38516.9	5788.29	200079	48
100761	97947.1	5071.96	200025	2
100762	109113	208915	200016	1
100763	31023.1	68658.6	200082	3
100764	55540.5	38094.4	200085	57
100765	53420.3	178289	200069	39
100766	143126	50647.9	200021	19
100767	171018	95560.6	200006	27
100768	84357.8	8853.39	200046	19
100769	199825	175725	200094	17
100770	98091.6	137364	200080	4
100771	177688	208759	200073	12
100772	2092.28	193758	200089	21
100773	124254	177589	200093	2
100774	145131	125276	200056	3
100775	6184.22	197124	200071	57
100776	14771.8	188862	200049	5
100777	54116.5	176381	200018	15
100778	200221	107463	200040	3
100779	53002.6	209352	200014	3
100780	191573	149891	200027	4
100781	10527	24438.1	200079	5
100782	72733.1	121120	200033	12
100783	185122	205224	200054	23
100784	103676	41818.6	200083	5
100785	153574	90471.5	200098	25
100786	76945	174274	200041	6
100787	183048	91837.3	200098	3
100788	88201.4	1775.86	200085	4
100789	161624	149918	200013	44
100790	108263	97950.1	200063	1
100791	110516	192732	200009	19
100792	11614.1	25804.3	200082	1
100793	166315	204852	200099	3
100794	110064	181570	200004	32
100795	137323	89923.4	200031	2
100796	145479	68065.7	200087	3
100797	103854	201584	200068	10
100798	40141.7	161855	200058	19
100799	16001.4	167688	200089	1
100800	74093.8	25019.5	200025	2
100801	93902.9	165308	200026	5
100802	88792.4	171478	200058	10
100803	46605.3	177633	200028	4
100804	128938	39164.6	200083	20
100805	19106.5	79716.4	200011	3
100806	148002	176340	200060	10
100807	46619.1	4676.44	200090	2
100808	53275.6	127365	200036	49
100809	63287.1	181135	200028	5
100810	31174.5	210199	200071	24
100811	157289	136874	200091	17
100812	193416	128910	200094	5
100813	175512	97786.2	200040	60
100814	108229	78404.5	200083	2
100815	61025.3	190235	200007	33
100816	74119.5	7842.48	200079	4
100817	69607.5	130219	200078	1
100818	119375	203091	200001	16
100819	67159.8	171240	200058	1
100820	193063	168081	200061	1
100821	203489	34923.3	200055	1
100822	89713.4	134419	200039	4
100823	14777.3	130987	200036	15
100824	96087.6	27000.8	200032	5
100825	48618.7	164651	200039	11
100826	85820.3	189166	200004	3
100827	65624.5	59262.9	200038	2
100828	46637.5	161046	200048	1
100829	15866.8	184846	200039	28
100830	148795	174835	200060	58
100831	43031.2	15788.8	200020	3
100832	128607	181396	200092	21
100833	69084.3	92945.1	200063	5
100834	156195	204156	200016	3
100835	160685	176604	200060	35
100836	8855.25	198722	200049	38
100837	92143.4	203871	200030	2
100838	181174	180940	200022	5
100839	53310.5	20601.6	200034	24
100840	172099	199081	200072	3
100841	69396.4	53636.7	200012	12
100842	203666	25261.4	200065	35
100843	184962	181120	200068	1
100844	32270.1	206462	200071	4
100845	61584.2	49342.9	200074	3
100846	151458	128168	200006	2
100847	606.37	162389	200010	2
100848	97264.6	128142	200019	2
100849	147645	160690	200002	38
100850	73434.6	116158	200003	3
100851	113234	11286.1	200020	24
100852	69355.4	196222	200014	13
100853	106027	196256	200041	19
100854	25645.2	118740	200010	2
100855	148662	136135	200056	25
100856	197738	123491	200098	26
100857	91662.9	208207	200007	52
100858	45637.6	193656	200037	1
100859	30967	12744.3	200034	2
100860	130029	123700	200001	5
100861	68364.2	199904	200007	44
100862	148292	148107	200015	5
100863	95597.7	119263	200063	3
100864	11312.6	135501	200011	1
100865	132476	82821.2	200067	30
100866	119545	61369.4	200021	5
100867	33887.7	210559	200071	55
100868	150635	52580.4	200044	4
100869	135000	143858	200013	16
100870	174011	96951.9	200027	4
100871	70625.5	27307.1	200046	2
100872	62506	85678.7	200043	2
100873	207218	9387.26	200077	4
100874	142643	200681	200092	37
100875	83329	129195	200026	6
100876	167181	70005.2	200077	27
100877	124852	199754	200081	59
100878	68093.7	33972.5	200086	1
100879	92868.6	128661	200017	4
100880	94203.8	147108	200052	3
100881	196271	24954.6	200065	5
100882	196674	28927.1	200065	5
100883	185307	135191	200013	3
100884	204036	152603	200027	3
100885	122510	129527	200002	5
100886	183362	84157.5	200040	2
100887	54664.7	177906	200058	1
100888	152632	180835	200005	14
100889	1269.33	13305.5	200038	26
100890	73937.1	131052	200048	1
100891	174772	97561.1	200098	28
100892	53128.1	103236	200035	13
100893	173874	63267.8	200006	2
100894	33039.7	86427.4	200076	2
100895	70428.9	20085.8	200086	17
100896	59777.8	145540	200080	54
100897	69997.9	51749.3	200066	5
100898	144253	128508	200062	5
100899	75057.8	154530	200001	7
100900	29262.4	197356	200071	3
100901	83576.8	192318	200092	4
100902	162889	196507	200054	3
100903	94996.6	15836.4	200059	4
100904	65527.2	144290	200052	1
100905	133841	19670	200059	1
100906	145639	138749	200056	3
100907	58148.8	133113	200028	3
100908	155625	66467.1	200083	3
100909	90582.9	188631	200019	21
100910	36896.8	196502	200049	4
100911	61309.7	175666	200018	5
100912	35301.6	188120	200041	4
100913	75877.6	102095	200078	52
100914	130488	204290	200068	2
100915	87047.1	64193	200067	1
100916	32171.6	175769	200004	2
100917	194886	68649.8	200077	5
100918	53018.1	135060	200049	3
100919	63749.2	96000.8	200066	3
100920	7141.78	14827.3	200038	41
100921	187490	85970.4	200023	4
100922	39016.8	50168.9	200086	51
100923	34393.9	92232.2	200039	3
100924	152184	89093.1	200006	1
100925	68346.4	169921	200097	36
100926	16560.5	178366	200018	16
100927	111720	121623	200096	6
100928	56040	26712.4	200024	5
100929	90540.5	66293.8	200012	2
100930	75603.7	200712	200007	4
100931	9271.05	32928.6	200079	4
100932	13270.4	70107.2	200084	3
100933	209993	159798	200015	1
100934	113370	180284	200092	55
100935	68679.3	10527.4	200046	25
100936	97030.8	205361	200081	1
100937	43685.5	5817	200034	4
100938	33579.4	57263.1	200051	2
100939	50557.5	6098.15	200034	28
100940	157045	161411	200056	48
100941	110635	149.6	200046	1
100942	164014	198535	200054	38
100943	166018	161727	200061	5
100944	53760.5	174524	200058	14
100945	68153.7	128631	200076	5
100946	120897	26055.9	200085	52
100947	31607.3	144725	200080	57
100948	127682	144399	200001	3
100949	55057.7	211105	200014	2
100950	171133	193000	200073	40
100951	146778	190889	200054	33
100952	93298.6	186792	200048	44
100953	60265.2	196093	200080	1
100954	171742	87711.8	200006	10
100955	128974	176274	200009	34
100956	118716	69927.9	200083	2
100957	196410	180407	200009	20
100958	99908.5	158619	200047	18
100959	86331.2	132843	200078	20
100960	209706	165977	200099	1
100961	30366.3	46268.9	200034	4
100962	49020.4	202536	200071	1
100963	124711	56807.2	200031	7
100964	14692.2	200638	200089	28
100965	117386	67608.8	200021	20
100966	22256.8	200063	200089	1
100967	68209.8	155011	200007	41
100968	175474	124289	200056	5
100969	147888	51707	200021	53
100970	202173	9692.07	200088	1
100971	55598.3	43452.2	200038	32
100972	18337	66165.5	200084	2
100973	72209.3	14191.1	200074	4
100974	2131.73	178650	200029	32
100975	108370	5477.46	200025	5
100976	122231	125558	200092	59
100977	91628.5	50408.3	200012	4
100978	53031.7	164770	200095	1
100979	179626	134504	200002	2
100980	83884.5	153201	200095	5
100981	83596	172684	200041	2
100982	101430	174568	200017	2
100983	12824	47960.2	200043	30
100984	9639.41	185376	200097	3
100985	99495.9	120413	200053	5
100986	144784	72743.7	200042	16
100987	36947	96026.6	200064	2
100988	65851.9	278.53	200074	5
100989	19416.9	184883	200089	29
100990	81881	205026	200081	1
100991	33104	120207	200076	2
100992	89892.9	126349	200096	19
100993	53890.5	66381.5	200070	4
100994	71417.7	170317	200017	15
100995	41212.6	167894	200049	5
100996	199294	85202.6	200098	17
100997	146765	140598	200056	3
100998	134127	131424	200013	64
100999	164991	179786	200072	53
101000	3854.87	148789	200049	5
101001	128505	197670	200093	5
101002	65251.3	173714	200047	4
101003	48426.3	151008	200010	3
101004	49977.1	207324	200014	5
101005	164600	146902	200056	4
101006	207986	189283	200100	32
101007	154468	85760.3	200006	42
101008	33684.9	120077	200076	1
101009	75642.6	24524.1	200035	5
101010	152752	151095	200015	33
101011	2462.34	182968	200089	2
101012	204536	211105	200022	1
101013	50824.4	87310.3	200069	5
101014	24466.2	191728	200014	5
101015	30806.7	12802.6	200082	2
101016	102283	166436	200005	6
101017	58292.5	65651.8	200038	4
101018	209394	103534	200055	4
101019	77918.9	112068	200066	4
101020	140665	185645	200001	3
101021	14403.3	100622	200043	21
101022	158166	91539.2	200063	38
101023	67382.6	2042.67	200025	2
101024	100980	42632.6	200090	3
101025	116539	144329	200019	20
101026	83128.9	151027	200033	14
101027	19031.6	44223.4	200084	66
101028	91400.3	28458.7	200032	4
101029	64207.7	135112	200041	5
101030	175953	199079	200016	2
101031	157282	182035	200016	55
101032	200613	158689	200027	2
101033	64246.9	13139.5	200074	28
101034	42351	117140	200080	1
101035	96800.2	152374	200017	27
101036	76038	18971.7	200074	11
101037	88850.1	29680.4	200046	50
101038	41676.4	38833.2	200020	43
101039	93308.7	172401	200041	31
101040	61126	3623.69	200074	2
101041	41905.2	201639	200030	33
101042	106348	208999	200081	6
101043	196079	30609.4	200065	10
101044	132892	190822	200016	14
101045	21012.9	106029	200076	60
101046	37962.3	2878.77	200079	21
101047	53039.8	184599	200014	1
101048	109913	9634.24	200059	4
101049	30434.4	125464	200076	66
101050	72002.5	96552.6	200069	18
101051	45837.8	127478	200069	2
101052	74969.1	164448	200026	5
101053	114977	149183	200062	4
101054	105892	201212	200004	9
101055	78880.9	79815.6	200050	2
101056	178980	95521.7	200098	55
101057	138654	88883.9	200083	16
101058	40284.6	83105.5	200066	25
101059	82177.1	25271.4	200034	4
101060	117619	35128.8	200085	5
101061	44012.8	56127.4	200024	3
101062	105312	51541.5	200059	5
101063	205836	60286.4	200044	43
101064	74443.1	174433	200041	5
101065	79823.3	112398	200019	27
101066	80294.4	108114	200053	33
101067	19031.3	188408	200089	38
101068	70386	170970	200095	2
101069	78110.8	122513	200039	5
101070	1277.38	168650	200039	20
101071	167222	54255.5	200021	4
101072	141822	205846	200081	3
101073	105731	187415	200047	5
101074	15585.8	139791	200036	3
101075	82044.1	31366.9	200046	4
101076	75198.3	208600	200058	30
101077	110942	17708.9	200032	53
101078	182474	160458	200100	29
101079	18535.8	192409	200071	54
101080	51484.7	90470.4	200053	17
101081	56250.7	145053	200080	46
101082	167584	191222	200016	1
101083	159124	89436.2	200063	66
101084	100316	95014.5	200033	2
101085	179814	44366.4	200088	3
101086	158170	51464.3	200045	66
101087	72744.3	153351	200058	3
101088	76213.2	204685	200004	24
101089	176204	170376	200016	5
101090	130421	35675.3	200045	28
101091	141926	85465.9	200083	5
101092	136100	62340.2	200021	5
101093	180280	183383	200009	20
101094	130709	112404	200087	26
101095	24710.9	122694	200010	30
101096	34242.5	96557.9	200069	30
101097	47360.9	107819	200053	1
101098	199195	147903	200002	34
101099	130201	169622	200092	4
101100	53357.7	94593.8	200042	19
101101	139664	198137	200016	5
101102	72816.3	185832	200058	20
101103	197211	193207	200061	2
101104	73560.6	173627	200041	23
101105	180952	81398.6	200067	1
101106	85607.9	17609.5	200074	5
101107	123520	125464	200062	3
101108	153813	113813	200062	54
101109	147788	175707	200099	3
101110	175014	201207	200016	3
101111	207970	90002.5	200055	2
101112	23009.6	123696	200076	3
101113	25343.6	169601	200010	5
101114	89862	105042	200012	2
101115	56772.2	29129.9	200020	55
101116	131323	47582.2	200031	29
101117	99369.7	145701	200026	22
101118	125733	89519	200053	7
101119	3888.99	110350	200011	4
101120	17997.5	11254.5	200064	20
101121	41954.8	141076	200076	1
101122	63026.6	58598.6	200084	4
101123	57615.7	209722	200014	3
101124	96393.2	89743.2	200033	5
101125	144001	118119	200062	6
101126	137198	158348	200008	1
101127	193794	190951	200027	34
101128	75516	13310.8	200024	7
101129	28307.5	21109.9	200079	4
101130	112463	58330.2	200045	5
101131	60418.8	41220.3	200070	56
101132	126422	118700	200096	38
101133	176761	30118.1	200055	14
101134	31552.1	182705	200014	27
101135	62389.7	11421.2	200020	14
101136	60580.5	4665.73	200086	11
101137	66422.8	47246.4	200090	20
101138	44529	18053.3	200035	3
101139	41291.9	147049	200069	35
101140	121646	9824.14	200025	1
101141	109479	201864	200092	4
101142	18108.3	151899	200080	11
101143	87421.8	21398.4	200074	25
101144	32478.7	82873.5	200076	30
101145	112372	153504	200017	2
101146	4289.63	185593	200089	34
101147	199781	95650.3	200100	15
101148	53047.7	7615.79	200086	28
101149	74718.4	132599	200078	16
101150	117647	197371	200005	35
101151	181414	93916.4	200023	4
101152	160159	118732	200087	22
101153	203601	9660.54	200065	28
101154	112694	207752	200093	29
101155	67188.5	74831.3	200012	5
101156	139273	85108	200031	1
101157	90414.8	172872	200093	14
101158	168509	128034	200061	45
101159	180549	106534	200023	11
101160	167310	161088	200061	5
101161	114366	191296	200001	3
101162	176436	82905.4	200040	8
101163	14396.6	35558.7	200079	22
101164	32447.9	147310	200097	55
101165	129969	157732	200019	5
101166	126285	86756.1	200062	4
101167	9733.04	28020.7	200064	5
101168	94440	191805	200037	19
101169	27665.9	13869.1	200051	2
101170	196441	43173.5	200044	4
101171	186050	173156	200100	2
101172	178730	163122	200100	5
101173	159187	203853	200093	23
101174	93613.9	150442	200041	5
101175	1881.79	124789	200011	3
101176	164448	96341	200062	44
101177	25942.8	187523	200071	5
101178	13757.5	155048	200089	24
101179	65793.8	2515.49	200074	2
101180	45104.1	188707	200014	29
101181	46791.5	178445	200028	1
101182	13109.7	20209.3	200034	17
101183	37583.5	10911.4	200075	5
101184	23139.4	24507	200082	3
101185	143016	77613.1	200087	54
101186	5053.63	174793	200089	10
101187	196169	125506	200100	15
101188	7855.44	131916	200011	60
101189	82063.9	175585	200041	3
101190	33879	82387.4	200082	32
101191	44274.9	93430.4	200066	3
101192	88896.5	114275	200017	1
101193	36046.9	17724.6	200079	3
101194	62982.9	23897	200034	13
101195	67474.1	133635	200095	30
101196	204074	55670.3	200044	1
101197	205766	106591	200094	66
101198	193533	73545.8	200055	3
101199	50125.4	184163	200014	3
101200	123134	56195.2	200042	2
101201	76478	22082.4	200020	4
101202	93986.7	166304	200007	22
101203	83243.9	160123	200037	1
101204	35760.3	168155	200018	30
101205	100644	138327	200078	3
101206	127551	34524.1	200067	4
101207	39088.9	187926	200029	3
101208	109762	51865.9	200032	16
101209	9982.04	201012	200029	5
101210	43479.9	186441	200028	8
101211	198195	62038	200088	62
101212	153600	196419	200068	17
101213	169007	153757	200099	3
101214	162034	138402	200087	33
101215	157761	206269	200016	2
101216	153230	198037	200072	5
101217	106897	20752.4	200059	4
101218	10737.6	139494	200039	3
101219	43143.1	179527	200028	9
101220	17644.2	51610.7	200082	13
101221	31824.2	15775.4	200051	2
101222	95188.8	194162	200005	1
101223	63222	161239	200018	29
101224	168005	177160	200061	3
101225	21169	153649	200010	53
101226	165677	202480	200016	24
101227	89912.7	153336	200041	2
101228	4346.16	209956	200071	1
101229	77488.4	190738	200005	4
101230	30605.2	120873	200043	4
101231	44725.7	196088	200049	24
101232	188708	54001.6	200077	5
101233	115232	145157	200087	5
101234	14954.5	65613.1	200043	2
101235	45285.4	141168	200008	1
101236	44019.6	52495.9	200090	66
101237	211109	88089.5	200023	4
101238	176322	104834	200100	26
101239	192454	43949.9	200044	3
101240	100121	114931	200078	1
101241	41205.3	179129	200029	21
101242	210094	101007	200098	16
101243	3280.46	83035.8	200043	3
101244	125860	26383.4	200025	2
101245	103282	39666.4	200059	4
101246	112160	45639.8	200083	4
101247	119999	147505	200091	2
101248	103467	107451	200042	5
101249	41685.7	136822	200052	4
101250	102140	102287	200096	2
101251	120036	133498	200087	51
101252	52245.9	164181	200097	3
101253	29270.5	162490	200089	3
101254	101728	30549	200031	33
101255	57046.8	166157	200039	3
101256	164294	52832.3	200031	1
101257	162684	203111	200068	13
101258	9567.04	6443.85	200082	5
101259	172336	84174.7	200055	3
101260	3982.64	138866	200036	2
101261	50635.2	13621.4	200086	59
101262	175000	175298	200061	3
101263	117264	175393	200099	1
101264	22280	14908.5	200079	44
101265	178985	28383.1	200044	2
101266	97016	153115	200019	1
101267	193514	55784.3	200088	3
101268	177893	29461.1	200040	15
101269	107753	123601	200033	2
101270	62033.8	11451.8	200070	5
101271	63694.3	72394.5	200012	3
101272	1985.05	191121	200089	2
101273	21618.2	53185.1	200082	5
101274	205210	188423	200054	3
101275	132053	127007	200067	33
101276	102195	199676	200007	60
101277	43763.1	37810.8	200079	1
101278	158697	104077	200063	17
101279	157426	164964	200068	2
101280	94676.3	61620.9	200031	26
101281	118824	123531	200087	5
101282	199309	135935	200027	4
101283	182049	38268.9	200040	4
101284	52693.4	148327	200019	30
101285	103062	15239.4	200046	1
101286	75554.6	52218.8	200070	28
101287	56976.5	205586	200048	1
101288	73056.5	175621	200028	5
101289	115420	119080	200003	3
101290	117345	64404.7	200021	58
101291	133270	161398	200001	18
101292	59370.5	26211.5	200086	9
101293	75763.9	18483.8	200046	3
101294	108297	60516.9	200045	41
101295	90778.6	194729	200081	17
101296	101029	154368	200017	30
101297	145691	57148.5	200083	14
101298	153275	177744	200056	4
101299	72662.6	185630	200058	4
101300	155799	157266	200060	3
101301	127534	74579.4	200042	5
101302	91474.5	167936	200004	35
101303	119077	191962	200037	4
101304	110069	6391.96	200025	4
101305	62612.1	14728.4	200059	1
101306	152210	178834	200093	1
101307	184306	204561	200073	24
101308	92740.5	27360	200090	33
101309	22066	51932.3	200079	1
101310	142912	209738	200092	39
101311	36366.7	19523.2	200038	4
101312	94401.6	113135	200033	11
101313	111604	82429.5	200042	9
101314	110690	159464	200078	5
101315	72938.2	69021.9	200042	23
101316	45865.9	107467	200066	1
101317	49154.9	150130	200078	29
101318	82992.4	160914	200008	11
101319	207856	53858.8	200077	28
101320	113345	146023	200099	13
101321	119095	48243	200031	27
101322	121112	185732	200081	2
101323	74065.5	18526.3	200075	52
101324	39963.1	182126	200095	11
101325	181059	156250	200061	3
101326	117225	14719.5	200085	49
101327	48714.8	164361	200029	3
101328	101750	159790	200017	28
101329	142474	165044	200093	4
101330	4213.18	158114	200097	35
101331	101596	207112	200058	3
101332	116997	160022	200047	3
101333	93139.5	98763.7	200017	2
101334	53851.3	32588.6	200051	1
101335	142582	197668	200092	5
101336	116149	7578.41	200059	3
101337	147286	85888.9	200063	37
101338	158879	142813	200087	4
101339	100129	165463	200068	42
101340	79364.4	188209	200092	34
101341	11144.1	133806	200036	5
101342	209351	198102	200022	36
101343	13451.1	170660	200089	10
101344	55090.2	211090	200014	27
101345	33460.3	64210.8	200084	66
101346	35456.7	28713	200032	5
101347	199655	24923.3	200065	5
101348	178750	170312	200068	34
101349	109712	159610	200081	58
101350	133876	208172	200054	5
101351	10411.4	66278.5	200084	4
101352	996.03	98189.2	200082	12
101353	124039	18868.6	200045	3
101354	116265	204494	200030	4
101355	98967.3	159301	200047	25
101356	73070.8	140104	200053	6
101357	43628.2	38891.5	200066	5
101358	123193	131532	200092	1
101359	114219	1680.97	200074	2
101360	13716.9	210975	200071	50
101361	25001.6	157540	200048	66
101362	30797.7	123459	200097	15
101363	142145	93850	200087	1
101364	73654.4	173174	200047	50
101365	205370	125297	200094	29
101366	205125	138810	200094	2
101367	45554	124200	200069	59
101368	182997	208793	200054	3
101369	74229.1	95724	200053	61
101370	54931.3	181241	200049	27
101371	146174	164440	200061	5
101372	144825	170335	200060	3
101373	65943.2	196820	200005	3
101374	56199.4	87366.9	200066	3
101375	173625	96681.6	200023	1
101376	128670	169476	200056	4
101377	167239	51100.4	200040	55
101378	129914	49501.1	200021	4
101379	69686.3	74028.1	200066	5
101380	88199.7	164965	200037	3
101381	210662	202158	200022	3
101382	197459	10807.9	200065	46
101383	42455	127812	200011	5
101384	210068	44929.9	200088	3
101385	16534.1	165601	200097	7
101386	146212	144575	200056	4
101387	91348.2	33158.7	200032	2
101388	181780	74547	200040	28
101389	168576	78380.7	200040	1
101390	79896.5	162799	200037	14
101391	88684.2	157965	200058	4
101392	65308.6	189357	200004	9
101393	72590.6	84385.3	200012	15
101394	92422.7	156817	200058	46
101395	183229	184277	200016	3
101396	2175.22	97589.8	200043	1
101397	206417	154856	200061	4
101398	64420.3	43689.8	200020	47
101399	86281.6	178740	200007	5
101400	50138.8	35381	200038	4
101401	195894	163757	200100	2
101402	82599.1	129695	200078	25
101403	93882.5	64280.6	200033	5
101404	44439	95601.3	200043	44
101405	121801	187038	200093	17
101406	85055.9	44521.7	200075	66
101407	38657.8	60460.4	200012	20
101408	137708	150624	200002	4
101409	70335.4	154991	200048	46
101410	67718.6	37742.9	200086	35
101411	108243	195496	200041	27
101412	59665	26440.6	200074	2
101413	115075	98048.5	200003	12
101414	170652	195663	200016	13
101415	10198.1	59191.2	200084	35
101416	133889	183376	200060	4
101417	207166	113340	200100	1
101418	170997	128866	200061	1
101419	34233.1	68116.5	200050	4
101420	63098	46747.1	200070	1
101421	150165	171623	200001	48
101422	46005.7	72467.3	200084	4
101423	162575	141783	200100	66
101424	203894	202552	200022	4
101425	99729.2	133816	200019	21
101426	74482.3	90726	200053	30
101427	82614.8	143910	200008	61
101428	122231	143768	200008	3
101429	76326.1	42607.2	200046	1
101430	24830.6	56381.4	200057	66
101431	197438	72599.2	200055	1
101432	30993	18935.9	200079	29
101433	176451	203216	200054	4
101434	173007	96440.9	200040	3
101435	106145	146160	200080	2
101436	74857.3	59074.6	200012	3
101437	141685	83788.7	200067	5
101438	98658.8	91105.9	200096	1
101439	61421.3	61080.3	200057	5
101440	110714	7574.5	200025	20
101441	176816	137770	200015	6
101442	45241.2	77037.4	200043	4
101443	103857	20698.8	200024	23
101444	89546.8	115.53	200046	2
101445	110323	201536	200081	21
101446	76312.8	45169.4	200012	2
101447	13219.1	4214.92	200079	2
101448	106221	43430.6	200032	17
101449	59977.7	26746.2	200024	1
101450	138037	145389	200017	1
101451	113829	132964	200002	14
101452	122516	196296	200026	2
101453	131331	170290	200092	39
101454	116447	192085	200005	22
101455	37930.9	17103.5	200086	66
101456	26258.1	55099.6	200012	66
101457	80091.9	118133	200069	3
101458	118477	143335	200013	33
101459	115326	51364.4	200042	3
101460	145742	191211	200056	55
101461	3227.65	192754	200089	3
101462	168599	27071.1	200055	5
101463	145664	187794	200001	34
101464	56148.9	46342.5	200079	5
101465	14684	140212	200029	1
101466	11641	38965.9	200079	20
101467	181047	162143	200073	28
101468	75290.2	86.18	200035	4
101469	174095	193910	200073	22
101470	98155.7	163113	200018	44
101471	26416.3	20949	200082	3
101472	58532.3	33743.3	200070	54
101473	144938	195517	200054	5
101474	68397.2	130118	200037	5
101475	43232.6	76796.6	200038	4
101476	19372.6	8528.23	200051	19
101477	78372.9	207676	200014	38
101478	82489	144181	200017	9
101479	76312	124991	200017	4
101480	34525.8	101466	200043	5
101481	17584.2	8527.75	200079	21
101482	105420	193705	200041	4
101483	116267	181074	200093	2
101484	177186	174670	200027	37
101485	198066	182790	200027	24
101486	60386.1	183434	200048	3
101487	146039	161778	200054	1
101488	31952	208390	200030	5
101489	87600.4	51653	200032	3
101490	21700.7	103790	200069	7
101491	9416.8	109723	200011	12
101492	35451.9	22374.3	200082	48
101493	1292.19	135995	200011	23
101494	106549	55120.1	200059	5
101495	181110	71291.5	200044	17
101496	71675.9	2206.08	200079	4
101497	85152.8	17029	200025	3
101498	1749.55	190251	200071	14
101499	8620.36	166485	200028	5
101500	90834.9	160364	200033	8
101501	164667	143658	200091	1
101502	7342.7	65277.7	200084	42
101503	75282.6	63639.1	200012	48
101504	5700.3	127315	200036	2
101505	46721.2	50030.6	200064	21
101506	156754	122100	200027	1
101507	32855	166899	200089	57
101508	87969.6	15683.3	200034	66
101509	123117	56870.3	200021	19
101510	78064.7	173976	200041	1
101511	84530.5	178088	200093	5
101512	73320.1	90220.3	200050	38
101513	152393	62933.7	200021	4
101514	190546	27338.5	200088	5
101515	90048.4	49409	200032	1
101516	254.51	80130.2	200050	36
101517	10638	198456	200089	5
101518	175514	170753	200099	1
101519	128894	7785.54	200031	32
101520	92632.5	136889	200008	42
101521	139230	81217.9	200067	47
101522	68289.6	169288	200048	5
101523	139454	145149	200056	3
101524	17578.3	53386.1	200064	4
101525	70138.9	134574	200048	56
101526	100197	101001	200063	4
101527	28267.6	107988	200010	66
101528	71685.7	34682.9	200075	2
101529	84567.2	51908.4	200085	37
101530	137112	199731	200068	27
101531	62423.8	108925	200003	17
101532	68261.4	90501.4	200053	2
101533	33235.2	120060	200076	2
101534	165968	188238	200009	21
101535	168235	189849	200091	20
101536	64737	2016.1	200090	4
101537	96133.1	4472.26	200038	2
101538	159925	180958	200068	3
101539	141195	152772	200056	2
101540	135220	188330	200060	1
101541	78506.7	12108.8	200046	8
101542	40372.3	156085	200010	25
101543	45721.5	165252	200004	24
101544	206832	50692.6	200077	5
101545	66385	35459.9	200086	47
101546	77054.6	170527	200037	1
101547	14086	187799	200029	2
101548	78450.6	194648	200005	18
101549	116406	150241	200001	10
101550	68525.9	194638	200007	6
101551	186735	165468	200094	4
101552	200381	182792	200022	20
101553	67200.4	121699	200037	1
101554	101736	27181.2	200038	1
101555	46223.2	177019	200028	15
101556	17585.5	22157.7	200024	2
101557	65698.9	155058	200095	4
101558	203336	65481.5	200044	46
101559	184451	141851	200056	4
101560	45883.9	30578.8	200038	5
101561	27770.2	202046	200071	4
101562	137002	198323	200093	2
101563	41023.8	77797.9	200050	5
101564	122227	198371	200068	3
101565	183561	84998.4	200040	4
101566	114794	61452.6	200083	49
101567	186629	88347.7	200098	1
101568	79638.3	201447	200030	57
101569	77202.2	42079.9	200032	40
101570	73064.3	188550	200071	4
101571	56289.4	189054	200028	5
101572	184423	166147	200073	47
101573	56379.5	85974.6	200066	2
101574	73316.5	22631.8	200086	2
101575	39416.4	144984	200011	3
101576	99825.1	9575.97	200025	1
101577	36236.8	61644.8	200012	2
101578	27868.5	52036.2	200064	5
101579	15947	64733.2	200082	20
101580	1227.73	17798	200082	27
101581	144608	147344	200099	55
101582	204631	43570.3	200088	3
101583	79401	5264.82	200046	4
101584	195117	198688	200009	15
101585	2128.21	44405.1	200064	2
101586	51772.2	89659.7	200066	31
101587	169226	70181.6	200040	4
101588	47297.7	192397	200030	33
101589	29526.7	19601.8	200046	3
101590	99470.3	157379	200047	28
101591	28011.3	102858	200076	7
101592	43909.9	159857	200010	51
101593	113418	25961.6	200045	5
101594	182139	141426	200072	63
101595	6913.44	202307	200089	66
101596	104029	162949	200019	58
101597	54448.7	156899	200004	15
101598	119936	53285.2	200083	13
101599	89603.4	184739	200052	66
101600	42872.1	18432.5	200020	22
101601	136301	112318	200056	29
101602	49170.7	44036.6	200074	31
101603	63951.9	180531	200026	4
101604	68060.7	29675.7	200034	1
101605	16584.7	157101	200097	5
101606	59378.6	26602.3	200024	52
101607	15959.9	115195	200043	3
101608	135439	128111	200002	2
101609	97304	140947	200052	1
101610	62317.2	3867.01	200046	24
101611	181263	118658	200094	2
101612	130562	161823	200099	33
101613	122230	194850	200068	2
101614	12210	114405	200043	5
101615	140826	52587	200045	1
101616	151162	122501	200003	4
101617	52526.2	130737	200052	29
101618	179392	111556	200023	4
101619	8008.25	181827	200029	4
101620	29181.5	145949	200008	61
101621	10899.8	174968	200018	3
101622	46014	53514	200079	14
101623	102172	187785	200008	27
101624	67421.6	147134	200048	24
101625	111110	21920.4	200021	1
101626	99669.7	28821.8	200086	26
101627	119168	10875.6	200045	4
101628	16204.2	131208	200080	31
101629	198584	208735	200072	26
101630	70126.7	109723	200063	3
101631	64075.7	3455.61	200051	16
101632	171436	69801.3	200055	9
101633	93696.6	33437.5	200046	3
101634	138268	33621.6	200021	66
101635	128048	35789.6	200083	1
101636	155866	142633	200060	12
101637	34575	73129.7	200050	59
101638	43082.6	111818	200076	5
101639	115788	88486.7	200067	1
101640	136874	138297	200056	1
101641	64264.3	138014	200069	4
101642	155868	39972.4	200088	54
101643	149868	46394.8	200088	10
101644	30634.7	50901.5	200064	10
101645	72157.4	165542	200080	5
101646	210541	210771	200072	1
101647	164700	142750	200027	3
101648	80399.1	164011	200048	3
101649	58954.3	154370	200048	2
101650	71994	89679.6	200070	17
101651	127344	4590.32	200083	2
101652	28569.9	126634	200066	23
101653	22129.1	136051	200076	39
101654	100761	177031	200005	4
101655	18487.9	55315.4	200084	3
101656	205545	125304	200015	32
101657	198136	191686	200009	28
101658	82591.6	149668	200048	42
101659	105167	3181.67	200075	1
101660	110110	188993	200081	4
101661	74427.5	72015.6	200057	41
101662	3826.86	89879.1	200036	4
101663	17943.4	61872.9	200084	2
101664	113674	78199	200012	35
101665	158428	84798.8	200006	1
101666	158284	84603.5	200006	29
101667	78116.9	103899	200012	25
101668	118281	136165	200001	17
101669	166800	208625	200068	25
101670	129435	151907	200093	5
101671	151320	105132	200091	1
101672	202776	199716	200022	5
101673	116400	110712	200003	2
101674	101218	120168	200062	66
101675	48210.2	172439	200052	12
101676	46125.1	115229	200053	17
101677	1229.64	30758.7	200051	43
101678	52594.6	131239	200039	2
101679	90958.3	152209	200002	3
101680	67950.9	165672	200026	5
101681	150058	66549	200098	5
101682	102966	207954	200081	29
101683	84217.1	166226	200047	54
101684	792.16	75723.6	200084	29
101685	72940.3	23945.7	200038	1
101686	191434	185069	200015	1
101687	86382	94460	200033	19
101688	105014	7104.86	200025	8
101689	97803	6592.47	200046	4
101690	133173	165736	200037	49
101691	144101	128457	200087	2
101692	171117	210920	200054	49
101693	99561.6	193131	200095	39
101694	4585.09	138882	200011	66
101695	121431	181199	200068	61
101696	62358.9	164893	200037	3
101697	209263	74676	200077	2
101698	194571	55100.2	200065	34
101699	137330	142130	200013	3
101700	83284.2	137621	200003	1
101701	167524	184618	200009	4
101702	76583.3	155792	200095	12
101703	176371	57708.1	200055	37
101704	82157.3	94474.6	200057	21
101705	199143	203098	200022	30
101706	190534	149997	200002	31
101707	119726	195073	200092	38
101708	102762	76370.2	200003	33
101709	57429.4	62953.8	200082	29
101710	144234	89289	200021	3
101711	161804	143047	200062	1
101712	37587.1	159490	200097	33
101713	167204	147984	200013	5
101714	201257	133962	200100	5
101715	18043.9	42861.9	200090	13
101716	8467.65	204241	200097	4
101717	50941.3	73934.6	200035	50
101718	187634	166474	200061	11
101719	199071	34106.7	200065	5
101720	81660	124224	200076	4
101721	138923	164191	200068	10
101722	65497.3	93120.9	200053	13
101723	124193	119780	200063	27
101724	37382.6	111133	200036	1
101725	160131	146001	200091	9
101726	66385.4	152587	200048	2
101727	131354	35506.6	200083	11
101728	37304.5	70771.1	200064	1
101729	191373	117811	200023	31
101730	92847.5	38031.6	200070	6
101731	118270	151224	200002	4
101732	70849.3	68965	200050	1
101733	5225.13	185140	200029	61
101734	210526	192652	200015	1
101735	12022.8	95203.1	200043	2
101736	130153	152236	200056	2
101737	87019.2	28189.3	200090	4
101738	10268	24541.8	200064	3
101739	131317	130222	200047	2
101740	73512.9	138174	200095	23
101741	78929.6	26545.3	200020	58
101742	54628.4	123375	200018	13
101743	109754	113258	200078	34
101744	90024.9	161760	200008	1
101745	162424	166555	200072	16
101746	187727	22880.8	200055	32
101747	64479.1	156009	200049	1
101748	42843.9	13678.7	200034	5
101749	75661.8	127441	200033	39
101750	119762	122813	200087	3
101751	145648	92383.8	200040	4
101752	124601	141242	200017	1
101753	127777	203582	200007	5
101754	47295.5	108058	200050	31
101755	56313	132790	200078	23
101756	114803	190567	200092	29
101757	14899.7	102244	200064	7
101758	168223	2724.36	200065	66
101759	16681.6	62566.4	200084	3
101760	145224	175701	200054	34
101761	25170.4	55591.8	200084	26
101762	67964.7	160091	200037	45
101763	184867	79354.8	200077	4
101764	88365.8	143953	200047	1
101765	51939	76390.9	200066	5
101766	31408.3	152230	200010	5
101767	105292	141815	200026	4
101768	113322	165982	200091	2
101769	173131	204475	200022	1
101770	175298	92881.1	200006	5
101771	102369	85734.2	200057	4
101772	1659.4	186049	200029	4
101773	71473.2	61633.9	200046	4
101774	14814.7	134580	200036	1
101775	149559	119339	200067	5
101776	159835	177571	200001	3
101777	120331	182299	200060	13
101778	209040	87184	200098	2
101779	62344.8	36174.2	200090	31
101780	164235	204782	200093	2
101781	118995	86312.8	200063	1
101782	43719.8	20605.6	200024	2
101783	26191	209428	200071	31
101784	28488.5	162616	200048	19
101785	104313	6363.61	200085	3
101786	177749	177719	200068	19
101787	39584.5	165861	200089	18
101788	87505.1	202243	200081	26
101789	130141	55399	200085	18
101790	77551.4	32714	200070	10
101791	68595.4	4421.74	200070	54
101792	20216.5	201046	200028	2
101793	77198.7	9526.64	200086	1
101794	97877.3	148198	200041	5
101795	34128.7	115390	200078	2
101796	201307	76520.6	200040	53
101797	161183	83342.4	200098	53
101798	41583	29385.4	200050	1
101799	67426.5	114453	200039	51
101800	192214	202108	200022	3
101801	202982	40785.2	200044	36
101802	109688	67777.8	200096	26
101803	91403.3	194438	200041	3
101804	109076	179265	200005	55
101805	72848.3	190102	200058	2
101806	193691	141078	200027	3
101807	208554	66617.2	200077	12
101808	112625	34183.7	200075	32
101809	130133	1760.94	200059	1
101810	110039	160180	200047	4
101811	137768	204304	200093	4
101812	96419.3	138554	200069	2
101813	88854.2	166972	200041	1
101814	75424.8	91036.1	200057	2
101815	173678	70607.1	200088	38
101816	163305	57995.2	200031	27
101817	185551	107734	200023	2
101818	107843	140753	200096	5
101819	143973	61824.1	200098	32
101820	126440	187259	200054	1
101821	57657.3	129602	200096	31
101822	45777	180400	200089	5
101823	84372.7	160043	200095	20
101824	73009.2	10033.2	200020	1
101825	76144.3	59811.3	200035	4
101826	68820.2	37847	200085	3
101827	71364.9	43500.3	200085	3
101828	178079	156165	200027	2
101829	69755.1	145915	200007	2
101830	187560	162324	200056	66
101831	66702.5	43567.5	200035	3
101832	118669	158350	200001	23
101833	123493	178375	200092	19
101834	180448	79632.9	200023	5
101835	61923.1	106684	200078	1
101836	125656	39098.7	200083	3
101837	154049	141436	200013	1
101838	28677.5	91946.5	200084	5
101839	22008.5	142483	200029	4
101840	183686	147904	200061	5
101841	140433	46587.4	200021	1
101842	97336.1	153572	200005	14
101843	51886.7	38475.8	200074	43
101844	201254	131001	200100	4
101845	156664	27095.5	200045	3
101846	29575	46951.4	200035	47
101847	33864.4	208167	200071	5
101848	71399.8	198974	200005	3
101849	151671	44554.6	200083	2
101850	34516.6	47708.9	200034	60
101851	52506	208721	200030	47
101852	149462	99996.9	200062	6
101853	81726.7	132481	200078	17
101854	107842	92962.7	200085	4
101855	90009.4	116956	200078	36
101856	8812.12	195241	200071	5
101857	100552	157760	200047	4
101858	61558.6	3000.81	200034	14
101859	52574.2	1364.89	200038	2
101860	28589.4	62409.4	200084	30
101861	122517	23723.5	200032	8
101862	194024	3804.07	200065	6
101863	116190	6918.91	200059	2
101864	105498	160447	200026	33
101865	88073.1	155739	200017	2
101866	140692	179832	200060	5
101867	142184	122738	200062	66
101868	83514.4	54756.9	200032	4
101869	117132	116593	200087	10
101870	51169.1	125726	200036	33
101871	21436.7	198427	200097	5
101872	112583	81262.2	200067	5
101873	63485.1	13996.4	200074	21
101874	203944	120758	200100	29
101875	12227.4	75311.1	200064	1
101876	194308	141460	200100	47
101877	211168	197366	200061	3
101878	101886	3912.42	200074	19
101879	189567	189783	200068	8
101880	92638.4	60659.3	200053	23
101881	136152	199483	200005	16
101882	143971	119075	200094	60
101883	104085	50125.5	200045	47
101884	95027.6	46235.2	200085	2
101885	180238	127926	200061	1
101886	38989.7	142075	200018	5
101887	89762.8	166401	200017	6
101888	5300.9	129488	200076	34
101889	58242.5	174484	200018	1
101890	114841	153015	200096	7
101891	113340	50796.1	200021	34
101892	195378	108334	200040	4
101893	7619.92	121415	200036	1
101894	726.35	69629.9	200064	66
101895	183398	95775.6	200023	2
101896	98077	140574	200001	4
101897	138508	142008	200013	1
101898	193072	119628	200094	3
101899	174696	146617	200015	2
101900	87161.3	10369.2	200074	10
101901	85876	130777	200008	5
101902	108245	91347.5	200096	2
101903	59920.4	10600.7	200074	5
101904	70917.3	62970.8	200012	5
101905	12344.2	79410.7	200011	35
101906	158825	205327	200016	51
101907	120375	168449	200001	17
101908	187459	189414	200015	4
101909	44807.4	150757	200028	57
101910	94301.4	197982	200058	1
101911	141377	209967	200092	4
101912	51742	87369.4	200066	47
101913	89628.2	119969	200096	4
101914	71354.1	44997	200086	25
101915	160760	150751	200091	24
101916	191764	158112	200015	5
101917	147555	188138	200093	50
101918	73715.7	56229.1	200021	33
101919	63860.2	3944.1	200074	30
101920	48631.8	18478.8	200090	53
101921	182084	205811	200016	4
101922	78862.4	108352	200019	45
101923	84643.7	176752	200037	3
101924	61482.2	17865.2	200046	55
101925	37413.3	845.53	200079	40
101926	27326.2	188005	200014	28
101927	93277.1	25368.2	200059	8
101928	125491	15746.3	200075	10
101929	184884	125072	200098	2
101930	133917	135988	200013	4
101931	102469	80.52	200025	66
101932	65288.3	59841.8	200064	2
101933	176984	23548.5	200044	3
101934	96769.2	175684	200019	3
101935	166666	195660	200092	3
101936	163192	165606	200099	4
101937	150212	95414.5	200003	1
101938	29117.1	14220	200020	6
101939	82051.8	47078.4	200070	5
101940	100254	139183	200095	3
101941	59396	148326	200080	15
101942	184006	72889.4	200055	3
101943	44821.3	6598.31	200025	43
101944	27032.3	40784.5	200079	1
101945	2376.8	68005.1	200084	43
101946	161196	202880	200093	3
101947	7234.34	80163.1	200043	29
101948	43063.9	169813	200080	66
101949	48827.4	54395.6	200085	15
101950	129206	207046	200068	5
101951	168271	201113	200072	5
101952	114753	44919.9	200021	3
101953	85680.4	45728.2	200057	4
101954	41027.4	94200.4	200053	2
101955	28944.1	131812	200011	65
101956	92595.9	48083.2	200063	4
101957	89515	151674	200017	27
101958	123772	76520	200067	66
101959	148078	37452.9	200059	5
101960	139259	162812	200060	1
101961	106318	177793	200095	10
101962	175254	184468	200099	2
101963	60943	50438.6	200057	17
101964	92787.6	205120	200030	4
101965	73084.4	5236.49	200074	31
101966	107037	25094.2	200085	53
101967	76410.3	169805	200037	66
101968	110212	202654	200005	13
101969	74046.2	40734.7	200012	11
101970	203775	97938.3	200100	2
101971	135988	112469	200062	1
101972	176650	156383	200013	19
101973	72893.8	151585	200095	23
101974	67069.9	106132	200063	7
101975	202978	126291	200100	45
101976	186654	193519	200016	46
101977	154670	71162.9	200031	3
101978	144957	120733	200098	31
101979	197054	147660	200100	4
101980	19496.7	4500.41	200034	2
101981	38696.8	136417	200036	5
101982	94343.3	171990	200005	17
101983	6345.98	120626	200011	26
101984	177090	666.51	200065	3
101985	155075	166767	200056	4
101986	15366.5	52282.6	200082	24
101987	190179	175381	200009	10
101988	51343	51854.8	200085	38
101989	63121.8	123673	200053	1
101990	85101	97546.7	200066	4
101991	112416	88695.7	200063	3
101992	26911.3	193239	200071	58
101993	179782	183261	200099	35
101994	88895.6	156611	200048	28
101995	210370	166221	200061	9
101996	109916	1182.14	200020	19
101997	147850	53764.4	200021	5
101998	176197	181741	200022	4
101999	14273.1	198743	200004	46
102000	170984	194021	200072	30
