ID	X_COORD	Y_COORD	EP_ID	STUDENT_COUNT
100001	40318.3	99793.5	200001	4
100002	38397.8	27640	200002	62
100003	1171.54	210951	200003	2
100004	89370	29281.3	200004	4
100005	124908	23890.6	200005	4
100006	49636.8	186771	200006	37
100007	89282.3	38056.3	200007	5
100008	205231	159064	200008	4
100009	105900	192501	200009	10
100010	77567.5	159532	200010	6
100011	6372.77	37263.8	200011	66
100012	20259.5	12293.1	200012	38
100013	167354	189980	200013	4
100014	120868	17487.3	200014	1
100015	54317.8	34691.5	200015	6
100016	17463.4	162598	200016	19
100017	121475	5682.41	200017	11
100018	23425.7	40094.6	200018	5
100019	23901.3	28480.7	200019	2
100020	136631	1373.95	200020	4
100021	176317	182407	200021	5
100022	134943	34923.6	200022	2
100023	79990.8	101885	200023	21
100024	134087	189963	200024	31
100025	39822.8	48144.6	200025	3
100026	41740.7	165597	200026	22
100027	107356	12494.3	200027	36
100028	85908	204365	200028	1
100029	161258	195129	200029	6
100030	5662.9	186182	200030	5
100031	115333	45202.4	200031	36
100032	54187.1	145941	200032	4
100033	43924.4	172215	200033	3
100034	60856.5	33463.3	200034	18
100035	74262.6	184165	200035	11
100036	198811	166888	200036	3
100037	203799	108750	200037	19
100038	50601.6	116776	200038	2
100039	209118	89224.8	200039	5
100040	55695.8	50019.7	200040	18
100041	21898.4	116785	200041	24
100042	24293.5	181132	200042	25
100043	79314.7	18285	200043	3
100044	37612.4	182134	200044	5
100045	58245.4	180558	200045	3
100046	204926	195082	200046	1
100047	51564.8	133276	200047	43
100048	18011.3	192667	200048	2
100049	66942.6	54870.3	200049	34
100050	101923	182566	200050	3
100051	61760.3	147894	200003	5
100052	168042	156745	200008	41
100053	60720.5	113612	200040	31
100054	122549	48030.2	200043	19
100055	43686.6	98955.8	200011	6
100056	7474.53	211019	200003	9
100057	109337	129029	200023	3
100058	137989	63430.3	200043	13
100059	154785	137418	200037	31
100060	136700	188444	200024	5
100061	45183.1	141783	200038	3
100062	154080	31360.8	200022	11
100063	143041	138133	200050	7
100064	128376	64545.3	200043	52
100065	61340.1	154160	200023	5
100066	67624.1	141802	200047	1
100067	76580	140446	200047	3
100068	39413.3	204607	200026	5
100069	162386	86039.5	200039	5
100070	24181.2	113432	200047	2
100071	174624	178954	200021	6
100072	100633	175524	200048	32
100073	4356	128021	200003	20
100074	31455.9	51620.6	200034	66
100075	99651.5	181842	200028	31
100076	108537	38193.3	200004	3
100077	183244	160146	200046	16
100078	113924	9121.78	200007	23
100079	85011.9	141368	200010	13
100080	203484	160014	200013	5
100081	82067.2	199172	200009	5
100082	109874	135050	200047	11
100083	65791.9	97878.5	200049	16
100084	110696	37698.3	200043	1
100085	27568.5	183368	200006	40
100086	129836	153418	200024	30
100087	34690.4	8609.95	200012	5
100088	46376.9	28698.7	200049	16
100089	31921.3	45018.8	200025	2
100090	85799.7	3011.84	200005	26
100091	141279	164001	200050	5
100092	105824	17016	200017	5
100093	203935	144923	200008	10
100094	90650.7	87648.6	200040	32
100095	139410	45050.4	200020	7
100096	111070	82051	200031	19
100097	15491.9	178983	200009	3
100098	105781	59137.4	200017	3
100099	76243.4	171195	200026	14
100100	129935	8041.1	200027	4
100101	124001	107253	200022	3
100102	121812	132985	200050	2
100103	72422.9	195605	200038	61
100104	46219.3	159912	200041	19
100105	135798	54847.4	200007	3
100106	54288.6	30953	200040	2
100107	185660	133226	200037	2
100108	89113.7	59810.6	200015	4
100109	84073	81289.4	200049	2
100110	100812	47118.3	200007	12
100111	68464.4	128624	200023	34
100112	122779	75434.2	200049	2
100113	101156	123430	200023	10
100114	149160	0.11	200004	2
100115	107400	185092	200030	12
100116	57866	163354	200009	4
100117	131138	5233.72	200007	2
100118	140511	43928.2	200031	3
100119	28546	186331	200042	1
100120	89144.9	121608	200041	2
100121	150986	51531.4	200007	4
100122	91637.9	36038	200027	15
100123	111474	25485.6	200007	66
100124	61639.2	103092	200047	1
100125	42032.3	125417	200038	27
100126	197171	133919	200021	25
100127	7933.44	204106	200035	25
100128	151063	35341.1	200022	55
100129	98766.5	38106.4	200005	8
100130	190377	91757	200037	16
100131	53377.1	157697	200023	18
100132	27645.8	153819	200038	3
100133	120801	181553	200050	3
100134	161712	154827	200008	5
100135	58837.9	82815.4	200025	5
100136	58675.3	124278	200038	17
100137	198783	169494	200036	5
100138	106654	32081	200015	3
100139	180378	161067	200008	12
100140	104176	39164.5	200031	4
100141	25647.1	154468	200026	38
100142	119254	18312.6	200022	4
100143	62017.9	146816	200047	1
100144	194597	104830	200037	33
100145	9622.04	180613	200030	1
100146	76943.6	97121.1	200040	2
100147	25489	210033	200045	2
100148	98715.7	47912.1	200040	46
100149	205168	100618	200039	21
100150	192384	97133.2	200037	3
100151	187726	142795	200039	18
100152	80987.8	33181.5	200007	1
100153	33366.5	162918	200006	4
100154	73735.7	163283	200047	4
100155	196465	100810	200039	25
100156	56642.1	109210	200019	1
100157	72101.6	159016	200047	13
100158	131970	196684	200024	52
100159	125644	32786.2	200020	2
100160	54838.2	12841	200002	30
100161	30858	5515.73	200034	10
100162	65955.6	173160	200010	5
100163	120302	170929	200050	9
100164	104500	131235	200010	35
100165	5364.2	140159	200047	2
100166	103748	52261.8	200022	18
100167	69675.1	118020	200025	19
100168	31576.2	50710.2	200018	33
100169	14935.8	177540	200016	4
100170	179600	203054	200008	4
100171	55470.1	201462	200028	2
100172	24472.2	181589	200035	1
100173	132390	35420.8	200007	44
100174	56308.6	148404	200016	4
100175	132973	4209.95	200005	41
100176	53416.7	179304	200044	4
100177	85169.6	173255	200045	41
100178	197816	88790.9	200039	5
100179	194469	197572	200036	22
100180	12958.3	123032	200047	19
100181	95409.8	178193	200006	5
100182	514.22	199426	200028	5
100183	63252.4	174751	200024	5
100184	111761	195864	200024	4
100185	102295	33433.3	200007	18
100186	193052	150333	200029	5
100187	186505	74431.2	200039	65
100188	59197.6	162688	200028	3
100189	36241.3	148387	200010	38
100190	133271	147028	200050	58
100191	70765.6	167357	200030	11
100192	121058	143724	200024	27
100193	177449	142399	200008	1
100194	95148.1	45350.5	200040	2
100195	108200	32623.9	200031	9
100196	181641	2836.47	200005	3
100197	40231.1	174652	200006	2
100198	82337.4	40411.4	200025	3
100199	51485.5	125028	200047	3
100200	18265.9	21432.6	200018	3
100201	114728	175095	200024	2
100202	210329	147625	200008	23
100203	194874	61157.6	200039	1
100204	176711	51304.5	200022	19
100205	41988.1	3456.77	200017	3
100206	71161	173570	200047	4
100207	166650	69600.6	200039	44
100208	182922	136512	200039	5
100209	88281.6	94858.7	200025	4
100210	3954.95	133531	200032	5
100211	116551	210985	200024	25
100212	84200.3	33355.2	200014	2
100213	79730.1	153190	200042	5
100214	207453	106914	200039	17
100215	133896	90876	200022	21
100216	88408.9	166776	200006	29
100217	119172	94158.6	200022	3
100218	45735.8	199107	200035	1
100219	19303.1	145198	200001	5
100220	64147.1	124119	200040	32
100221	77490.1	194261	200010	15
100222	2600.61	185792	200042	5
100223	148830	42647.4	200007	2
100224	127345	23606.5	200020	4
100225	136176	4234.33	200020	7
100226	126612	27984.3	200005	32
100227	66852.8	129947	200038	5
100228	122043	144583	200050	2
100229	120640	45627.1	200031	5
100230	168829	146282	200037	3
100231	88971.6	192575	200038	4
100232	200245	128419	200046	15
100233	93644.6	177182	200042	3
100234	88453.3	109053	200001	1
100235	162357	25137.3	200007	32
100236	193922	95085.4	200039	1
100237	125813	27540	200027	14
100238	176056	2320.22	200020	29
100239	95220.3	100079	200040	33
100240	42702.6	47313.1	200011	27
100241	71800.3	31496.1	200002	23
100242	105931	154305	200038	54
100243	22862.6	144335	200048	5
100244	41463.3	143691	200032	4
100245	63595.9	54409.9	200025	29
100246	62936.6	126945	200038	6
100247	67428.9	104376	200023	41
100248	42391.9	81510.7	200019	39
100249	68653.9	170166	200023	1
100250	9509.93	188183	200009	8
100251	26144.7	131137	200001	23
100252	79278.4	38276.2	200034	5
100253	96185.5	45627.8	200007	26
100254	43819.3	129288	200032	3
100255	55775.2	47177.1	200025	1
100256	17901.8	28743.4	200011	5
100257	61258.3	188040	200026	31
100258	89349.3	70444.7	200025	17
100259	152011	73166	200031	5
100260	205557	85204.1	200039	29
100261	108325	140514	200010	2
100262	15893.8	140567	200003	33
100263	57961.3	161233	200044	38
100264	76367.8	124220	200023	22
100265	83740.7	40596.4	200017	4
100266	18639	159097	200032	9
100267	165754	170530	200024	1
100268	1565.89	105026	200019	1
100269	72944.1	156818	200047	2
100270	74728.5	54471.2	200002	1
100271	162585	8943.24	200007	35
100272	63532.3	125341	200023	17
100273	1688.54	183850	200028	6
100274	194244	150028	200021	19
100275	123959	2361.74	200005	9
100276	88817.3	123396	200038	4
100277	72407.5	117099	200025	5
100278	90679.3	69564.8	200022	14
100279	210526	100945	200039	2
100280	23305.4	138004	200032	27
100281	75840.1	78657.1	200034	2
100282	143621	40170.8	200031	4
100283	169589	41428.1	200007	26
100284	160518	194048	200036	2
100285	79733.6	166202	200024	1
100286	41886.6	17768.9	200014	4
100287	88483.9	90196.1	200049	5
100288	206998	150232	200039	1
100289	73753.4	26280.7	200027	2
100290	115548	73216.8	200031	51
100291	159923	180418	200046	11
100292	92447.1	56616.3	200025	16
100293	57137	163555	200035	5
100294	54849.7	188708	200035	1
100295	98059.6	140980	200050	1
100296	60439	189807	200038	14
100297	74427.1	8282.73	200020	3
100298	38079.3	172864	200009	4
100299	36990.4	126027	200048	41
100300	195663	163835	200046	5
100301	44107.9	162688	200006	2
100302	69016.5	141368	200038	2
100303	43093.4	204927	200028	29
100304	107164	19154.4	200043	6
100305	85395.4	140015	200038	41
100306	41057	133405	200041	3
100307	76950.9	143459	200041	4
100308	88784.4	189729	200045	5
100309	138184	3065.71	200022	37
100310	61040.6	91117.2	200049	5
100311	61081.6	184302	200009	5
100312	30485	158721	200001	38
100313	115495	73672.4	200031	2
100314	97946.7	53042.7	200043	66
100315	59673	131904	200033	5
100316	140195	26657.9	200022	3
100317	79027.6	119003	200023	5
100318	68194.8	165463	200006	1
100319	107206	52123.9	200007	35
100320	148679	31723.2	200031	5
100321	122542	35552.3	200043	2
100322	157786	110346	200039	1
100323	50209.3	148563	200023	4
100324	137144	195282	200024	34
100325	48208.9	141430	200032	14
100326	134225	56221.2	200020	15
100327	203993	130186	200036	19
100328	47477.7	136258	200041	3
100329	104771	30712.8	200004	4
100330	31200.5	168427	200042	5
100331	164308	17695.5	200043	39
100332	63827.7	113135	200010	5
100333	154984	35151.5	200031	10
100334	196385	112930	200037	34
100335	185799	143138	200008	2
100336	130286	65387.3	200031	26
100337	38803.4	71198.4	200025	12
100338	42686.2	114089	200033	5
100339	102922	65923.5	200025	4
100340	24976.2	98807.1	200023	5
100341	191488	100921	200037	37
100342	205788	129435	200013	3
100343	54924.4	104081	200019	1
100344	57476.4	153979	200023	4
100345	59771.8	118139	200047	18
100346	8420.93	123500	200011	6
100347	93708.4	44606.4	200022	4
100348	33727.1	82711.3	200034	1
100349	148703	16477.7	200007	8
100350	77230.7	35549.9	200049	20
100351	102136	64102.2	200017	39
100352	94549.7	180905	200033	22
100353	110263	25295	200020	3
100354	97788.6	197107	200009	5
100355	180145	201782	200029	15
100356	83195.2	161116	200042	34
100357	94622.3	175819	200042	5
100358	209643	157549	200021	21
100359	71505	112139	200025	4
100360	47385.4	176497	200016	28
100361	163381	167219	200046	4
100362	113524	50568.7	200004	51
100363	5600.46	198991	200003	5
100364	135475	88785.4	200022	5
100365	123368	62999.6	200007	3
100366	58097.6	97932.3	200040	18
100367	69696.6	208606	200030	4
100368	196881	108731	200037	4
100369	124224	52867.3	200007	5
100370	66095.1	38118.4	200002	27
100371	169775	24347.5	200020	3
100372	145795	38257.9	200022	4
100373	161065	17603.3	200005	1
100374	60471.9	154301	200045	2
100375	68431.9	57515.2	200022	43
100376	82638.7	156802	200026	5
100377	25492.6	123710	200016	3
100378	170827	13504	200005	1
100379	62765.5	116382	200040	30
100380	164928	36194.9	200043	5
100381	148795	16034.3	200007	14
100382	207427	167806	200036	26
100383	49211.6	155201	200016	39
100384	90147.3	128032	200050	21
100385	81597.3	188681	200033	2
100386	43422	51813.5	200011	34
100387	75471.4	192636	200035	1
100388	165281	17094.4	200020	2
100389	159454	8697.67	200020	25
100390	43215.4	187402	200028	2
100391	44086.5	73175.7	200040	45
100392	66209.9	169535	200042	4
100393	104317	36716.9	200020	1
100394	27062.1	163953	200035	7
100395	43277	144759	200030	25
100396	115529	145721	200041	1
100397	168807	9067.25	200005	1
100398	177239	149720	200021	5
100399	90877.6	126885	200050	2
100400	119207	66726.9	200007	39
100401	138774	15985.9	200031	4
100402	61092.9	84868.2	200001	3
100403	138669	4408	200007	24
100404	62782.3	189256	200006	5
100405	57857.7	94191.4	200023	2
100406	34382	177507	200006	30
100407	58187.1	12064.6	200017	1
100408	17456.6	129508	200003	4
100409	93004.6	182522	200028	3
100410	41441.5	204681	200035	28
100411	85355.2	105300	200025	3
100412	160480	121357	200039	16
100413	100903	56584.1	200022	5
100414	113037	121220	200041	2
100415	161968	28803.1	200020	60
100416	54345.6	116666	200032	23
100417	161873	2008.1	200020	5
100418	66797.8	104163	200010	4
100419	200489	135296	200029	2
100420	89275.1	23925.6	200002	39
100421	42308.4	130755	200016	2
100422	117367	94925.9	200031	3
100423	151030	138993	200037	2
100424	124482	146666	200024	28
100425	102029	48962	200025	1
100426	113066	124390	200038	4
100427	47662.9	120390	200042	3
100428	17679.2	134627	200044	1
100429	60972.6	91603.4	200019	17
100430	202279	137287	200013	5
100431	55065.1	182079	200038	15
100432	122937	36853.3	200022	28
100433	74311.7	162183	200050	17
100434	60573.3	103552	200019	29
100435	111925	26125.5	200004	2
100436	63283.4	42534	200027	59
100437	164515	51673.9	200022	14
100438	169395	110972	200039	2
100439	28244.5	164028	200033	3
100440	65620.1	179593	200026	1
100441	120196	131084	200050	41
100442	57287.8	18761.3	200018	3
100443	131039	10001.3	200007	10
100444	184573	101603	200039	11
100445	63214.2	159766	200033	25
100446	117503	30510.8	200017	4
100447	200153	170532	200036	2
100448	17702.3	163946	200035	34
100449	85644.5	20440.9	200005	2
100450	189770	162380	200029	60
100451	162908	107112	200039	2
100452	115864	188083	200050	20
100453	78051.1	148526	200032	1
100454	90459.4	27121.6	200022	1
100455	119954	8976	200020	18
100456	46274.6	174326	200023	5
100457	100937	201570	200050	5
100458	194848	191526	200008	7
100459	153210	195745	200021	22
100460	54966.3	75507.3	200040	1
100461	76875	155434	200026	3
100462	88635.6	41776.9	200007	34
100463	57361.3	149124	200033	2
100464	165250	18843.2	200020	30
100465	23602.8	157168	200044	27
100466	138954	43875.6	200031	43
100467	126068	210121	200050	5
100468	84317.6	149683	200023	3
100469	201244	132508	200039	66
100470	71670.1	123330	200032	4
100471	196380	187828	200008	27
100472	4582.35	191474	200003	31
100473	185791	184469	200021	26
100474	83157.7	201039	200026	2
100475	122163	72301.7	200040	32
100476	181917	155759	200013	24
100477	71032.2	188581	200009	8
100478	185597	201211	200046	39
100479	10293.2	119905	200019	6
100480	132654	172666	200024	3
100481	142191	7467.35	200004	27
100482	76663.2	1988.41	200005	25
100483	124000	1225.59	200015	3
100484	29260.9	163870	200003	2
100485	89737	97389.8	200040	4
100486	65411.3	178582	200048	5
100487	146906	16569.3	200004	37
100488	70891.8	32910.7	200034	1
100489	125871	42505.3	200020	34
100490	196006	171965	200008	1
100491	181404	85472.2	200037	31
100492	60186.3	162374	200030	17
100493	27298.7	125307	200032	39
100494	172548	98956.1	200037	14
100495	197241	89946.9	200037	35
100496	43385.4	106137	200049	54
100497	186659	157066	200036	15
100498	86074.1	49463.1	200007	66
100499	125579	88662.6	200031	3
100500	119134	51833.3	200043	1
100501	36611	128230	200032	6
100502	176342	55181.8	200022	31
100503	168093	160536	200013	1
100504	7616.29	175438	200026	8
100505	63138	92053.2	200041	20
100506	172744	194770	200036	5
100507	177466	113925	200039	3
100508	90299.6	106981	200040	31
100509	108698	22701.8	200027	11
100510	52637.4	126985	200010	1
100511	160617	83807.2	200039	2
100512	139687	43345.5	200020	24
100513	164576	82047.4	200039	1
100514	73748	94650	200049	3
100515	137931	95558.8	200039	4
100516	14279.9	188937	200003	2
100517	149445	22476	200031	2
100518	123549	15905	200004	8
100519	103595	95682.1	200049	23
100520	93725.2	96261.7	200025	4
100521	51125.3	28251.7	200002	11
100522	163661	159976	200021	5
100523	60593.6	8590.41	200034	42
100524	74083.3	181284	200041	27
100525	80894.3	60603.3	200015	5
100526	152382	25337.1	200022	2
100527	97602.4	35854.3	200022	34
100528	100875	167813	200038	28
100529	88555.7	14023.4	200031	56
100530	100206	106994	200023	3
100531	100718	172452	200038	14
100532	12716.6	110190	200023	3
100533	140734	32498.6	200022	39
100534	76699.8	132265	200001	1
100535	23752	173065	200044	21
100536	136569	46775.2	200020	66
100537	187183	67792.2	200039	2
100538	203659	146613	200008	61
100539	99198.1	184232	200010	6
100540	19753.8	146135	200003	7
100541	85575	195592	200042	1
100542	102327	97139.3	200025	8
100543	159509	83644.6	200039	3
100544	191057	186224	200046	5
100545	17265.4	115405	200019	36
100546	85268.1	195574	200045	44
100547	26811.1	182039	200044	23
100548	19737.3	131869	200032	2
100549	194323	138814	200021	1
100550	71372.7	152399	200041	23
100551	176077	116505	200037	3
100552	44805.2	153069	200030	1
100553	62791.4	146938	200041	14
100554	84913.4	110085	200049	46
100555	101440	78521.9	200022	12
100556	125491	7765.14	200031	19
100557	83817.2	98268.9	200049	3
100558	185826	8597.94	200020	36
100559	86465.2	161868	200030	36
100560	91609.8	108722	200038	5
100561	76074.3	29712.2	200014	4
100562	65713.7	85090.2	200049	7
100563	65346.5	178545	200044	1
100564	65033.1	145604	200001	2
100565	51301.2	177491	200026	2
100566	41223.6	134117	200006	3
100567	81316	160350	200030	29
100568	91194.8	15745.7	200027	14
100569	133800	3001.58	200027	21
100570	200150	65922	200039	19
100571	104819	86.07	200017	1
100572	114472	136468	200024	5
100573	144694	40117.1	200031	5
100574	191129	118977	200037	16
100575	147998	56841.2	200007	3
100576	66167.9	141816	200030	3
100577	201513	139241	200029	5
100578	47720.8	119470	200038	16
100579	99240.6	199428	200030	3
100580	98787.2	153739	200041	4
100581	79833.2	160184	200050	4
100582	88208	109285	200049	2
100583	31166.9	56536.9	200018	4
100584	96703.7	171801	200028	2
100585	21872.6	136078	200016	1
100586	77595.7	94134.4	200023	2
100587	73212.3	108819	200041	1
100588	124655	144233	200050	39
100589	93791.6	119177	200023	33
100590	72691.4	120763	200040	5
100591	147410	22544.6	200020	19
100592	94030.7	37767.1	200014	15
100593	98206.9	160100	200050	5
100594	63663.9	35576.3	200031	42
100595	124905	140255	200038	4
100596	164055	39594	200031	1
100597	43074	161780	200038	1
100598	72335.8	105144	200032	2
100599	62318.9	187676	200010	4
100600	40824.5	110697	200049	2
100601	76477.8	179266	200045	15
100602	98713.1	112667	200023	26
100603	94407.8	120710	200023	5
100604	176673	147622	200039	5
100605	94081.6	124041	200010	4
100606	162525	168959	200008	12
100607	6738.53	127822	200016	13
100608	99955.1	135013	200032	1
100609	40269.1	121993	200047	52
100610	12904.8	190756	200042	1
100611	149858	50294	200022	30
100612	81745.9	160974	200035	40
100613	199458	209023	200046	5
100614	1016.48	104375	200019	1
100615	116579	18983	200002	4
100616	75759.2	9128.82	200002	32
100617	79791.9	22326.4	200043	2
100618	104665	68413	200040	21
100619	132127	64977.1	200043	25
100620	184725	138446	200008	1
100621	94374.4	149418	200038	5
100622	202224	183770	200036	4
100623	115872	184881	200050	25
100624	169678	100291	200037	12
100625	126806	127843	200041	34
100626	199940	106651	200039	30
100627	83426.2	156875	200032	3
100628	11119.2	186595	200028	5
100629	184198	158916	200046	31
100630	2396.41	167817	200016	37
100631	37484.3	157728	200006	4
100632	64081.7	159424	200033	23
100633	76822.8	2643.11	200027	3
100634	72973.8	147178	200032	1
100635	15358	122483	200016	15
100636	174839	31551.5	200007	4
100637	132135	55722.1	200031	19
100638	83244.6	186594	200045	22
100639	162237	107360	200037	4
100640	13910.9	119024	200023	6
100641	113172	38701.8	200043	1
100642	152782	27287.5	200043	4
100643	89508.3	50724.3	200002	2
100644	48215.5	99560.4	200023	12
100645	32001	106453	200001	1
100646	126777	19749.2	200043	46
100647	122460	76617.3	200040	3
100648	102808	76371.8	200022	32
100649	142389	168054	200024	28
100650	205557	138013	200046	1
100651	43082.6	146766	200003	1
100652	118753	185966	200024	4
100653	29480.4	59509.8	200025	4
100654	41920.6	15373.8	200034	11
100655	17213.6	196222	200042	1
100656	89053.1	183431	200009	20
100657	113788	60012.1	200025	1
100658	40137.6	108353	200032	18
100659	82783.3	151436	200024	4
100660	82403.4	109578	200049	4
100661	71741.8	152372	200048	2
100662	42653.5	134015	200028	34
100663	120114	76639.6	200043	3
100664	89797.4	127973	200023	25
100665	63983	172024	200038	42
100666	101687	35963.5	200043	3
100667	13570.9	190693	200030	39
100668	184958	159636	200013	1
100669	12714.7	146453	200042	28
100670	51106.4	109313	200025	24
100671	67083.3	158032	200016	27
100672	123823	155925	200050	21
100673	55476.8	151351	200045	1
100674	61937.2	178321	200044	2
100675	88861.6	62179.3	200031	5
100676	187645	159580	200046	1
100677	76713.5	8271.01	200014	66
100678	65508.6	69234.2	200040	4
100679	108208	153912	200010	3
100680	23253.6	130270	200033	29
100681	126443	1109.01	200043	1
100682	209966	132550	200008	29
100683	74175.1	159526	200045	3
100684	174285	161007	200013	14
100685	134330	76829.6	200022	4
100686	101549	129119	200041	2
100687	53276.8	25117.3	200040	2
100688	78783.2	53413.8	200025	2
100689	77946.1	120185	200047	3
100690	159321	84624.9	200039	3
100691	42762	171849	200006	5
100692	75620.6	149740	200010	5
100693	19335.5	104435	200011	13
100694	143164	5750.38	200017	4
100695	26262.8	199810	200016	4
100696	151683	110132	200039	24
100697	91715.3	60155.8	200027	22
100698	64891.4	61206.2	200025	1
100699	143113	43530.5	200022	1
100700	176578	175669	200029	8
100701	106.14	171924	200028	1
100702	88058.5	97120.9	200049	33
100703	95658.6	136443	200001	4
100704	153618	68348.2	200022	18
100705	70785.5	112285	200001	4
100706	45861.8	103575	200025	3
100707	88952.1	130830	200024	4
100708	188573	148531	200008	13
100709	107279	37064.2	200007	23
100710	69305.4	95420.9	200019	31
100711	59144.5	169682	200050	1
100712	140841	25806.7	200020	5
100713	56865.9	77493.4	200047	3
100714	45576.3	169043	200009	5
100715	187515	149449	200008	25
100716	19084.7	191227	200048	1
100717	78859.9	16878.5	200034	19
100718	73043.6	194935	200026	1
100719	68411	153190	200024	31
100720	42339.4	107405	200049	20
100721	103606	185366	200045	29
100722	132922	174599	200050	4
100723	37148.4	18103.7	200002	4
100724	143387	33465.3	200031	5
100725	168659	140677	200037	4
100726	76211.7	14832	200002	4
100727	68415.5	178907	200006	5
100728	33292.9	136136	200047	4
100729	59819.2	142690	200006	3
100730	115058	32818.5	200031	5
100731	53261.8	18675.9	200018	4
100732	67522.5	149017	200035	3
100733	81714.9	149172	200001	2
100734	36335.3	176375	200035	30
100735	191069	157783	200021	3
100736	153136	181505	200029	2
100737	36550.3	125690	200048	4
100738	158713	177572	200046	1
100739	58047.2	185032	200042	2
100740	74058.8	143043	200010	3
100741	64967.4	88934.3	200025	4
100742	26746.9	145406	200047	4
100743	83130.5	183230	200030	42
100744	94842.4	111536	200023	19
100745	102461	123252	200032	3
100746	49745.3	158871	200006	2
100747	97548.5	195583	200006	5
100748	71895.9	183757	200006	30
100749	195620	175450	200013	1
100750	100235	194407	200024	5
100751	81968.9	187615	200042	5
100752	107757	123488	200023	1
100753	171719	171951	200013	3
100754	42798.2	110262	200011	2
100755	123229	42476.8	200022	1
100756	126493	127119	200050	5
100757	43215.8	85643.5	200001	3
100758	166163	164008	200013	9
100759	185412	66052.4	200039	5
100760	91271.6	53141.9	200017	28
100761	67869.7	34917.3	200014	1
100762	64380.1	169056	200024	11
100763	94051	45869.4	200004	8
100764	66789.9	85055.7	200034	45
100765	66336.8	102369	200025	18
100766	116307	10063	200027	5
100767	51694.5	145068	200028	14
100768	209956	116607	200039	2
100769	72782.1	129104	200040	34
100770	28686.3	141178	200010	5
100771	163083	110195	200039	61
100772	104337	35808.9	200017	3
100773	38035.6	112368	200001	35
100774	160981	180292	200029	5
100775	8847.63	159501	200016	36
100776	34644.5	12721.8	200017	2
100777	114495	150658	200050	5
100778	123481	35833.7	200043	13
100779	69195.2	190084	200033	23
100780	57937.1	148401	200016	26
100781	190492	168535	200029	4
100782	38452.9	60493.7	200019	30
100783	101196	35488.8	200043	4
100784	55031.5	177912	200033	32
100785	69304.6	183136	200030	4
100786	182757	146225	200013	17
100787	18297.1	61655.5	200034	5
100788	83774.7	10735.2	200017	1
100789	50673.4	103592	200040	4
100790	152180	25426.7	200031	33
100791	5650.15	190712	200028	1
100792	15404.5	184881	200016	4
100793	104844	130830	200010	1
100794	192409	112445	200039	3
100795	203345	124625	200046	5
100796	68822.9	118516	200049	16
100797	86740.7	106045	200032	5
100798	167411	144316	200037	35
100799	102613	129099	200041	2
100800	83248.6	65870.2	200014	5
100801	141117	103113	200039	14
100802	198155	161067	200013	19
100803	45061.7	135652	200041	5
100804	105276	186241	200028	4
100805	131444	2495.11	200043	29
100806	55828.3	157634	200044	3
100807	187853	129657	200008	2
100808	124423	163452	200038	1
100809	31193	165070	200038	16
100810	103252	90453.9	200040	63
100811	176742	44659.7	200031	30
100812	116198	151815	200010	23
100813	200416	155821	200029	1
100814	71698.4	170820	200024	29
100815	57131.7	83184.6	200023	2
100816	160904	158798	200024	32
100817	159935	14648.9	200020	2
100818	123500	4351.72	200005	3
100819	80116.9	49900.3	200031	1
100820	132043	97299.9	200022	8
100821	119832	62859.5	200007	28
100822	203287	164534	200036	1
100823	58243.1	185595	200044	23
100824	53784.3	166670	200032	36
100825	7318.75	148504	200016	10
100826	121419	148414	200010	46
100827	29224.1	140497	200042	4
100828	117263	178087	200050	9
100829	95005.7	117989	200001	7
100830	43188.2	102375	200047	4
100831	43610.7	140394	200038	5
100832	65330	206481	200028	5
100833	64215	73876.8	200023	33
100834	92906.5	18415.5	200014	4
100835	89179.4	63925.4	200031	4
100836	92815.8	106072	200025	5
100837	130535	140246	200038	5
100838	198912	82011.2	200039	34
100839	142973	45109.7	200043	4
100840	184937	12700.5	200020	7
100841	89619.1	43172.4	200034	42
100842	169193	179665	200008	15
100843	72579	83329.2	200025	36
100844	7112.67	135685	200044	30
100845	196014	150931	200029	1
100846	98945	189873	200026	17
100847	17111.9	186914	200042	2
100848	97790.8	193951	200006	1
100849	178844	88360.1	200039	33
100850	83735.2	209547	200026	1
100851	203870	72917.4	200039	12
100852	118022	53735.3	200022	24
100853	86423.8	171108	200035	35
100854	102806	142341	200001	1
100855	13635.7	122309	200019	17
100856	131169	95100.7	200022	1
100857	58918.7	139539	200032	1
100858	119532	185943	200050	3
100859	108321	135754	200047	1
100860	177328	146305	200021	3
100861	69139.7	183286	200030	3
100862	79760.4	160609	200001	1
100863	69713.4	197270	200038	1
100864	111512	49453.3	200017	5
100865	23443.7	147771	200033	3
100866	38202.4	145405	200030	31
100867	95444.7	27438.4	200031	1
100868	178227	150875	200013	2
100869	67574.8	201372	200009	2
100870	58919.7	193041	200035	5
100871	8126.12	36422.9	200034	14
100872	124586	44713.6	200020	38
100873	106256	72283	200040	13
100874	92967.4	207496	200045	21
100875	41260.8	53058.4	200019	5
100876	192814	208165	200013	45
100877	167102	103759	200039	5
100878	126257	18384.9	200014	24
100879	107516	143333	200038	31
100880	127256	11667.9	200022	38
100881	112908	140328	200010	9
100882	111449	67417.8	200031	17
100883	55959.2	119379	200049	37
100884	52157.2	3627.29	200017	28
100885	129058	149042	200010	22
100886	98690.6	36666.2	200005	3
100887	98940.7	192244	200026	5
100888	156632	11996.4	200020	2
100889	118267	86916.5	200043	23
100890	13703.2	107030	200011	11
100891	96252.5	125040	200032	15
100892	39304.9	110661	200019	2
100893	100298	176507	200048	31
100894	129904	72982	200043	18
100895	173615	7299.01	200020	11
100896	71419	26300	200027	6
100897	46678.6	163309	200006	7
100898	51489.6	132724	200038	2
100899	53172.2	19162.4	200004	32
100900	43913.1	35853.9	200025	14
100901	96027.5	66871.9	200017	8
100902	44394.3	166736	200047	5
100903	20748.9	41916	200011	17
100904	58065.7	158806	200009	3
100905	187149	141017	200021	10
100906	70030.1	94980	200040	5
100907	44298.8	85344.7	200049	12
100908	89940.9	38307.5	200014	4
100909	119052	53922.7	200043	29
100910	142868	9889.74	200005	3
100911	207671	130649	200046	5
100912	28104.7	50474.8	200012	6
100913	20938.3	104899	200016	5
100914	91906.7	198313	200006	3
100915	73890.5	77504.4	200011	4
100916	89272.8	116191	200047	57
100917	177560	24810.3	200043	3
100918	72400	101275	200023	59
100919	168386	82942.3	200039	5
100920	80227.4	202116	200009	37
100921	72835.4	94271.6	200041	1
100922	190966	166289	200046	1
100923	27691.7	191191	200033	47
100924	121632	191228	200024	3
100925	164445	183897	200008	1
100926	203565	206337	200021	3
100927	73598.2	201048	200010	1
100928	106015	201137	200024	54
100929	8415.34	199737	200006	4
100930	143434	124537	200037	3
100931	60596.7	154351	200044	4
100932	39843.9	148284	200042	34
100933	169899	21385.5	200043	8
100934	186174	149245	200046	10
100935	42486.7	155928	200033	1
100936	92515.2	169027	200035	4
100937	168376	12513.6	200007	15
100938	105047	128954	200023	3
100939	188531	92176.8	200039	4
100940	75219.3	183096	200042	1
100941	53109.9	44043.3	200002	4
100942	156840	21946.1	200043	1
100943	56764.7	177615	200045	66
100944	44104.5	145426	200028	41
100945	30306.8	35773.2	200034	45
100946	45507.3	89478.4	200040	20
100947	203575	165100	200021	16
100948	143973	78164.3	200031	62
100949	51869.7	14403.1	200015	2
100950	112549	135162	200032	20
100951	166855	29708.8	200007	20
100952	194403	124902	200008	20
100953	53816.7	44721.8	200034	2
100954	160369	75585.5	200039	1
100955	54128.5	92297.2	200001	3
100956	123850	22495.3	200014	56
100957	66686.1	2366.71	200005	2
100958	81766.6	7171.36	200007	3
100959	178391	146504	200037	14
100960	160811	164097	200050	21
100961	170620	204355	200008	1
100962	125936	72076.6	200049	2
100963	140116	16147	200031	8
100964	157326	201932	200021	1
100965	18990.9	142888	200041	2
100966	101327	192061	200024	56
100967	108957	76046.1	200007	6
100968	191642	68429.3	200039	3
100969	99658.4	191662	200038	34
100970	116909	145757	200038	37
100971	149654	22367.3	200007	38
100972	34712.3	89164.3	200011	5
100973	35217.3	199561	200042	1
100974	141059	144506	200024	35
100975	87173.7	140901	200024	46
100976	25416.9	62371.5	200034	3
100977	52844.3	139326	200048	1
100978	85919.8	159056	200042	3
100979	40226	95554	200040	1
100980	34434.7	53003.8	200018	4
100981	69101.9	177220	200032	1
100982	30564.6	153481	200010	9
100983	166221	196228	200013	34
100984	187715	13759.5	200020	26
100985	130217	6994.27	200022	2
100986	90358.4	55209	200022	2
100987	124856	180785	200024	66
100988	111442	47656.2	200034	1
100989	167538	90900.4	200039	39
100990	51861	139783	200030	18
100991	41313.1	200358	200016	3
100992	40386.1	140255	200047	18
100993	56935.1	39389.4	200014	31
100994	22712.3	130691	200044	4
100995	200213	158805	200021	41
100996	154433	32074.9	200020	3
100997	133645	126279	200050	37
100998	102223	138200	200023	2
100999	13374.1	122192	200032	13
101000	120565	153525	200010	13
101001	39799	194902	200044	10
101002	136208	16942.4	200004	3
101003	20880.5	101762	200011	1
101004	75152.4	160982	200042	11
101005	101529	113434	200041	5
101006	24473.6	147993	200023	5
101007	120849	123882	200023	5
101008	44788.6	158679	200041	45
101009	145499	49253.9	200020	24
101010	44472	99871.4	200019	16
101011	80355.6	103226	200010	56
101012	135612	80489.2	200022	25
101013	74061.4	151026	200001	1
101014	144714	189121	200050	2
101015	75750.7	12210.5	200007	31
101016	47763	152699	200009	25
101017	124611	65700.9	200022	4
101018	25515.6	152627	200033	34
101019	55253.1	92893.6	200049	22
101020	113803	48967.8	200005	8
101021	88547.8	33862.8	200022	28
101022	41828.2	56933.5	200011	3
101023	203341	109538	200037	41
101024	76554	166995	200050	25
101025	115891	50787.7	200007	2
101026	202442	76946.4	200039	33
101027	169952	5151.3	200020	4
101028	82304.4	194856	200042	25
101029	77239.6	79784.9	200040	24
101030	115884	193536	200050	6
101031	186064	127632	200039	4
101032	122268	23.53	200043	4
101033	106170	126622	200047	47
101034	23317.1	172766	200033	17
101035	145321	183588	200050	3
101036	43741.8	86979.3	200049	3
101037	4585.81	188651	200006	2
101038	914.2	117006	200011	1
101039	93126.4	187632	200050	1
101040	104954	140247	200041	9
101041	34953.9	155196	200009	30
101042	77629.2	30511.4	200040	60
101043	160901	208830	200029	16
101044	89571.3	208518	200026	4
101045	47999.1	207480	200042	4
101046	130524	146022	200024	4
101047	20900.4	178987	200044	3
101048	56967.3	187826	200010	1
101049	166990	147748	200037	19
101050	35039.8	130858	200001	5
101051	44656.1	115944	200011	3
101052	151822	6002.66	200017	36
101053	139954	23814.4	200005	2
101054	129357	5155.05	200017	1
101055	102322	30220.1	200027	35
101056	35308.9	207572	200006	54
101057	98375.9	46613	200025	17
101058	84535.4	96926.4	200040	5
101059	117146	193632	200024	7
101060	18772.7	151389	200003	2
101061	105475	73004.6	200049	2
101062	157976	1886.38	200005	5
101063	60447.7	56643.3	200034	3
101064	178455	157154	200008	29
101065	94990.6	434.69	200043	2
101066	53092.8	93461	200025	2
101067	150043	49906	200020	2
101068	113163	31719.3	200022	3
101069	41984	204802	200035	4
101070	184320	191614	200037	1
101071	107182	135971	200001	1
101072	34526.3	86848.5	200011	29
101073	87628	49194.5	200002	1
101074	169923	48334.1	200031	7
101075	83544.8	206563	200028	10
101076	84902.4	152265	200010	33
101077	189740	141400	200046	5
101078	70601.7	158168	200026	1
101079	102863	52170.4	200027	5
101080	72944.6	177266	200032	24
101081	50800.5	130984	200028	2
101082	52525.4	128093	200001	61
101083	51684.5	164397	200001	4
101084	96042.4	124156	200032	3
101085	115654	161695	200010	3
101086	113096	83925.6	200043	4
101087	177767	173943	200046	8
101088	112755	6158.7	200017	41
101089	39705.9	140239	200016	2
101090	97593.4	51687.2	200004	20
101091	107369	134245	200047	15
101092	115544	28347.9	200022	12
101093	179952	136553	200008	66
101094	122241	76654.8	200049	3
101095	180577	197426	200046	3
101096	127587	6808.04	200022	17
101097	131310	47564.6	200022	4
101098	52845.3	159012	200041	2
101099	134926	24839.9	200005	9
101100	28622.6	128796	200035	42
101101	124690	17347.6	200027	3
101102	102107	186601	200028	36
101103	54454.2	181895	200009	5
101104	163872	110038	200037	33
101105	49215.2	160371	200033	4
101106	195066	192731	200013	3
101107	73100.3	28564.5	200049	6
101108	105373	128400	200024	30
101109	31280.1	198921	200003	11
101110	58093.8	63161.3	200002	1
101111	82935.5	186977	200026	2
101112	96689.1	175139	200010	25
101113	17753.9	133389	200003	11
101114	197344	106580	200039	1
101115	207400	158181	200029	1
101116	74337.8	96576.9	200040	34
101117	44841.3	115934	200049	5
101118	202977	88439	200039	26
101119	82553.5	172868	200045	2
101120	53072.3	140156	200010	1
101121	2825.29	170020	200033	7
101122	91964	32436.7	200034	39
101123	106300	26080.5	200043	3
101124	143622	91106.3	200022	2
101125	102189	85849.1	200040	31
101126	45121.7	174741	200028	2
101127	67149.3	24190.8	200027	4
101128	74485.3	115070	200025	2
101129	205624	56871.7	200039	11
101130	197650	188185	200021	29
101131	30447.5	140037	200010	4
101132	203009	113616	200037	4
101133	182403	108087	200039	3
101134	125450	848.2	200022	4
101135	120978	50538.4	200005	4
101136	39435.7	15676.3	200002	2
101137	158331	37763.1	200020	3
101138	176543	192001	200008	46
101139	158629	34291.5	200022	3
101140	108706	64198.9	200025	17
101141	75760.8	150995	200033	6
101142	75482.1	21738.9	200014	3
101143	188907	158884	200039	4
101144	10950.7	134664	200044	30
101145	42220.1	13712.5	200018	4
101146	139278	137349	200050	66
101147	147345	119205	200037	14
101148	49215.8	176379	200033	34
101149	191617	118771	200037	14
101150	86119.1	193212	200026	34
101151	202794	172863	200046	3
101152	28293.3	87561.2	200011	2
101153	127857	24836.9	200005	1
101154	81310.8	47348	200007	1
101155	59257.7	111472	200001	6
101156	204202	171519	200008	2
101157	28594.3	137295	200035	4
101158	172015	62778.7	200039	5
101159	170802	149190	200037	4
101160	131777	199894	200024	58
101161	160446	154502	200037	4
101162	67147.8	83261.9	200025	3
101163	81404.7	148676	200050	24
101164	196819	125777	200021	6
101165	119239	91250.1	200022	1
101166	81393.1	154648	200050	1
101167	198411	151379	200046	5
101168	84391.6	160211	200042	58
101169	155032	182632	200050	2
101170	159916	13037.2	200005	41
101171	71553	144272	200047	6
101172	94200.6	15868.4	200022	10
101173	206464	111414	200037	34
101174	145473	140885	200024	1
101175	154931	2492.64	200020	1
101176	124251	138975	200041	6
101177	82782	115347	200025	3
101178	180091	123532	200039	3
101179	58856.8	79069.8	200049	2
101180	90737.9	168494	200041	5
101181	7032.51	162919	200044	1
101182	73935.8	35959.3	200040	5
101183	157660	175597	200021	3
101184	120773	50762.9	200022	3
101185	162231	168343	200036	38
101186	104499	47523.2	200014	3
101187	56418.3	28241	200049	7
101188	66580.8	138505	200010	3
101189	77709.5	12626.4	200014	2
101190	18834.3	194806	200030	5
101191	72553.5	169152	200028	3
101192	125764	69685.5	200007	3
101193	79895.1	104062	200025	1
101194	126548	12637.2	200020	1
101195	45428.7	207682	200030	1
101196	89379	2788.85	200004	12
101197	51655.2	106971	200041	3
101198	58272.3	165259	200016	1
101199	88926.6	79097	200049	32
101200	30969.6	192039	200009	29
101201	145328	40439.5	200020	11
101202	54082.8	198656	200010	33
101203	123246	128593	200050	3
101204	136824	928.41	200020	4
101205	206004	132187	200037	31
101206	159625	193261	200008	14
101207	15541.6	178226	200042	1
101208	101927	30732.8	200027	2
101209	40144.8	162092	200006	4
101210	67795.3	173350	200042	3
101211	133574	76308.3	200031	3
101212	190769	129759	200008	5
101213	110765	81088.6	200043	19
101214	100881	28895.2	200015	3
101215	98232.3	181086	200010	1
101216	192151	82363.8	200037	1
101217	37896.7	151156	200001	1
101218	121974	123956	200024	66
101219	14424.4	146012	200032	3
101220	190408	171526	200008	16
101221	73973.9	122830	200001	1
101222	91258.5	116463	200041	59
101223	75481.1	75458.3	200011	54
101224	181242	145195	200039	2
101225	89838.5	42557.9	200017	44
101226	118036	102937	200022	5
101227	113320	103493	200022	5
101228	89510.3	177620	200033	9
101229	48943.8	160120	200035	28
101230	80584.1	14923.8	200004	8
101231	19256.5	115154	200019	2
101232	159970	149665	200037	4
101233	180556	97739.3	200037	5
101234	39919.9	98537.9	200047	2
101235	73028.1	20235.1	200015	3
101236	166751	164343	200021	16
101237	160384	49184.2	200031	4
101238	204167	158488	200008	4
101239	155244	41062.7	200031	27
101240	75276.1	118263	200010	1
101241	144069	183881	200008	3
101242	172025	13172.6	200005	2
101243	201630	165125	200013	5
101244	210331	141091	200013	26
101245	22674.1	125073	200032	10
101246	127259	32099.5	200017	3
101247	204270	168738	200021	26
101248	59267.2	100378	200034	16
101249	52145.1	195950	200009	4
101250	106007	113982	200023	18
101251	98617.6	23270.5	200002	5
101252	96830.7	88008	200040	26
101253	206596	141175	200029	21
101254	52302.5	97966.3	200019	4
101255	36098.5	199573	200028	37
101256	36732.7	203729	200009	1
101257	164745	23438.9	200007	18
101258	188442	114161	200037	5
101259	39323.8	91979.5	200040	2
101260	20857	112509	200032	5
101261	16805.8	127798	200041	4
101262	30075.3	166812	200032	1
101263	162831	2651.57	200020	5
101264	84341.6	179369	200006	2
101265	75778.2	65399.7	200025	3
101266	47970.3	167544	200041	4
101267	1758.1	7647.69	200012	4
101268	204604	145151	200039	29
101269	79504.9	124051	200023	4
101270	164860	24389.8	200007	5
101271	62813.3	46070.8	200022	11
101272	67414.5	119344	200049	3
101273	75657.3	44735.7	200031	34
101274	134749	24465.2	200004	62
101275	95741.7	27174.3	200002	11
101276	70715	39681.4	200027	34
101277	132572	58131.1	200020	1
101278	718.6	40505.3	200011	18
101279	158796	85527.2	200039	11
101280	157498	116583	200037	19
101281	28523.3	146968	200035	7
101282	138944	197942	200024	5
101283	49387.3	117249	200040	56
101284	166233	17960.2	200005	39
101285	68942.1	169664	200003	1
101286	35176.9	152605	200006	16
101287	143671	147960	200037	32
101288	177602	68464.6	200039	5
101289	89250.6	31230.7	200025	27
101290	66923.9	155059	200026	2
101291	148765	52275.9	200007	6
101292	140032	6934.88	200031	1
101293	198319	177313	200013	4
101294	129228	62287	200020	13
101295	52560.9	195470	200042	4
101296	204442	124726	200013	4
101297	65484.7	86330.6	200041	1
101298	20640.7	195916	200026	4
101299	168759	130476	200039	12
101300	67769.3	40310.1	200040	1
101301	197940	148670	200008	28
101302	12007.5	183394	200026	18
101303	95855.2	185123	200045	11
101304	102607	35266.7	200002	4
101305	70560.5	91653.9	200001	15
101306	101827	72446.2	200025	39
101307	30641.8	60358.8	200049	10
101308	38008.3	161853	200009	14
101309	88631	27133.5	200027	4
101310	158121	90066.4	200039	39
101311	161619	62415.2	200022	15
101312	125513	137238	200038	5
101313	38454.4	135148	200033	32
101314	83196.1	22976.6	200005	4
101315	85551.1	138853	200050	36
101316	177164	138259	200039	2
101317	133031	132810	200050	5
101318	30606.3	153295	200048	31
101319	190951	109229	200039	28
101320	166410	46191.9	200022	4
101321	96912.2	3614.3	200027	1
101322	17682.7	126835	200003	2
101323	163957	6701.64	200007	29
101324	66837.6	168461	200001	30
101325	155295	35976.8	200022	1
101326	96723	80256.9	200031	2
101327	44108.6	129767	200042	2
101328	57042.3	135689	200016	2
101329	109691	6777.05	200014	25
101330	82510.9	144444	200010	4
101331	62008.8	88962.8	200040	3
101332	173016	202636	200029	16
101333	188079	6956.41	200020	42
101334	207614	130725	200008	2
101335	84367.1	115808	200038	4
101336	108189	75779.8	200031	5
101337	45174.2	174041	200001	41
101338	76098.6	171699	200009	5
101339	52863.4	181887	200016	2
101340	71620.8	148968	200038	2
101341	178217	3204.2	200005	21
101342	103211	56540.4	200049	1
101343	71298.9	166395	200030	54
101344	45447.3	106951	200023	8
101345	17644.2	132530	200001	11
101346	54821.1	37709.3	200034	2
101347	115946	168592	200038	39
101348	171278	147298	200037	4
101349	104751	85328.6	200040	10
101350	43544.3	144310	200023	1
101351	172813	205967	200036	20
101352	68323	92052.7	200019	35
101353	63788.8	171692	200001	40
101354	99552.1	189433	200030	3
101355	9918.16	149659	200003	27
101356	74547.5	130167	200023	5
101357	50349.1	115028	200019	23
101358	99746.4	134350	200047	49
101359	109482	191187	200024	4
101360	67756.8	154667	200026	2
101361	63813.8	126434	200032	11
101362	110785	136966	200010	39
101363	50387.8	153335	200033	5
101364	69836.1	134507	200010	2
101365	17500.3	188757	200044	1
101366	92820.9	199867	200006	35
101367	83026.1	168854	200026	3
101368	112561	114293	200050	29
101369	199111	129794	200013	16
101370	11222.7	192304	200009	1
101371	104290	19661.5	200004	3
101372	209795	97979	200039	17
101373	130229	1843.22	200027	20
101374	178297	187664	200029	4
101375	68256.8	109556	200047	35
101376	53123.8	186238	200033	6
101377	44854.1	153235	200035	5
101378	175522	113353	200037	15
101379	123313	168419	200010	6
101380	60752.8	106299	200025	17
101381	135207	36277.1	200022	5
101382	206183	113394	200039	2
101383	35057.9	189752	200042	21
101384	88620.8	168441	200030	41
101385	115282	68262.4	200025	1
101386	104383	187032	200038	16
101387	50783.4	159221	200038	36
101388	24624.2	209165	200016	2
101389	96376.6	166755	200026	4
101390	56710.1	199628	200042	32
101391	45293.9	114251	200001	43
101392	17277.6	70300.3	200019	25
101393	80801.8	127956	200047	3
101394	86232.1	114779	200025	5
101395	53763.8	180340	200026	6
101396	193323	82147.8	200039	1
101397	54074.5	161867	200044	5
101398	37241.5	66657.8	200049	3
101399	184272	193397	200008	16
101400	161628	97226.3	200039	18
101401	206476	168443	200036	4
101402	133685	138123	200037	3
101403	84037.1	155732	200010	4
101404	77782.3	169158	200024	4
101405	137103	24235.5	200005	2
101406	178884	129806	200037	2
101407	96317.4	33739.2	200022	1
101408	46915.2	100739	200019	3
101409	124525	65713.2	200007	5
101410	89327.8	65049.2	200025	45
101411	66129.8	86114.6	200001	5
101412	95011.1	84766.4	200040	41
101413	177623	78278.6	200039	4
101414	57886.6	210624	200009	18
101415	40427.2	130466	200047	31
101416	105441	16322.9	200031	19
101417	17742.8	178452	200035	3
101418	89582.2	188365	200024	2
101419	119337	95371.3	200022	40
101420	51580.5	89745.9	200041	26
101421	36312.8	193145	200028	1
101422	107187	15827.1	200015	34
101423	81913.5	105084	200040	26
101424	131344	4322.2	200043	3
101425	178941	1170.69	200020	35
101426	81847.1	127660	200041	2
101427	104526	131698	200032	2
101428	197988	137714	200039	3
101429	80981.9	119839	200040	28
101430	83192	49768.2	200025	4
101431	11957.6	200592	200003	26
101432	51617.6	145075	200038	3
101433	147845	191456	200021	1
101434	96536.8	43286.7	200043	1
101435	174585	174524	200013	1
101436	85773.2	164212	200030	27
101437	52955.3	168343	200041	3
101438	53729.8	167434	200033	27
101439	147499	102031	200039	5
101440	209930	99328.3	200037	10
101441	131507	45496.4	200020	7
101442	211170	165580	200021	30
101443	143345	32840.8	200007	2
101444	153830	54486.6	200007	50
101445	194415	121412	200037	2
101446	193983	167682	200046	5
101447	210996	130185	200036	5
101448	113891	26470.7	200007	1
101449	68993.4	151443	200048	1
101450	33543.4	188924	200009	28
101451	35124.7	175027	200009	2
101452	183648	3083.5	200005	5
101453	120172	43982.9	200005	27
101454	179662	158538	200046	3
101455	59872.2	162065	200030	1
101456	104573	75054.8	200022	63
101457	90415.7	193847	200009	11
101458	82029.2	65752.4	200040	6
101459	158586	166116	200008	32
101460	185227	160257	200036	38
101461	123522	32051.6	200004	9
101462	203568	141917	200021	15
101463	85243.9	187257	200042	6
101464	205539	54184.6	200039	24
101465	163258	75400.4	200039	25
101466	189727	134976	200021	2
101467	169141	11120.4	200020	5
101468	148480	26675	200007	24
101469	153908	174045	200024	29
101470	56329.4	164303	200023	1
101471	171608	119490	200037	23
101472	58217.6	169109	200010	4
101473	192895	146747	200036	4
101474	31325.8	141439	200023	20
101475	67623.5	88044.8	200001	1
101476	20644.4	65047.7	200025	1
101477	154791	6901.51	200043	6
101478	165610	54978	200022	2
101479	70769.2	175708	200024	35
101480	193276	153222	200021	2
101481	69718.2	171954	200042	6
101482	197988	142972	200039	2
101483	191333	156370	200046	1
101484	208950	137071	200039	31
101485	51255.9	70599.8	200011	31
101486	16576.1	209272	200016	10
101487	157004	49248.9	200043	1
101488	11839.2	143881	200003	13
101489	171661	150433	200021	43
101490	178155	127078	200037	27
101491	209091	203323	200008	1
101492	61846.6	154548	200041	2
101493	101818	155109	200050	5
101494	53040.6	24909	200012	4
101495	55594.8	70026.3	200040	28
101496	178650	148557	200037	4
101497	70626.9	158606	200003	36
101498	134566	13638.9	200022	3
101499	173403	105294	200039	4
101500	53625.4	49924	200049	4
101501	176916	96107.6	200039	4
101502	204550	127597	200039	3
101503	135856	133038	200050	2
101504	8226.55	125231	200016	35
101505	133917	13597.7	200017	29
101506	91124.9	191343	200042	2
101507	178814	71611.8	200039	41
101508	72358.3	53853.2	200040	5
101509	81683.8	161657	200033	18
101510	170685	67837	200039	5
101511	80983.8	184480	200048	1
101512	54796.3	64650.9	200025	18
101513	160311	160958	200037	28
101514	75310	17640.3	200017	27
101515	111916	87622.6	200040	2
101516	100232	190966	200010	4
101517	209418	108040	200037	33
101518	93753.1	108485	200040	41
101519	26953.8	161628	200048	66
101520	99936	25568.5	200027	2
101521	52331.2	173422	200038	38
101522	65049.8	150541	200047	5
101523	31863.4	158475	200016	2
101524	117022	126307	200041	1
101525	161152	49403.6	200031	5
101526	51047.9	189120	200044	3
101527	197584	118269	200037	32
101528	136357	68354.5	200007	9
101529	85403.3	196804	200045	3
101530	64123.3	141323	200001	4
101531	152983	11819.5	200004	3
101532	27748.1	179585	200026	31
101533	144380	139191	200024	3
101534	57499.1	178001	200035	5
101535	181545	172181	200046	1
101536	56550.3	149167	200016	66
101537	114991	8201.95	200005	29
101538	208599	154410	200036	1
101539	1172.16	175624	200044	19
101540	120899	19851.6	200043	34
101541	73588.9	171538	200047	14
101542	181220	150061	200037	2
101543	80160.9	190803	200050	5
101544	188353	167960	200021	35
101545	94830.4	104835	200040	5
101546	186336	48178.9	200039	3
101547	34185	141284	200033	4
101548	119899	80695.3	200025	8
101549	127590	128449	200024	2
101550	67660.3	83172.5	200049	36
101551	35743.3	138865	200041	9
101552	97944.9	120126	200032	1
101553	15096.2	197302	200042	1
101554	118124	75604.1	200022	29
101555	27224	138328	200047	2
101556	83376.1	119067	200038	4
101557	194901	203478	200029	30
101558	93910.1	45362.1	200031	1
101559	92255.6	31629.5	200015	3
101560	123174	20837.9	200022	2
101561	102954	136871	200041	2
101562	65270.6	62812.1	200014	4
101563	107848	73683	200007	1
101564	15838.2	122808	200001	23
101565	177268	131623	200039	13
101566	4601.32	118262	200016	36
101567	35164.9	162826	200035	5
101568	47741.6	86536.5	200034	34
101569	126375	74420.2	200022	28
101570	142480	184524	200024	8
101571	184580	166531	200029	1
101572	108122	7158.66	200020	3
101573	127116	141145	200024	40
101574	192840	120728	200039	3
101575	111121	16923.1	200020	20
101576	53285.9	122053	200032	12
101577	46076.5	146047	200044	1
101578	69208.2	19341	200004	7
101579	88514.6	5051.16	200002	2
101580	112945	136622	200047	11
101581	86108.4	170390	200050	4
101582	17671	140101	200042	51
101583	140816	40559.6	200005	13
101584	155252	39753.3	200031	41
101585	114765	83360.4	200022	4
101586	66964.1	129743	200023	49
101587	50765	149299	200009	16
101588	209300	140060	200021	38
101589	84003.4	103723	200041	2
101590	209504	110181	200037	20
101591	186830	175223	200036	8
101592	106915	11673.8	200022	10
101593	152120	25288.7	200007	5
101594	20444.7	155874	200048	41
101595	96375.9	115686	200001	3
101596	168839	3400.19	200020	3
101597	101641	122904	200001	3
101598	90077.4	42514.9	200040	4
101599	120270	49704.2	200007	4
101600	52357.8	132980	200016	5
101601	60896.3	125540	200049	6
101602	191403	101786	200039	19
101603	78745.8	117770	200047	35
101604	72631.6	17971.9	200017	5
101605	45711.5	134793	200003	8
101606	20632	170322	200003	26
101607	78528.7	152235	200047	15
101608	112939	192234	200030	14
101609	77713.8	79578.5	200049	4
101610	84221.3	148545	200041	9
101611	31356.2	96520	200040	3
101612	179474	142513	200021	4
101613	174586	150163	200037	2
101614	112578	55397.5	200022	2
101615	139745	68882.5	200031	5
101616	83742.3	182888	200035	5
101617	63472.8	173672	200028	4
101618	52797.2	189645	200030	1
101619	62549.9	58406.7	200019	8
101620	88658.9	162232	200033	1
101621	48698	196163	200030	5
101622	116144	152614	200024	10
101623	155392	25561.7	200031	20
101624	125259	57217.6	200005	4
101625	100686	115827	200024	1
101626	51087.7	130342	200042	14
101627	68334.7	152604	200024	4
101628	95355.4	151535	200023	15
101629	105159	110405	200023	17
101630	72102.8	53307.7	200015	23
101631	194145	83843.4	200037	5
101632	59103	126979	200032	35
101633	185837	138824	200008	11
101634	46988.2	198601	200026	1
101635	50043.7	111354	200023	13
101636	205548	150047	200037	1
101637	29440	131334	200041	5
101638	200381	103613	200039	6
101639	122018	74922.4	200040	15
101640	158266	37301.8	200020	18
101641	155941	35744.3	200020	4
101642	129588	50682.9	200020	1
101643	95099.4	33718.3	200022	36
101644	132828	30137.4	200005	7
101645	83236.6	120915	200041	1
101646	43246.3	193090	200045	3
101647	82746.2	166685	200038	3
101648	65169.5	181068	200035	1
101649	141167	26965.9	200043	35
101650	94741.9	205117	200045	5
101651	10357.3	187583	200009	4
101652	175974	150512	200008	4
101653	68470	160928	200047	12
101654	40231.3	55581.5	200011	66
101655	138747	25049.1	200004	37
101656	181057	150950	200013	38
101657	71348.7	161888	200035	5
101658	125192	50640.4	200020	1
101659	96121.5	8479.46	200043	4
101660	109158	45164	200007	37
101661	80646.6	40450.1	200015	23
101662	74158.2	199900	200042	2
101663	63327.5	199060	200010	2
101664	40657.6	152077	200032	16
101665	163658	155906	200037	41
101666	53758.7	146857	200026	34
101667	191616	148057	200036	5
101668	74742.3	174965	200026	28
101669	163972	6298.03	200007	1
101670	165221	31675.8	200043	2
101671	168348	105398	200037	5
101672	102217	122691	200047	2
101673	167560	62637.6	200022	5
101674	41702	154599	200010	12
101675	89099.9	3375.72	200027	3
101676	156996	145011	200024	21
101677	64266.7	181023	200035	4
101678	117786	54790.7	200043	35
101679	95920.9	24864.2	200027	4
101680	150805	68316.3	200022	3
101681	119853	55479.8	200043	30
101682	77141.6	33964.3	200007	2
101683	71510.2	147219	200023	3
101684	124451	22449.5	200017	5
101685	545.44	180113	200048	29
101686	126126	20235	200027	3
101687	94680.6	149827	200038	3
101688	111968	145403	200050	39
101689	125090	10433.5	200022	2
101690	104966	24996.7	200002	13
101691	194847	196389	200037	2
101692	92094.8	134809	200023	5
101693	67992.2	191028	200041	2
101694	153767	52769.9	200007	5
101695	87115.1	147224	200001	5
101696	94095.3	138745	200024	3
101697	147912	42612.6	200020	4
101698	170304	203485	200008	1
101699	16741.6	178738	200030	2
101700	108173	141813	200032	4
101701	87342.5	120283	200010	1
101702	40372.2	124271	200003	4
101703	82840.4	106104	200032	5
101704	95481.1	150564	200010	1
101705	21948	179358	200045	66
101706	108123	159181	200038	31
101707	127747	185635	200050	5
101708	52087.5	165120	200010	27
101709	172326	156516	200046	30
101710	80525.7	139698	200001	44
101711	172969	162179	200024	14
101712	65749.2	133960	200001	1
101713	58439.7	185797	200048	5
101714	99152	87299.7	200031	45
101715	22606.8	193223	200003	32
101716	63908	150414	200038	24
101717	191231	98475.6	200037	38
101718	126149	15135.3	200005	24
101719	113406	126677	200023	14
101720	27868.1	100974	200023	3
101721	189064	95200.3	200037	15
101722	71946.1	168503	200035	22
101723	75377.9	166321	200048	29
101724	53084	86292.1	200049	5
101725	175018	76412.1	200039	5
101726	38708.3	176303	200045	5
101727	101241	174130	200024	28
101728	124502	25679.4	200022	28
101729	110250	149677	200041	22
101730	16866.2	181185	200033	3
101731	86908.5	26991.2	200034	18
101732	31334	97557	200040	3
101733	89558.9	148817	200038	29
101734	140793	29041.9	200031	12
101735	129924	181469	200024	28
101736	146613	136839	200024	37
101737	4053.4	128626	200044	22
101738	67960.3	45865.7	200014	8
101739	133460	164145	200050	3
101740	57597.3	194787	200035	5
101741	203306	61945.9	200039	32
101742	3172.16	180365	200003	5
101743	113657	147915	200050	45
101744	75777	163867	200030	52
101745	193575	149605	200046	4
101746	42035.8	124641	200048	4
101747	156351	20471.7	200005	39
101748	94083.7	115260	200038	3
101749	122443	34967.7	200020	1
101750	87920.7	164228	200024	1
101751	50501.8	133810	200041	1
101752	127395	77697.5	200007	40
101753	47261.9	171698	200026	7
101754	58931.3	133430	200026	37
101755	74699.5	48490	200014	1
101756	164061	7842.71	200007	28
101757	182842	100697	200039	5
101758	120963	81500.1	200007	3
101759	159624	200278	200029	1
101760	137625	12118.5	200005	2
101761	40406.8	54721.9	200011	4
101762	117577	67219.9	200031	5
101763	53525.4	144361	200016	3
101764	50962	164455	200003	19
101765	209854	82629.5	200039	1
101766	56343.1	188351	200033	59
101767	88981.3	168742	200035	8
101768	11037.7	190492	200045	4
101769	53413.5	183465	200010	14
101770	36510.3	143713	200028	2
101771	126346	32989.1	200007	5
101772	47631.9	134367	200006	14
101773	51078.8	43293.7	200012	1
101774	181315	53637.4	200039	1
101775	86744.9	158177	200032	42
101776	36438.2	133446	200038	4
101777	205919	119119	200037	38
101778	195645	93021.3	200037	5
101779	11863.5	64024	200049	4
101780	22028.9	82167.6	200040	1
101781	23622.8	124540	200041	2
101782	56292.4	170215	200030	4
101783	206585	131530	200039	5
101784	7258.68	124359	200047	35
101785	61394.3	113382	200001	1
101786	63912	186515	200042	22
101787	75945.7	162612	200009	37
101788	59005.4	140255	200035	12
101789	62589.7	96207.7	200001	36
101790	54676.7	148071	200044	3
101791	103888	207309	200045	17
101792	44805.1	133446	200010	21
101793	90849.6	43218.4	200022	16
101794	121027	121088	200024	15
101795	51765	175860	200009	29
101796	68926.8	153906	200042	20
101797	123687	77970.5	200025	17
101798	112350	84921.7	200022	5
101799	67092.3	176467	200035	18
101800	61012.4	120630	200023	5
101801	103674	147886	200024	21
101802	57933.2	101710	200049	33
101803	16078	180018	200009	4
101804	176972	26288.9	200043	1
101805	38777.1	173315	200003	38
101806	30724.3	146841	200033	2
101807	82963.7	179194	200006	35
101808	12228.4	185345	200009	4
101809	139820	66821.4	200007	20
101810	141007	58280.2	200022	2
101811	190231	177599	200029	52
101812	73379.5	178896	200010	4
101813	70781.5	3542.78	200017	3
101814	144903	172173	200024	24
101815	25642.3	166930	200010	28
101816	82596.6	30445.1	200027	4
101817	35841.9	180250	200048	1
101818	63397.9	44615.6	200049	40
101819	89674.8	116479	200038	31
101820	106777	41780.1	200017	58
101821	88783.4	90917.1	200040	4
101822	115616	153651	200024	2
101823	124093	83919.3	200007	2
101824	45545.9	97980.1	200047	3
101825	32874.4	67165.6	200040	11
101826	69146	166179	200033	29
101827	33851.4	128102	200042	3
101828	63135.6	156182	200048	21
101829	151253	43963.2	200007	1
101830	66940.5	201121	200028	40
101831	40621.4	168924	200047	17
101832	37756.5	169082	200030	11
101833	81908.4	156332	200024	14
101834	109796	208542	200050	33
101835	41823.8	125480	200038	23
101836	100383	82691.3	200022	33
101837	45085.8	112067	200032	30
101838	99384	130572	200001	19
101839	57902.1	130359	200001	23
101840	156018	30532.7	200005	2
101841	186506	156249	200046	32
101842	175462	158478	200046	3
101843	130734	156308	200050	4
101844	14116.6	118270	200011	2
101845	73143	147801	200033	2
101846	117794	128631	200041	3
101847	166562	128420	200037	5
101848	120665	10654.4	200005	14
101849	180985	155521	200036	5
101850	43547.9	163308	200016	33
101851	61773.7	171974	200033	3
101852	7040.15	98260.7	200011	3
101853	200102	137924	200036	5
101854	42300	144901	200001	26
101855	76649.6	157029	200048	39
101856	96063.8	71380.6	200022	46
101857	27762.3	130003	200048	5
101858	199509	200452	200013	27
101859	84138.8	106006	200010	34
101860	93166.9	160591	200041	48
101861	111597	66135.9	200022	2
101862	159794	170468	200024	5
101863	164518	47698.8	200031	3
101864	148280	52028.1	200031	5
101865	133492	75396.2	200043	48
101866	110004	166857	200050	4
101867	68102.9	118338	200049	1
101868	102771	182402	200009	28
101869	130434	141329	200038	5
101870	43898.5	181290	200026	14
101871	88488.5	47799.9	200022	5
101872	150418	43538.6	200043	3
101873	186710	134428	200037	9
101874	78181.3	189019	200006	46
101875	115710	131301	200023	1
101876	59563.1	159005	200023	20
101877	190604	85295.4	200039	53
101878	176138	22452.5	200043	4
101879	54539.1	42346.2	200034	4
101880	96245.3	176642	200045	2
101881	23308.4	210205	200026	14
101882	63538.1	37240.4	200002	6
101883	78450.2	41320.5	200014	3
101884	108530	73183.9	200025	4
101885	139799	156874	200050	66
101886	119015	39188.9	200031	6
101887	197989	163140	200029	3
101888	93888.7	106118	200023	5
101889	60870.9	94498.8	200040	5
101890	134543	64671.9	200031	18
101891	166989	162653	200021	1
101892	88193.6	106416	200023	3
101893	186589	155025	200046	1
101894	157632	49003.5	200007	1
101895	199486	103989	200037	2
101896	47067.4	71343.2	200049	7
101897	71984.5	168253	200047	5
101898	53397.4	165420	200033	13
101899	151499	53583.9	200022	56
101900	124326	56209	200043	3
101901	113382	195250	200009	4
101902	43559.7	166958	200032	24
101903	55272.6	171623	200035	22
101904	3172.13	132695	200047	31
101905	26337.1	115892	200011	3
101906	35806.2	67411.4	200025	2
101907	155898	28060	200043	66
101908	201517	128181	200037	5
101909	107924	36994.3	200034	2
101910	45234.5	127672	200038	3
101911	125418	161011	200024	2
101912	110191	137149	200024	1
101913	60676.1	148200	200041	26
101914	55370.4	140652	200009	4
101915	73239.2	26137	200007	36
101916	41936.2	38654.7	200034	26
101917	56183.5	199510	200045	4
101918	123644	162790	200038	4
101919	54645.1	87344	200047	4
101920	88047	99816.8	200040	41
101921	94105.9	82461.4	200022	45
101922	69737.9	109409	200047	3
101923	131407	130229	200024	4
101924	75086.1	61936	200040	2
101925	157813	93669.6	200039	5
101926	156976	60509.5	200031	1
101927	49077.5	139680	200001	6
101928	98953.6	182172	200010	3
101929	111065	135462	200038	2
101930	131661	77296.7	200007	4
101931	116122	205896	200050	2
101932	167594	27072.7	200043	1
101933	90226.9	151898	200010	30
101934	69825.5	153389	200038	2
101935	201980	102770	200039	10
101936	206634	96955.1	200039	6
101937	84531.6	106888	200038	28
101938	32530.5	137911	200048	4
101939	73175.2	75426.2	200011	3
101940	17552.5	157963	200026	66
101941	84237.7	114254	200023	20
101942	57123.1	102921	200049	7
101943	142946	15816	200020	11
101944	90265.9	182602	200028	4
101945	43785.7	173610	200047	3
101946	52577.2	46606.9	200015	3
101947	160017	6442.24	200020	3
101948	113950	172627	200038	4
101949	203566	111390	200039	2
101950	192353	150519	200013	2
101951	115350	4555.88	200031	4
101952	50560.3	138264	200041	1
101953	133847	209131	200024	13
101954	91691.1	40815.1	200027	39
101955	139576	59407	200022	34
101956	49514.7	115168	200047	1
101957	67700.6	99246.8	200047	33
101958	201258	114798	200037	34
101959	131120	56925.5	200005	66
101960	40919.2	813.01	200002	9
101961	114895	4527.85	200031	10
101962	192608	149708	200008	9
101963	74673.9	155570	200030	34
101964	200950	121045	200008	21
101965	162719	198936	200021	16
101966	113592	149207	200041	25
101967	62931	192776	200030	13
101968	84219.9	184163	200035	2
101969	86238.4	170634	200030	4
101970	51297.3	81167.6	200034	28
101971	192919	153373	200021	2
101972	80367.4	132807	200023	4
101973	26697.5	154790	200044	4
101974	52262.2	69241.9	200025	4
101975	162682	68332.2	200022	33
101976	145221	57832.3	200022	3
101977	9033.06	193808	200006	39
101978	155947	180056	200036	26
101979	191893	149460	200008	40
101980	53119.3	174778	200028	9
101981	40122.6	152304	200028	5
101982	53610.5	145481	200028	49
101983	199736	98159.3	200039	23
101984	77314.1	26861.7	200002	3
101985	94882.5	90682.7	200049	4
101986	204980	157060	200029	1
101987	203582	51220.5	200039	27
101988	93658.7	26958.2	200014	27
101989	93720.6	118486	200038	2
101990	119963	34964.2	200005	4
101991	113472	77672.3	200040	38
101992	80093.7	113394	200049	5
101993	100068	147395	200041	11
101994	66757.3	65224.3	200034	5
101995	177427	29498.6	200007	3
101996	204484	123190	200008	2
101997	43292	145813	200009	9
101998	135336	11051.6	200017	25
101999	96879	134369	200038	4
102000	34709.6	92896.2	200025	36
