ID	X_COORD	Y_COORD	EP_ID	STUDENT_COUNT
100001	64294.4	191267	200001	3
100002	123831	152054	200002	3
100003	52415.8	62806.7	200003	45
100004	205719	56720.4	200004	1
100005	98959.1	163815	200005	4
100006	189862	144214	200006	3
100007	192553	81606.3	200007	1
100008	181558	110535	200008	52
100009	18139	70254.8	200009	5
100010	174467	26887.7	200010	3
100011	84414.3	64481.1	200011	4
100012	145652	29009.7	200012	34
100013	48361.1	81072.6	200013	4
100014	200830	73634.1	200014	40
100015	175595	108205	200015	4
100016	710.7	123824	200016	5
100017	126444	63371.9	200017	29
100018	913.6	177947	200018	3
100019	140853	60411.4	200019	2
100020	71693.9	196141	200020	22
100021	139928	44540.3	200021	6
100022	44741.2	40575.5	200022	27
100023	190837	44916.1	200023	3
100024	29902.9	150331	200024	54
100025	22339.2	108185	200025	1
100026	5940.97	110791	200026	15
100027	11848.3	136357	200027	2
100028	91604.3	169530	200028	5
100029	11095.9	119873	200029	3
100030	58118.9	54326.2	200030	3
100031	53935.1	143624	200031	54
100032	205417	105128	200032	34
100033	134723	44958.9	200033	3
100034	127884	173736	200034	3
100035	2469.93	29324.7	200035	18
100036	192764	195745	200036	1
100037	188448	102845	200037	1
100038	105126	130808	200038	4
100039	136094	14950.8	200039	32
100040	111959	120598	200040	25
100041	178931	3890.24	200041	18
100042	52261.5	165989	200042	5
100043	92178.9	124690	200043	3
100044	15856.2	117813	200044	23
100045	57870	124277	200045	1
100046	174297	189544	200046	4
100047	78298.5	173142	200047	1
100048	58084.5	16162.7	200048	5
100049	52091.3	99082.1	200049	16
100050	188111	47221.2	200050	1
100051	37406.8	75381.4	200003	26
100052	81086.7	68229.1	200011	28
100053	86390.9	194085	200028	3
100054	179208	34313.5	200019	45
100055	187043	20674.4	200019	2
100056	149624	59877.2	200017	32
100057	48385.8	107856	200024	3
100058	68650.2	53134.2	200012	4
100059	12251.6	123597	200026	4
100060	69899.3	120611	200024	5
100061	142668	19933	200039	28
100062	196598	84507.4	200050	32
100063	149745	131097	200040	20
100064	174194	3638.8	200033	20
100065	74398.3	197924	200020	2
100066	129922	59682.6	200038	4
100067	152714	193371	200034	39
100068	17493.4	176669	200029	23
100069	186017	57092.6	200019	3
100070	207385	51167.7	200041	10
100071	71170.6	161751	200028	1
100072	174017	196734	200046	2
100073	150763	8863.5	200041	29
100074	65701.2	135762	200003	5
100075	12377.9	89835	200016	1
100076	73393.1	74555.1	200013	1
100077	116538	204976	200001	3
100078	145979	73115.7	200032	28
100079	47810.5	120665	200044	14
100080	35905.5	60476	200016	3
100081	19439.7	64642.1	200016	1
100082	161718	4669.75	200039	5
100083	87506.2	15005	200039	14
100084	94085.4	183790	200002	60
100085	78583.4	147267	200042	4
100086	77857.9	32168.3	200030	5
100087	182692	41018.3	200004	15
100088	195266	16341.2	200010	14
100089	36582.2	173478	200029	5
100090	168535	171955	200006	3
100091	155842	85602.4	200038	24
100092	197647	59170.2	200008	4
100093	14863.6	72604.6	200027	2
100094	11967.5	116292	200026	61
100095	24463.5	118057	200049	36
100096	113429	80968.6	200043	2
100097	210894	8606.54	200023	4
100098	102412	69732.2	200007	5
100099	192504	178070	200046	18
100100	175206	67954.8	200019	2
100101	174219	140795	200037	18
100102	94377.3	210039	200001	13
100103	119467	77458.4	200013	44
100104	98175.7	196983	200028	2
100105	184370	180206	200036	3
100106	165371	46519	200010	1
100107	96747.7	190727	200020	31
100108	150871	76836	200017	1
100109	42908.3	156812	200024	10
100110	90905.1	191529	200028	4
100111	24098.9	76898.5	200027	37
100112	205045	163519	200046	4
100113	193940	54481.1	200019	3
100114	203667	34875.3	200004	2
100115	128348	37595.8	200017	2
100116	52193.8	56998.7	200009	13
100117	54376.3	72343.3	200003	22
100118	100817	84044.8	200011	15
100119	200323	38734.7	200041	6
100120	55560.9	139440	200045	9
100121	190685	204800	200036	4
100122	75752.1	68539.7	200030	2
100123	2803.14	95720.8	200027	3
100124	119706	89641.8	200038	3
100125	55239.5	183986	200031	5
100126	187460	82606.6	200050	5
100127	191043	167610	200006	1
100128	112833	175498	200002	24
100129	199340	28900.4	200019	4
100130	173106	191156	200046	32
100131	47668.2	113006	200044	2
100132	74533.7	71885.4	200013	28
100133	59726.9	129298	200024	3
100134	198141	199056	200046	1
100135	51452.2	110156	200042	54
100136	164434	22562.7	200010	1
100137	40828.9	85431.1	200025	33
100138	13429.6	196531	200020	2
100139	172182	175660	200036	2
100140	52259.5	74792.9	200016	1
100141	7793.51	159401	200025	4
100142	208337	97514.6	200008	39
100143	182213	38780	200023	47
100144	206403	65562.2	200004	17
100145	173990	2269.64	200023	4
100146	88630.7	167540	200020	8
100147	79595.9	13491.4	200022	26
100148	96037	199811	200034	5
100149	3757.51	40946.3	200016	1
100150	144912	1590.92	200041	31
100151	55092.4	204428	200020	28
100152	104832	210113	200002	30
100153	73509.5	209089	200020	3
100154	184320	95931.4	200015	37
100155	182572	35439.9	200023	5
100156	188166	53967.1	200010	5
100157	9907.99	173417	200018	2
100158	209664	45126.8	200004	11
100159	6584.86	94538	200016	3
100160	206658	176871	200046	13
100161	127355	5208.8	200012	41
100162	61316	88734.4	200003	3
100163	205357	205324	200046	3
100164	19467.2	125453	200049	5
100165	127937	207757	200005	1
100166	18.18	70430.3	200027	14
100167	70851.9	123781	200025	6
100168	195928	4287.89	200041	4
100169	19572.7	150045	200031	37
100170	62009.2	56355.6	200011	6
100171	31363.8	184848	200047	66
100172	18266.7	190820	200042	1
100173	203300	191283	200046	36
100174	45290	117085	200031	5
100175	184567	37968.2	200021	1
100176	22876.3	153786	200018	2
100177	112433	182954	200020	4
100178	34751	152784	200045	29
100179	65928.9	89755.6	200030	5
100180	124326	96935.8	200032	48
100181	57561.3	184663	200020	4
100182	198126	69258.8	200014	64
100183	53253.8	127217	200031	4
100184	67246.8	205094	200028	45
100185	180768	32525.6	200010	4
100186	12630.7	81684.3	200009	5
100187	18008	137514	200045	10
100188	124872	69635.4	200038	31
100189	24865.8	10811.9	200048	32
100190	28518	19041.4	200035	13
100191	171602	63775.2	200050	57
100192	64750.4	175645	200024	3
100193	61465.2	69222.3	200003	2
100194	46009.6	132197	200025	3
100195	59301.4	120633	200003	6
100196	190826	120497	200008	19
100197	200605	113981	200050	28
100198	95437.9	206200	200047	5
100199	177845	63643.3	200050	1
100200	7221.79	19083.5	200048	1
100201	60822.1	56038.2	200030	39
100202	41873.9	149144	200025	1
100203	188855	60977	200004	32
100204	206675	15181.2	200023	23
100205	83521	153098	200047	2
100206	61960.9	80223.4	200009	7
100207	160688	128744	200007	5
100208	81751.2	194816	200028	3
100209	156603	152137	200046	39
100210	50855.8	166517	200049	4
100211	93208.2	185802	200002	1
100212	26584.2	90981.8	200016	3
100213	174817	135816	200015	20
100214	22068.3	101239	200009	3
100215	123381	119147	200040	4
100216	61882.3	35798.2	200003	34
100217	82294.9	209323	200028	21
100218	144008	75291.2	200007	3
100219	68177.7	197666	200001	3
100220	91856.8	29806.7	200012	30
100221	54134.3	199842	200042	36
100222	68280.7	136152	200049	43
100223	49175.8	187754	200029	19
100224	3237.52	110232	200026	2
100225	133214	100053	200032	17
100226	26454.9	166360	200018	6
100227	105964	53397.1	200021	50
100228	47635	51474.3	200011	1
100229	36966.1	15095.8	200048	2
100230	187534	68517.9	200050	3
100231	198161	112338	200008	1
100232	188865	121684	200032	31
100233	111938	52051.8	200012	3
100234	198955	90383.4	200037	16
100235	40839.8	79088.8	200027	29
100236	190875	209820	200036	1
100237	41313.7	164995	200029	5
100238	142647	96123.5	200043	1
100239	52524.1	82062.7	200003	5
100240	81229.3	163863	200047	5
100241	196108	112145	200008	20
100242	12140.9	46696.1	200030	16
100243	170425	199106	200036	1
100244	21947.4	166534	200018	47
100245	162568	107994	200037	51
100246	91585.3	208663	200047	39
100247	203128	208157	200036	40
100248	52279.7	183346	200047	26
100249	205476	191084	200006	1
100250	66667.5	96988.5	200030	18
100251	181854	93010.9	200019	5
100252	47846.9	102963	200031	5
100253	194173	103380	200037	32
100254	51276.1	76827.6	200009	2
100255	135276	29062.3	200010	4
100256	188746	197015	200006	5
100257	20299.7	77964.4	200009	61
100258	162761	62564.3	200015	2
100259	12136.6	154140	200031	4
100260	24468.5	42946.2	200030	32
100261	202924	1356.5	200041	31
100262	174468	79932.2	200050	9
100263	14418.8	122367	200049	5
100264	155724	8038.76	200021	33
100265	94581.3	194353	200028	4
100266	181521	58420.2	200014	5
100267	65775.9	129262	200024	1
100268	203345	26852.1	200041	5
100269	117905	123768	200040	3
100270	69980.3	177489	200005	1
100271	154573	47690.9	200004	15
100272	36891.4	145023	200044	26
100273	89583.7	116308	200040	58
100274	35376.1	151701	200042	4
100275	44176.1	140528	200031	1
100276	49192.4	131667	200031	4
100277	97472.5	6922.34	200022	35
100278	8523.09	137298	200024	5
100279	83256.1	170783	200020	5
100280	116285	122779	200040	2
100281	14032.1	39738	200048	16
100282	84947.1	167202	200005	6
100283	124043	4683.45	200012	22
100284	39422.6	137734	200049	28
100285	159180	188897	200046	1
100286	35517.7	16817.5	200048	51
100287	28064	154847	200045	6
100288	75525.3	194389	200047	2
100289	114897	25811.8	200012	10
100290	7906.32	170654	200018	1
100291	81296.9	181402	200005	5
100292	48533.9	171939	200028	6
100293	87842.6	185398	200047	5
100294	105215	156769	200005	8
100295	105828	132131	200040	4
100296	159168	13454.9	200033	4
100297	21471	168968	200018	11
100298	27032.4	6298.37	200048	4
100299	115805	142915	200040	15
100300	179923	48038.2	200010	19
100301	175603	29989.8	200007	3
100302	70903.9	21792.5	200030	2
100303	169962	176642	200046	3
100304	101081	16656.6	200039	5
100305	45071.9	116517	200044	2
100306	135333	67538	200013	3
100307	21406.9	104534	200027	5
100308	88952.3	69610.4	200011	55
100309	117895	16249.3	200039	2
100310	35701.9	187159	200049	2
100311	44496.9	188422	200020	5
100312	191951	200084	200046	2
100313	161910	23744.5	200023	1
100314	9442.29	39372.1	200035	5
100315	208098	69553.7	200014	21
100316	102519	110132	200032	4
100317	52680.2	139348	200026	3
100318	76644.9	13034.2	200013	48
100319	117404	8842.48	200039	12
100320	75246.4	31425.8	200012	66
100321	316.1	146756	200045	5
100322	22297.8	126243	200044	5
100323	122865	80936.8	200017	10
100324	139281	88895.4	200032	1
100325	39905.6	110212	200009	26
100326	68914.6	99402.6	200011	4
100327	142219	32480	200033	4
100328	117666	138351	200040	27
100329	152462	69733.7	200007	4
100330	20773.5	8252.63	200048	9
100331	156120	74687	200033	8
100332	22063.8	46950.5	200048	11
100333	125586	181657	200002	22
100334	9148.44	16968.8	200048	26
100335	72063.9	188518	200020	3
100336	40802.1	34471.3	200022	4
100337	180384	650.84	200041	3
100338	51421.9	497.79	200022	29
100339	63527	53884.3	200030	3
100340	41495.5	74711.8	200030	57
100341	27945.8	52170.4	200030	5
100342	36759.5	117656	200042	2
100343	121969	107706	200040	21
100344	24625.3	93089.5	200027	3
100345	105540	978.05	200012	6
100346	197935	66517.9	200014	2
100347	93636.6	127922	200024	35
100348	62044.9	14609	200022	27
100349	11685.6	56784.6	200035	5
100350	15436.2	207500	200018	9
100351	20772	135307	200025	38
100352	25210.1	11156.4	200048	53
100353	195009	24679.8	200004	1
100354	193903	21648.5	200023	5
100355	972.83	116246	200026	1
100356	45398.9	99579.7	200031	19
100357	14770.2	123497	200045	4
100358	6387.29	96690.9	200027	5
100359	142563	117619	200008	50
100360	24373.7	173079	200020	23
100361	93583.7	187317	200001	31
100362	16193.9	73068.4	200009	1
100363	188074	79504.4	200050	45
100364	133923	190830	200005	3
100365	83440.3	66626.7	200011	40
100366	207405	2055.72	200023	40
100367	161821	179956	200034	3
100368	113548	182557	200005	4
100369	110542	40208.6	200033	9
100370	175467	63270.3	200019	27
100371	103003	151141	200002	3
100372	74622.8	202509	200020	23
100373	167712	130961	200032	48
100374	49046.6	126005	200025	14
100375	47573.9	184602	200028	5
100376	64971.6	31154.9	200022	3
100377	153954	35470.4	200004	14
100378	158385	162529	200046	12
100379	81891.8	194728	200047	5
100380	176385	40729.3	200014	19
100381	172369	78292.8	200007	40
100382	75782.4	66313	200011	16
100383	59835.3	208400	200020	2
100384	185256	78542.7	200032	31
100385	37221.4	177352	200029	61
100386	34582.7	2005.32	200035	1
100387	204080	22056.2	200023	11
100388	15498	14532.5	200048	1
100389	165629	172212	200006	3
100390	132917	20503.6	200012	21
100391	5738.81	193733	200029	25
100392	63007.6	48525.8	200011	2
100393	26931.5	106394	200026	5
100394	18176.8	3190.31	200048	2
100395	176431	116420	200008	2
100396	172418	117626	200037	4
100397	5386.83	128283	200026	2
100398	89594.7	58520.8	200012	2
100399	4124.27	130007	200026	17
100400	186216	17846.1	200004	45
100401	149156	66749	200043	3
100402	101848	114541	200040	3
100403	188419	12845.1	200041	1
100404	171357	96981.6	200032	1
100405	142729	95310.2	200021	49
100406	65118.8	183324	200020	1
100407	6791.15	36273	200035	21
100408	108581	199971	200001	1
100409	175288	85313.7	200004	27
100410	148653	42650.1	200007	30
100411	41929.8	154025	200018	1
100412	167334	115686	200015	21
100413	177140	57474.5	200014	5
100414	48894.9	44061.9	200030	3
100415	170731	199442	200034	4
100416	124676	110191	200040	31
100417	10969	168290	200018	1
100418	194805	199428	200036	3
100419	147976	103691	200032	4
100420	80447.2	137480	200024	24
100421	198205	63456.6	200007	5
100422	24774	197916	200047	24
100423	156312	55179.3	200014	4
100424	135704	79407.4	200021	46
100425	47736	7836.73	200048	2
100426	193192	164805	200008	19
100427	176404	16676.7	200023	1
100428	47097.7	151575	200042	16
100429	15389.9	102785	200027	26
100430	46499.1	201151	200029	2
100431	210962	13314.9	200041	24
100432	12076.1	167940	200018	2
100433	184316	60227.5	200019	2
100434	56499.5	157962	200029	1
100435	22260.2	7917.5	200048	28
100436	176861	137740	200015	4
100437	202925	15812.3	200023	1
100438	20237.1	98151.1	200027	4
100439	76704.9	209567	200028	31
100440	6785.55	149308	200026	4
100441	111596	78271.4	200011	5
100442	80508.5	171789	200002	4
100443	115496	207420	200001	56
100444	48570.4	188612	200047	36
100445	61126.1	172541	200047	1
100446	62268.2	22841	200022	3
100447	206833	107797	200050	4
100448	170250	4870.48	200023	30
100449	52954.3	68584.6	200003	5
100450	201121	71493.6	200014	26
100451	115675	80450.1	200011	3
100452	2528.25	126702	200026	13
100453	9303.71	27469.7	200022	2
100454	75203.3	68182	200013	2
100455	154502	30053.7	200021	35
100456	191470	60422.7	200019	3
100457	7851.16	187720	200018	4
100458	193165	209260	200036	12
100459	39987.1	165600	200042	1
100460	199439	70997.9	200014	1
100461	70238.6	99947.5	200003	2
100462	111773	187550	200034	1
100463	84129.6	105568	200031	42
100464	113087	172453	200001	34
100465	9861.45	168473	200018	30
100466	18815.3	126008	200026	5
100467	80476.8	162572	200005	32
100468	131909	88267.8	200043	3
100469	89525.6	164299	200028	5
100470	11630.4	2441.65	200048	13
100471	201626	2142.72	200010	4
100472	131233	187994	200034	30
100473	188891	159957	200006	18
100474	165099	91468.1	200007	3
100475	108953	179615	200047	5
100476	59822.3	92275	200011	4
100477	29526.6	134842	200049	5
100478	13880.3	167993	200018	1
100479	197707	19361.1	200004	2
100480	167736	121504	200032	16
100481	44677.7	198994	200020	3
100482	193077	105464	200037	13
100483	77215.4	124379	200031	14
100484	20006.7	178469	200042	5
100485	86099.1	69571.6	200030	1
100486	11193.3	18120.8	200035	2
100487	7286.42	67862.6	200016	33
100488	124039	671.84	200012	5
100489	108555	51510.4	200017	30
100490	106079	19858.8	200021	2
100491	10441.8	125689	200026	4
100492	148444	113824	200032	14
100493	48445	115157	200024	4
100494	153333	97241.2	200032	4
100495	45833.3	8725.98	200035	1
100496	151765	99660.9	200032	3
100497	137252	207204	200005	3
100498	152803	209794	200034	31
100499	184319	20624.5	200033	3
100500	58719	127534	200024	3
100501	194110	53867.8	200050	12
100502	162178	72256.1	200038	37
100503	196022	141053	200006	66
100504	79246.7	69120.2	200013	1
100505	209579	26386.7	200023	19
100506	149908	26468.9	200033	29
100507	128365	99261.4	200040	2
100508	67113.1	148541	200049	8
100509	114873	193535	200001	2
100510	174618	185499	200036	1
100511	143597	73570	200017	4
100512	45408.4	131633	200031	66
100513	42546.8	132970	200031	36
100514	21847.9	150840	200026	1
100515	41234.1	189038	200047	1
100516	164822	175250	200005	1
100517	40708	210074	200042	23
100518	112182	49288	200017	33
100519	29073.2	132386	200024	4
100520	77451.9	159835	200020	4
100521	7577.55	203349	200029	33
100522	179081	84047.6	200037	45
100523	207133	207695	200006	55
100524	47773	6328.37	200048	5
100525	152079	181009	200002	50
100526	123695	132016	200040	5
100527	109995	187240	200005	3
100528	31572.7	54750.5	200022	5
100529	29476.7	155223	200018	3
100530	57048.2	176985	200020	5
100531	111140	9124.85	200012	2
100532	202773	201595	200036	24
100533	154927	71040.7	200007	16
100534	29739.3	12114.1	200035	15
100535	73236.5	115874	200024	37
100536	203680	58350.5	200041	30
100537	82620.2	156301	200024	1
100538	34000.9	141782	200049	1
100539	69097.2	199542	200047	1
100540	66221.5	57663.4	200022	4
100541	17213.6	31819.5	200016	56
100542	44095.1	4982.37	200035	2
100543	113199	196352	200001	4
100544	132124	195233	200002	2
100545	49880.3	154850	200042	32
100546	81114.1	106944	200043	10
100547	195725	28363.3	200023	14
100548	69077.3	24308.8	200035	20
100549	135778	24789.9	200012	1
100550	198984	183839	200046	4
100551	57018.1	186546	200031	1
100552	177077	21434.7	200010	2
100553	31024	141487	200044	3
100554	195697	9528.88	200041	2
100555	194830	205422	200036	2
100556	46029.9	203733	200020	1
100557	84382.4	188018	200047	1
100558	194604	142501	200008	4
100559	149146	62299.9	200050	4
100560	198637	108276	200008	61
100561	125883	96726.5	200038	3
100562	31397.6	131437	200025	2
100563	207978	6654.63	200041	2
100564	51148.5	150994	200049	19
100565	54532	57489.4	200030	30
100566	81542.6	168314	200047	5
100567	42592.3	74074	200009	31
100568	34998.1	111061	200044	31
100569	25215.3	294.89	200035	2
100570	165283	20421.9	200004	3
100571	969.56	144403	200026	12
100572	21756.5	156092	200045	5
100573	208158	195726	200006	4
100574	30614.5	151323	200029	12
100575	106807	11931.4	200039	12
100576	138914	164220	200034	2
100577	6898.21	89250.7	200016	4
100578	136895	73681.1	200043	4
100579	154394	78414.2	200014	12
100580	206634	154484	200046	2
100581	195089	41878.3	200050	7
100582	27698.6	140613	200044	6
100583	149981	40893.4	200017	1
100584	198603	11632.8	200041	3
100585	108695	56556.6	200013	2
100586	49353.7	156574	200042	45
100587	105503	144122	200002	1
100588	8366.72	115597	200027	2
100589	137956	128743	200002	2
100590	3120.74	127894	200044	40
100591	164021	8652.86	200033	30
100592	4120.17	163500	200029	18
100593	186116	190144	200034	5
100594	54961.1	142001	200024	4
100595	102212	210611	200001	32
100596	24191.4	83314.4	200025	47
100597	116314	165485	200005	53
100598	16816.6	5063.47	200022	5
100599	77189.2	66369.6	200013	5
100600	77763.8	194545	200047	15
100601	101034	59262.4	200013	17
100602	8396.76	97813.4	200027	2
100603	81168.1	164117	200042	2
100604	98443	205046	200028	10
100605	205692	81678.1	200019	2
100606	39620.6	166144	200024	3
100607	150554	22360.8	200017	2
100608	51495.8	50572.2	200030	54
100609	35628.7	65642.4	200009	3
100610	107177	80320.1	200040	3
100611	65417.5	194221	200020	8
100612	149263	21440	200033	5
100613	118454	13941.9	200033	4
100614	121496	61505.8	200011	4
100615	85018.7	126489	200049	4
100616	117360	118225	200040	17
100617	142723	11632.3	200010	60
100618	176982	25295.9	200041	3
100619	175277	101417	200015	6
100620	163407	121584	200037	5
100621	3451.46	132738	200026	3
100622	3510.75	111628	200025	17
100623	16039.2	108548	200025	33
100624	45144.7	111456	200044	5
100625	173787	75659.1	200019	4
100626	55259.5	129909	200025	4
100627	40937.2	119299	200044	2
100628	102653	107980	200040	4
100629	60209	99768.4	200013	10
100630	46841.5	122078	200025	1
100631	6656.23	133088	200025	50
100632	88579.6	68344.3	200003	3
100633	188968	160100	200006	2
100634	87025	73139.2	200013	4
100635	123239	10260.2	200017	1
100636	48847.8	102570	200044	39
100637	85769.8	191991	200005	24
100638	155976	116368	200007	26
100639	25341.8	76944.2	200016	1
100640	184658	114738	200050	12
100641	115877	186005	200005	4
100642	203180	26433	200004	4
100643	114279	123659	200040	23
100644	109364	45016.5	200039	3
100645	161691	95722.1	200014	3
100646	83969.2	42435.7	200022	47
100647	69835.8	202648	200047	1
100648	108779	182815	200034	3
100649	106150	123272	200043	24
100650	176078	47268.6	200007	7
100651	195020	44165.2	200023	5
100652	15600.4	2475.36	200035	60
100653	180424	63643.3	200015	1
100654	209542	46311.6	200010	4
100655	127469	168215	200002	31
100656	70136	34963	200030	4
100657	186604	110680	200008	3
100658	117037	200375	200001	2
100659	196088	55640.7	200004	41
100660	197810	65354.3	200007	4
100661	70412	130400	200024	44
100662	76696.2	199117	200047	4
100663	20925.3	173180	200018	3
100664	142742	72960.8	200007	54
100665	110707	120379	200040	1
100666	167954	24533.4	200004	5
100667	70999	85064.4	200024	38
100668	85304.9	32494	200039	36
100669	159452	89154.6	200038	2
100670	139472	177555	200046	30
100671	11692.3	31993.7	200035	5
100672	204854	56771.9	200023	5
100673	125147	202246	200034	21
100674	148367	196210	200006	19
100675	110919	25746.5	200039	2
100676	203851	57145.3	200041	19
100677	49673.5	38916.1	200035	16
100678	32310	164213	200018	5
100679	152009	63328.6	200007	2
100680	150668	30926.9	200019	66
100681	78122.2	145135	200020	4
100682	186566	190858	200034	31
100683	13173.6	33388.2	200035	4
100684	95964.8	34997.6	200043	3
100685	202433	9269	200041	1
100686	18053.8	126433	200025	17
100687	60182.4	194844	200042	2
100688	189002	82273.5	200015	28
100689	19690.2	116067	200029	33
100690	73898	83742.8	200013	29
100691	171762	33466	200010	1
100692	12821.5	158270	200029	5
100693	66260.1	119389	200045	5
100694	70251.2	74013.4	200003	29
100695	115587	187905	200005	52
100696	203359	3615.17	200023	5
100697	87624.5	153370	200031	11
100698	25892.1	64373.6	200048	4
100699	68125.3	101409	200009	13
100700	114941	85245.3	200011	3
100701	185828	19115.8	200023	19
100702	96247.2	189586	200001	9
100703	131327	75505.3	200038	2
100704	134555	55486.3	200043	28
100705	55352.3	23466.9	200022	5
100706	207066	76512.7	200019	3
100707	54952.6	161182	200042	46
100708	163696	174564	200002	5
100709	61997.2	34405.9	200012	39
100710	80456.7	71553.6	200030	8
100711	97015.8	14755.7	200039	1
100712	171726	116788	200037	4
100713	17873.4	148032	200026	3
100714	11727	169470	200018	27
100715	135375	29850.1	200017	2
100716	176987	56098.9	200037	1
100717	74823.6	46455.1	200030	36
100718	61155.2	4583.21	200048	3
100719	76715.5	70738.3	200013	5
100720	42591.9	138642	200042	33
100721	80842.2	102406	200003	28
100722	99581.5	192386	200020	4
100723	47637.4	130493	200031	3
100724	204017	66999.8	200015	1
100725	65283.8	209797	200028	3
100726	208630	99580.5	200037	48
100727	174749	197011	200046	12
100728	70990	27424.7	200012	4
100729	185976	94562.6	200037	64
100730	86022.8	82518.9	200011	21
100731	182326	51901.8	200010	5
100732	12125.3	91910.9	200044	4
100733	96246.3	26686.6	200011	5
100734	24803.9	115517	200044	5
100735	181306	66176.9	200037	17
100736	208498	30075.3	200041	2
100737	108857	36600.7	200033	1
100738	183661	8951.11	200023	1
100739	35617.3	134566	200042	41
100740	190465	175204	200036	29
100741	187348	113245	200032	3
100742	122492	116476	200038	4
100743	97037.4	12854.2	200012	25
100744	45151.5	70704.9	200016	5
100745	38826.5	88353.1	200013	1
100746	182395	37711.9	200041	3
100747	106459	149292	200002	33
100748	202238	3341.3	200041	5
100749	200816	120436	200015	5
100750	24119	151471	200027	25
100751	186954	164419	200006	2
100752	126014	39855.8	200033	2
100753	145123	120521	200015	5
100754	142508	204508	200034	14
100755	31999.7	134879	200025	32
100756	79003	59659.4	200012	5
100757	130675	9190.51	200021	23
100758	81137.2	194251	200047	5
100759	119134	74079.8	200007	36
100760	66943.3	123885	200049	4
100761	205714	75116.8	200014	21
100762	25097.9	89677.9	200027	3
100763	88791.8	203423	200028	5
100764	198937	7972.8	200023	25
100765	5215.6	111274	200044	4
100766	50335.8	24872.4	200048	19
100767	77662.2	12596.2	200011	30
100768	147348	28863.2	200039	16
100769	131106	201450	200002	36
100770	176025	162218	200036	2
100771	93230	32254.9	200012	17
100772	43590.5	150548	200026	5
100773	108442	195320	200005	2
100774	92633.7	11913.5	200012	12
100775	201970	74748.2	200014	18
100776	47359.4	135365	200049	2
100777	9481.51	113250	200044	4
100778	169687	5424.68	200023	1
100779	71450.1	83903.9	200043	19
100780	148710	103265	200032	43
100781	61182.4	134667	200042	4
100782	149922	197827	200034	22
100783	178132	20883.1	200041	33
100784	188905	196725	200036	2
100785	68015.3	73664.9	200003	1
100786	176152	49720.9	200004	7
100787	176973	97141.8	200019	5
100788	201811	105400	200015	3
100789	617.96	21207	200048	1
100790	201947	22498.5	200004	40
100791	76614.7	143986	200020	2
100792	169114	183400	200002	5
100793	136428	170597	200005	19
100794	130033	54693.5	200017	4
100795	196422	110006	200008	2
100796	65564.5	193705	200020	51
100797	4427.48	108965	200045	7
100798	11656	139305	200018	5
100799	28542.8	38345	200030	3
100800	47397.1	156508	200042	2
100801	145268	183762	200034	3
100802	29339.8	113504	200016	3
100803	181892	47345.7	200037	62
100804	5928.28	160103	200049	2
100805	200694	65893.2	200014	16
100806	56481.9	126521	200044	26
100807	76025.3	19724.7	200022	2
100808	22151.8	6361.01	200048	5
100809	69288.7	116101	200040	2
100810	181498	94903.8	200015	33
100811	123328	30519.1	200017	5
100812	82971.6	201265	200047	1
100813	143722	188383	200034	39
100814	188969	139179	200046	23
100815	74.27	163495	200045	4
100816	210178	71267.2	200014	1
100817	156537	80325.9	200037	40
100818	76974.3	62424.1	200013	1
100819	133749	204307	200001	3
100820	187124	104170	200037	3
100821	94.73	42073.4	200016	2
100822	54663.4	155777	200029	19
100823	54662.5	160088	200031	4
100824	129988	145926	200040	40
100825	61783	22901	200012	27
100826	132421	66530.5	200011	13
100827	183926	187033	200034	27
100828	87345.9	101063	200040	4
100829	35943.3	130907	200049	66
100830	3076.39	44110.1	200016	5
100831	151380	25153.7	200017	4
100832	182891	101603	200037	1
100833	48290.1	154656	200025	4
100834	123235	23662.7	200017	18
100835	65512.3	12858	200012	5
100836	169055	111443	200032	26
100837	120632	14697.5	200039	1
100838	59190.3	162158	200029	5
100839	19007.4	171781	200049	16
100840	199839	192039	200006	9
100841	2346.85	156287	200044	18
100842	47058.6	167086	200020	3
100843	186278	54162.8	200004	29
100844	94669.5	42689.1	200030	9
100845	205421	59471.1	200008	2
100846	76850.4	91850.6	200038	21
100847	6298.23	184016	200029	1
100848	12685.2	162008	200026	1
100849	7132.48	192571	200029	24
100850	204174	86580.3	200019	4
100851	72268.7	186592	200028	32
100852	102038	171722	200047	11
100853	87381.8	71169.6	200030	15
100854	57195.9	201298	200020	4
100855	109700	80174.5	200032	3
100856	8682.24	9827.77	200035	66
100857	207851	169581	200036	4
100858	149951	96879.1	200019	24
100859	28057.4	159951	200024	12
100860	147821	192103	200034	37
100861	36891.4	127587	200027	57
100862	77066.6	196431	200028	3
100863	78113.3	36540.4	200003	53
100864	5857.39	133712	200045	5
100865	185526	97835	200037	2
100866	17123.7	48813.3	200009	30
100867	191562	82541.6	200015	4
100868	162037	58639.1	200014	3
100869	10591	146987	200044	25
100870	196820	184042	200006	33
100871	17094	70438.5	200016	56
100872	63142.5	151806	200024	5
100873	184791	94417.5	200008	27
100874	2487.15	113178	200025	9
100875	119010	197884	200001	1
100876	15412.4	19613.5	200035	11
100877	63956.2	77011.7	200013	3
100878	44701.8	149908	200020	56
100879	113867	1572.37	200039	43
100880	184507	55776.5	200010	40
100881	41975.4	122640	200009	5
100882	53557.9	126876	200026	4
100883	46258.4	141041	200031	8
100884	17460.8	136720	200026	3
100885	49478.2	131392	200031	9
100886	191253	96335.2	200015	5
100887	206323	11416.7	200023	1
100888	76817.9	189491	200028	5
100889	118316	47099.3	200038	2
100890	137372	9147.74	200033	39
100891	40897.5	127255	200045	38
100892	59859.1	182178	200029	4
100893	43802.4	182765	200029	10
100894	20755.4	91254.3	200026	1
100895	56315	19967.9	200035	9
100896	142503	96478	200032	4
100897	124343	42814.3	200021	1
100898	160189	81143.8	200033	1
100899	150499	113628	200008	24
100900	47672.8	118870	200025	13
100901	189334	103616	200037	2
100902	11961.2	31715	200035	13
100903	86717.9	107813	200040	2
100904	97117.4	24219.7	200012	1
100905	204980	59795.5	200004	26
100906	117839	194193	200028	5
100907	203714	182354	200006	2
100908	157455	65008.3	200021	1
100909	45086.5	152048	200042	4
100910	11088.6	135022	200042	1
100911	91450.7	99077	200043	2
100912	64355.5	172784	200024	5
100913	202819	34282.9	200023	2
100914	9884.86	127624	200045	42
100915	22388	129137	200042	14
100916	132149	204419	200036	5
100917	92508.2	65443.5	200043	2
100918	147691	101867	200032	43
100919	8725.44	84081.9	200027	3
100920	59313.5	119679	200031	28
100921	185798	146133	200046	23
100922	208524	27064.7	200033	11
100923	181741	38016.2	200033	21
100924	183362	67497.8	200019	5
100925	107202	96761.4	200038	4
100926	146640	181508	200002	2
100927	194060	15450.7	200023	10
100928	52431.3	80678.5	200009	28
100929	28327.2	79182.1	200013	5
100930	82232.9	29448.2	200039	30
100931	79007.9	21533.4	200022	9
100932	141597	27369	200039	3
100933	21137.5	104633	200045	21
100934	434.1	106050	200027	4
100935	111548	38533.4	200021	12
100936	16085.6	60688.8	200044	1
100937	23403.9	195192	200042	1
100938	40258.1	82195	200016	2
100939	2848.56	156026	200026	4
100940	131494	81635.8	200038	1
100941	140031	122683	200032	1
100942	45791	40286.4	200022	1
100943	29010.3	99626.2	200045	5
100944	59247.9	177618	200024	41
100945	8898.38	199693	200029	2
100946	148959	109058	200032	2
100947	67092.3	87429.1	200024	42
100948	47610.8	127335	200031	32
100949	147223	85758.8	200037	1
100950	17649.1	161250	200029	5
100951	73096.1	67506.2	200043	9
100952	183365	159784	200036	3
100953	5779.74	68974.5	200009	4
100954	51543.6	131137	200031	34
100955	42676.7	11976.5	200022	7
100956	32895.4	148477	200045	1
100957	54294.1	107735	200045	62
100958	122140	51416.9	200021	3
100959	131904	77674.9	200021	29
100960	91420.1	78443.1	200013	1
100961	6236.53	31188.8	200035	59
100962	20898.3	59503.7	200044	28
100963	172208	176273	200034	4
100964	13086.4	112580	200026	3
100965	205938	121004	200008	4
100966	16809.8	85932.7	200009	4
100967	97225.5	84840.8	200009	21
100968	183687	200942	200036	36
100969	61306.9	183175	200042	22
100970	109817	47921.8	200043	4
100971	84481.8	190444	200020	33
100972	19447.6	59092.2	200016	1
100973	174688	12165.5	200033	2
100974	197185	68274.3	200008	5
100975	110997	913.4	200039	17
100976	115835	198627	200002	8
100977	128790	184159	200046	3
100978	122286	54633.1	200017	1
100979	51803.8	181170	200005	3
100980	90012.4	194544	200002	1
100981	59344.4	95928.9	200031	24
100982	111254	88028.6	200043	3
100983	86890	17213.6	200039	21
100984	188509	83078.2	200050	3
100985	32393.2	104728	200027	52
100986	36378.6	158943	200049	66
100987	97865.2	208916	200001	1
100988	208669	68485.1	200004	1
100989	119501	22256.9	200021	47
100990	193986	48.91	200010	3
100991	116917	192443	200005	26
100992	18471.5	174779	200029	2
100993	80090.2	56673.3	200011	9
100994	24025.4	8581.44	200048	4
100995	173561	76009	200004	43
100996	35031.6	143904	200026	4
100997	81068.3	86302.7	200009	6
100998	100485	63688.2	200021	1
100999	88157.6	195886	200001	3
101000	123859	179098	200002	16
101001	93630.2	203782	200001	25
101002	192124	201205	200034	2
101003	2070.72	7725.83	200035	17
101004	54249.2	94906.3	200049	4
101005	60824.9	76429.8	200003	32
101006	56603.7	178053	200031	4
101007	200399	124849	200008	3
101008	83491.3	22182	200030	3
101009	1888.86	86917.5	200016	4
101010	11883.1	164421	200029	22
101011	45687.1	72314.3	200003	1
101012	20948.3	99711.7	200025	5
101013	176980	170365	200006	23
101014	136238	95973.2	200040	20
101015	11528	101116	200009	19
101016	203273	4977.96	200023	4
101017	67703.1	141150	200042	20
101018	7145.12	80618.6	200016	2
101019	189368	27746.3	200010	4
101020	47085.6	202141	200047	63
101021	11477.2	120604	200027	5
101022	931.02	71598.1	200016	4
101023	68818.9	114942	200044	5
101024	87921.3	23715.5	200013	31
101025	210222	45392.2	200014	5
101026	41296.7	42508.1	200016	3
101027	24013	100235	200045	2
101028	24033.4	100829	200025	4
101029	196333	30939.3	200023	24
101030	165636	182475	200006	14
101031	203683	186654	200046	3
101032	153141	4144.04	200023	1
101033	51836.4	190817	200047	7
101034	147415	1980.99	200021	44
101035	58784	203488	200020	5
101036	14950.9	67821.5	200016	33
101037	1177.17	113948	200044	1
101038	22355.1	31592.7	200035	7
101039	14061.2	2948.16	200048	8
101040	25896.7	168728	200020	24
101041	196458	83355.2	200050	9
101042	87861.9	48703.1	200013	4
101043	150037	105944	200032	2
101044	15586.1	63047.1	200048	4
101045	67411.5	191142	200020	4
101046	160596	74037.9	200015	28
101047	131193	177402	200002	15
101048	5257.04	73991.3	200016	5
101049	110325	71593.6	200043	3
101050	155231	55165.9	200010	13
101051	198160	2219.58	200023	41
101052	108007	190733	200002	5
101053	22035.7	86819.7	200009	2
101054	129259	161298	200034	9
101055	92702.8	131943	200024	3
101056	61228.3	19596.4	200012	2
101057	54222.5	94049.5	200013	2
101058	158230	182859	200036	1
101059	26319.5	126369	200025	41
101060	19947.8	134673	200026	5
101061	186099	61056.9	200050	1
101062	134503	54584.4	200043	55
101063	48961.3	64912.2	200009	4
101064	82640.8	154296	200040	31
101065	70456.4	9200.27	200030	19
101066	3035.12	138063	200045	25
101067	43413.5	76044.5	200009	30
101068	56716.8	44676.2	200030	11
101069	128353	182523	200002	22
101070	160930	69670.5	200007	4
101071	102993	33412.9	200012	4
101072	44002.8	49821.3	200009	1
101073	112904	180510	200002	41
101074	187883	62656.6	200007	29
101075	649.55	198699	200029	57
101076	27979	183620	200020	4
101077	24833.9	132515	200049	15
101078	159811	90939.1	200050	19
101079	37944.5	128304	200025	3
101080	111031	184931	200005	5
101081	76649.7	99483.3	200043	58
101082	147049	122201	200015	1
101083	19281.4	140107	200049	12
101084	37271.7	126998	200009	4
101085	32767.5	89384.8	200027	3
101086	39491.2	176377	200042	1
101087	38743.3	57294.6	200016	4
101088	174184	198851	200036	19
101089	193025	42992	200041	4
101090	197262	116902	200008	16
101091	133075	102711	200038	4
101092	179242	209554	200046	29
101093	103249	7486.52	200039	21
101094	2280.07	16766.5	200016	22
101095	23000.9	17211.7	200048	21
101096	120820	205407	200002	26
101097	185554	117237	200014	2
101098	32542	122302	200049	19
101099	18220.5	155694	200026	1
101100	108924	4766.19	200012	1
101101	204297	112852	200008	2
101102	135273	110891	200032	2
101103	130983	186375	200046	7
101104	57320.5	86772.5	200009	2
101105	42203.7	140411	200024	4
101106	150075	5465.88	200017	4
101107	152113	62310.6	200007	26
101108	85548.1	58546	200011	45
101109	81792.7	67523.3	200011	2
101110	105501	130501	200040	1
101111	173583	34811.4	200004	5
101112	8787.15	153869	200044	4
101113	179890	112783	200037	11
101114	189047	6834.56	200041	3
101115	38319.3	112070	200031	3
101116	36315.5	178248	200020	9
101117	25068.2	133906	200018	4
101118	23289.2	109420	200049	5
101119	69936.4	141400	200042	1
101120	58443.2	45292.1	200030	2
101121	208301	7857.04	200041	19
101122	36288.8	208673	200020	18
101123	1327.72	122243	200026	64
101124	12324.1	123460	200026	21
101125	166344	188901	200006	23
101126	38287	19820.3	200022	60
101127	28916.5	151624	200026	17
101128	120628	30928.4	200021	1
101129	103947	87560.7	200043	3
101130	52884.2	21286.6	200022	27
101131	138531	150789	200034	4
101132	173404	135679	200015	10
101133	41047.3	131288	200042	38
101134	80118	158018	200047	4
101135	183737	85469.8	200019	3
101136	98481.2	85073.2	200043	4
101137	144868	30542.2	200012	13
101138	99415.7	41534.3	200021	13
101139	201521	35892.6	200050	25
101140	203785	108254	200008	55
101141	196790	70876.6	200015	25
101142	13664.4	172079	200029	24
101143	180587	89178.4	200008	3
101144	189541	15775.1	200010	50
101145	11757.3	80948.1	200016	1
101146	193005	109877	200015	1
101147	25189.1	106607	200049	2
101148	153841	165722	200034	5
101149	104950	3417.97	200039	3
101150	57595.2	164887	200024	5
101151	4084.25	132168	200049	2
101152	178544	154691	200046	3
101153	183206	182190	200006	2
101154	150284	38606.3	200033	2
101155	11101	202121	200018	6
101156	150005	95836.1	200015	3
101157	16324	54719.2	200016	19
101158	198430	50760.8	200004	1
101159	139807	173417	200005	4
101160	207140	178943	200006	1
101161	146906	78310.8	200032	5
101162	184443	161413	200036	6
101163	139927	94390.1	200032	5
101164	9672.39	93537.3	200027	3
101165	138504	7110.34	200021	3
101166	107026	25889.9	200033	1
101167	132077	74239.2	200011	3
101168	11600.9	135448	200045	27
101169	94531.4	29104.8	200012	50
101170	166482	172943	200046	9
101171	27647.5	54304.4	200030	2
101172	148476	66625.5	200007	3
101173	179371	190697	200034	5
101174	111558	59307.2	200007	23
101175	45993.4	134536	200031	27
101176	9776.42	23062.4	200035	5
101177	53819.3	20047.6	200022	5
101178	31747.2	103534	200031	15
101179	50047.3	17964.3	200022	3
101180	37705.7	117191	200045	15
101181	154751	74805.8	200032	2
101182	195103	18860	200041	4
101183	10790.2	99664.9	200027	1
101184	125288	115066	200043	19
101185	10064.1	99759.6	200027	1
101186	2021.28	147332	200049	3
101187	55679.8	115996	200024	8
101188	138675	184234	200002	5
101189	61037.5	53481	200003	33
101190	152217	46796	200033	5
101191	128503	93110	200021	9
101192	86414.5	186644	200028	30
101193	73738.7	99466.5	200038	28
101194	12338.7	136067	200042	7
101195	172287	208552	200036	56
101196	125512	205827	200047	52
101197	190517	75974.3	200019	55
101198	91818.7	1487.5	200012	13
101199	16695.9	195711	200018	11
101200	205892	113191	200008	1
101201	77183.1	64245.1	200009	1
101202	16490.2	7073.1	200048	33
101203	147133	90392.6	200032	26
101204	20065.8	132873	200045	2
101205	39955.6	22468.7	200030	21
101206	60419.8	49535.7	200013	2
101207	94784.1	107270	200038	41
101208	168183	25651.4	200019	5
101209	15056.2	7048.81	200048	4
101210	120626	127642	200002	1
101211	163733	32722.3	200010	50
101212	64892.9	155313	200028	3
101213	6645.23	33513.5	200035	5
101214	156153	207225	200002	25
101215	4870.39	199375	200018	3
101216	5403.89	48191.9	200035	4
101217	176501	22649.2	200010	2
101218	114820	39607.1	200017	2
101219	290.12	152503	200018	64
101220	139479	10049.6	200039	19
101221	196939	107929	200037	2
101222	174059	185424	200006	14
101223	157064	103839	200008	5
101224	143735	177068	200046	5
101225	134227	179550	200001	4
101226	14619.7	64986.9	200016	5
101227	12242.7	119709	200044	3
101228	109649	31392.6	200043	3
101229	164683	198896	200034	26
101230	83123	193571	200047	58
101231	141743	34106.2	200033	16
101232	77751.3	98059.5	200013	3
101233	140697	187266	200046	7
101234	110150	204130	200001	3
101235	183440	165019	200006	9
101236	63369.9	161573	200020	11
101237	70732.5	140655	200049	30
101238	174546	171927	200036	19
101239	113668	181063	200005	42
101240	21065	8133.16	200048	3
101241	210746	25661.3	200023	3
101242	45119.7	52652.9	200016	21
101243	128093	197589	200047	4
101244	64523.8	26116.8	200022	2
101245	125612	31167.1	200012	16
101246	191037	33244.3	200041	2
101247	200076	57719.2	200041	2
101248	19514.2	205329	200029	3
101249	208711	1846.84	200010	31
101250	131370	34805.2	200021	24
101251	57462.4	203283	200020	2
101252	110584	120675	200043	2
101253	72226.7	26154.5	200012	4
101254	61742.5	125997	200044	22
101255	20605.5	22938.7	200035	2
101256	3054.05	4289.05	200035	3
101257	24241.4	127987	200049	34
101258	199608	27069.4	200010	4
101259	105644	119051	200043	29
101260	61325.3	78175.7	200030	1
101261	53043.3	27297.8	200022	60
101262	71079.1	210861	200047	6
101263	10814	166210	200018	4
101264	45.75	124217	200018	23
101265	28247.6	50057.5	200035	24
101266	198237	52320.1	200014	40
101267	14933.4	112526	200025	16
101268	58506.1	31725.7	200030	4
101269	76174.3	20580.2	200013	2
101270	15045.4	75516.4	200016	2
101271	210557	58682.4	200004	3
101272	205636	77339.9	200014	2
101273	64014.2	54960.1	200030	2
101274	206378	78808.9	200050	40
101275	33860.1	136839	200045	7
101276	22178.5	17139.6	200035	58
101277	156474	64523.4	200038	30
101278	66522.1	168269	200042	20
101279	116118	33016.2	200017	3
101280	45594.3	25063.3	200035	2
101281	27416.1	138205	200025	30
101282	371.11	169649	200018	38
101283	182129	171992	200046	23
101284	8347.51	163865	200018	2
101285	58447.6	124641	200040	1
101286	104302	50358.7	200012	3
101287	179286	52190.6	200010	14
101288	141172	78207.9	200007	22
101289	160185	189174	200034	5
101290	127863	77185	200003	3
101291	174186	10179.2	200017	28
101292	34661.4	151967	200018	7
101293	7064.85	65766.3	200035	1
101294	61927.6	38863.2	200011	26
101295	138473	61159.3	200007	34
101296	2310.35	187363	200029	2
101297	142445	197482	200001	6
101298	197955	175840	200036	3
101299	23892.7	155260	200026	56
101300	199774	71912.3	200008	2
101301	190489	209878	200036	12
101302	154793	34380.7	200019	11
101303	7417.25	75355.7	200044	22
101304	141153	91017.2	200032	13
101305	142272	105762	200037	5
101306	74268.2	200291	200001	3
101307	5730.52	169235	200029	3
101308	77506.4	178218	200005	1
101309	154986	208384	200034	3
101310	3632.3	87510.8	200044	5
101311	80609.8	11532.8	200012	1
101312	187581	81203.4	200050	55
101313	186009	90997.9	200019	2
101314	100769	26391.6	200012	3
101315	11334.6	118251	200044	5
101316	32594.2	130155	200026	19
101317	178614	200948	200036	47
101318	62399.5	54786.3	200030	4
101319	199301	87065.4	200037	2
101320	185869	96819	200015	3
101321	94479.6	99486.8	200003	22
101322	22796.9	181520	200025	3
101323	105013	186666	200001	4
101324	50102.5	110805	200024	2
101325	136798	183965	200002	4
101326	104940	41917.8	200012	3
101327	167049	95762.1	200037	4
101328	90633.2	105153	200003	5
101329	134106	91143.8	200017	5
101330	118761	123517	200038	5
101331	188913	186040	200006	33
101332	95053.5	61732.9	200043	1
101333	133366	184528	200034	5
101334	140057	67500	200043	12
101335	51951	45619.8	200030	26
101336	204466	3271.06	200041	3
101337	24246	71510.4	200009	5
101338	86125.5	42965.1	200043	9
101339	18972.9	91425.8	200025	46
101340	111066	96744.9	200040	2
101341	69110.9	48200.6	200030	3
101342	103193	12294	200039	44
101343	71988.3	140511	200024	23
101344	102583	72772.2	200043	1
101345	26464.8	60113.2	200009	5
101346	860.02	56377.7	200035	2
101347	161524	44403.1	200021	26
101348	185986	82721.1	200007	2
101349	14937.5	186534	200029	5
101350	167351	171767	200034	51
101351	14857.4	7374.23	200048	13
101352	24829.5	17956.5	200048	59
101353	96816.4	133370	200024	22
101354	89327.6	58905.2	200011	2
101355	3779.03	181805	200026	5
101356	85891.9	119363	200040	12
101357	50488.5	10250.8	200035	5
101358	173881	199904	200034	1
101359	126345	97728.9	200038	4
101360	183349	50224.7	200050	14
101361	189389	12274	200023	3
101362	38611.4	70782.6	200009	18
101363	153978	75809.8	200015	15
101364	198353	161932	200046	25
101365	181548	109349	200007	4
101366	33144.3	145821	200049	5
101367	97340.9	105945	200043	4
101368	166558	85431	200014	4
101369	29461.3	102385	200045	27
101370	188101	85157.8	200050	13
101371	175382	30101.9	200010	1
101372	31902.6	138322	200025	1
101373	27742.4	149196	200042	1
101374	53485.5	21254.3	200022	11
101375	190725	105021	200008	3
101376	139644	35866	200021	2
101377	151220	116667	200038	4
101378	58725.5	134271	200024	4
101379	176308	113391	200037	4
101380	50676.7	29290.7	200009	3
101381	112543	33836.8	200012	1
101382	130602	73094.5	200032	56
101383	167793	186015	200002	26
101384	199308	82252.2	200037	3
101385	8544.65	22846.3	200035	52
101386	43717.7	112067	200045	4
101387	185253	189580	200046	54
101388	55368.8	186715	200028	23
101389	141942	191286	200034	3
101390	18374.6	165948	200018	1
101391	139815	42928.6	200021	2
101392	192645	198058	200036	21
101393	189602	58154.5	200004	6
101394	155949	205160	200036	64
101395	171486	106606	200015	44
101396	41205.4	71170.7	200009	25
101397	159528	95351.3	200037	32
101398	209587	181984	200006	2
101399	136175	175203	200001	19
101400	176808	202668	200034	20
101401	10306.6	164497	200029	39
101402	131524	180709	200028	19
101403	5439.05	130240	200027	52
101404	176258	182282	200036	57
101405	52117.5	206059	200028	7
101406	7356.14	164726	200026	24
101407	166552	49130.1	200021	23
101408	52665.1	175487	200031	30
101409	82116.5	196370	200047	3
101410	144569	27047.5	200017	2
101411	183478	141225	200015	2
101412	177813	64898.5	200019	2
101413	119762	74972	200038	11
101414	52445.4	6395.84	200035	2
101415	188498	88012.4	200014	31
101416	182097	129162	200050	29
101417	168212	138876	200037	40
101418	97319.1	39111.2	200030	4
101419	42741.8	136753	200018	6
101420	179022	181750	200046	4
101421	11503.8	103948	200026	33
101422	126213	71911.1	200013	43
101423	172527	139659	200015	15
101424	180949	205181	200036	5
101425	153501	160337	200034	44
101426	99895.5	28736.7	200012	5
101427	139569	50295.3	200032	5
101428	199060	58725.3	200004	2
101429	60184.8	135196	200031	5
101430	168276	22078.7	200017	5
101431	30203.7	137912	200049	7
101432	189481	131480	200037	2
101433	92209.4	58855	200011	30
101434	58299.1	94818.5	200013	41
101435	4418.87	100365	200016	32
101436	196145	95467.7	200050	4
101437	100721	26693.7	200012	4
101438	45687.1	185627	200018	3
101439	4682.55	36809.2	200016	3
101440	130841	101572	200015	5
101441	108132	720.21	200039	1
101442	192168	98725.3	200015	24
101443	151581	120128	200007	1
101444	134050	201370	200028	18
101445	129208	18645.1	200039	36
101446	207017	24877	200023	2
101447	201834	17416.7	200004	5
101448	125491	40675.8	200017	13
101449	107671	162150	200001	59
101450	44886.5	172371	200031	10
101451	176830	50366.3	200014	54
101452	34199.7	170532	200031	27
101453	39206	125647	200025	4
101454	134716	105259	200038	4
101455	41604.9	77184.2	200003	4
101456	91747.6	83340.7	200003	37
101457	49202.5	113257	200027	3
101458	47628.5	71194.5	200043	3
101459	144146	41405.1	200017	9
101460	56434.1	18184.1	200022	4
101461	73208.1	101319	200013	4
101462	113673	209492	200002	31
101463	54754.6	138751	200024	5
101464	38232.1	206364	200028	1
101465	48414.3	126232	200025	24
101466	101357	197481	200047	20
101467	20674.1	153630	200044	4
101468	931.55	128627	200025	2
101469	134006	61444.8	200007	30
101470	166602	171074	200036	1
101471	11850.7	157562	200027	3
101472	47603.9	132484	200031	5
101473	195652	54389.5	200037	29
101474	134910	206746	200034	3
101475	143726	83776.6	200043	1
101476	205098	199046	200046	1
101477	208972	49269.2	200041	13
101478	87362.1	60248.9	200003	4
101479	13740.7	143428	200029	2
101480	177114	141752	200015	37
101481	31956.6	77795.1	200003	1
101482	184110	123689	200050	4
101483	14474.9	118687	200045	1
101484	45881.3	197773	200047	4
101485	148423	69021.6	200007	45
101486	65416.8	90235.9	200013	10
101487	164403	89403.5	200037	17
101488	110915	5654.64	200033	3
101489	21258.6	61140.7	200027	2
101490	101205	44865.9	200043	30
101491	162051	56039.2	200021	5
101492	53485.3	29780.7	200011	1
101493	193926	70215.4	200019	4
101494	49533.2	114383	200027	1
101495	162827	95772.1	200008	4
101496	22080.4	125967	200025	23
101497	210746	118024	200008	1
101498	71824.5	69412.6	200013	1
101499	195363	18534	200023	4
101500	40300.9	26623.9	200022	8
101501	197020	74419.3	200019	4
101502	61742.2	48380.2	200022	5
101503	204906	11107.6	200041	5
101504	121790	202823	200034	5
101505	89645.3	188362	200020	37
101506	198857	190289	200046	5
101507	8161.77	109024	200018	59
101508	13413.4	194048	200018	2
101509	45211.9	105138	200024	37
101510	203472	71593.1	200004	37
101511	163775	64154.2	200007	4
101512	4288.7	125059	200024	24
101513	160814	79566.4	200015	3
101514	87964.3	81358.1	200040	3
101515	98700.3	175621	200028	4
101516	13053.1	191209	200029	4
101517	87713.5	162694	200024	1
101518	201019	116107	200015	1
101519	64731.3	136814	200049	5
101520	101479	208309	200001	1
101521	139782	37095.1	200039	2
101522	202778	95077	200050	30
101523	194914	77865.6	200050	32
101524	204927	202679	200006	15
101525	207201	194524	200036	4
101526	195018	207888	200006	25
101527	24946.7	4781.37	200022	23
101528	96096.1	52472.9	200030	5
101529	57198.4	141744	200024	1
101530	140988	31350.2	200021	3
101531	3356.49	183863	200029	2
101532	39130.9	138234	200025	20
101533	43827.4	47797	200016	3
101534	109227	89432.6	200038	45
101535	80195.5	74104.5	200013	40
101536	158730	144792	200032	19
101537	43853.1	158758	200045	3
101538	23698.8	139165	200042	1
101539	6550.47	10996.4	200048	2
101540	57664	125758	200031	5
101541	62129.3	7373.57	200048	1
101542	113245	19.73	200039	5
101543	193552	122787	200015	5
101544	148414	91743.3	200038	17
101545	114039	189113	200001	2
101546	165347	209981	200034	5
101547	122525	27848.5	200017	5
101548	197183	200056	200036	3
101549	105902	203577	200034	1
101550	13446.2	111445	200027	15
101551	138637	149945	200002	5
101552	201482	75241.2	200019	2
101553	159682	176686	200036	2
101554	15876.1	120063	200044	3
101555	54663.5	15786.2	200022	4
101556	17811.9	66032.2	200016	20
101557	149503	28248.3	200017	5
101558	193436	75810	200015	21
101559	207861	1352.84	200004	20
101560	196943	201885	200036	3
101561	91542.6	5639.08	200039	20
101562	53892.3	111909	200025	11
101563	61113.4	133920	200024	5
101564	113904	106839	200032	3
101565	181390	180465	200046	11
101566	1164.66	120668	200027	5
101567	22763.2	97053.6	200045	19
101568	167577	65229.9	200007	29
101569	177038	57454.6	200033	3
101570	174363	33765.6	200010	2
101571	166635	35346.1	200023	1
101572	43008.6	137667	200044	5
101573	145445	158022	200005	5
101574	187528	134685	200037	25
101575	68080.7	165966	200042	22
101576	133784	187803	200002	4
101577	18575.6	47302.6	200048	57
101578	36850.6	93228.7	200025	17
101579	64254.7	37747.2	200012	1
101580	169256	159319	200002	2
101581	67875	74379.2	200016	27
101582	108996	57104.6	200013	39
101583	46366.1	41129.5	200003	42
101584	80621.9	204738	200047	10
101585	9235.07	142414	200025	1
101586	14768.5	154513	200018	9
101587	117762	106783	200043	23
101588	40445.6	110669	200027	28
101589	204097	145298	200037	4
101590	42965.6	132971	200049	2
101591	180381	118090	200037	2
101592	169795	131790	200015	4
101593	9488.08	181442	200018	9
101594	102117	205059	200047	56
101595	30389.5	59789.3	200009	1
101596	1674.24	89104.2	200044	39
101597	138110	88249.3	200019	4
101598	33644.6	52158.5	200009	4
101599	153823	52572.7	200007	40
101600	187678	40871.2	200041	10
101601	177258	151009	200046	13
101602	178637	208213	200006	2
101603	72816.3	55705.3	200043	4
101604	121441	143367	200005	2
101605	71159.2	44171.9	200009	52
101606	151610	161664	200046	2
101607	30446	164133	200029	7
101608	56753.9	163028	200020	5
101609	68283.2	198241	200028	9
101610	80576.5	201501	200028	8
101611	109397	117867	200040	1
101612	120965	194875	200047	9
101613	105613	174942	200005	31
101614	2154.22	76820.9	200016	2
101615	168894	52869	200004	3
101616	64370.1	192046	200020	5
101617	78957.9	196842	200020	1
101618	106594	201172	200001	2
101619	65355.2	118776	200024	2
101620	14074.2	130502	200031	6
101621	205167	44873.9	200004	5
101622	182805	189601	200006	19
101623	178591	205185	200036	3
101624	8571.31	176439	200029	1
101625	175129	181306	200046	5
101626	83440.7	195072	200020	14
101627	147277	188268	200005	15
101628	36002.7	57471.4	200011	5
101629	44355.5	189335	200018	22
101630	71039.1	83947.7	200043	3
101631	166206	41864.3	200021	26
101632	63869	52898.5	200030	10
101633	115365	6832.87	200033	20
101634	201967	92948.7	200004	1
101635	69167.4	101696	200027	21
101636	73207.8	89422.4	200013	1
101637	48600.2	181190	200020	1
101638	169224	111608	200037	2
101639	205374	125693	200037	6
101640	210942	41383.4	200004	2
101641	181636	199815	200006	1
101642	12817.8	209114	200018	2
101643	31370.6	9515.07	200022	25
101644	52857.3	145973	200031	5
101645	190825	123503	200032	2
101646	66055	158866	200047	66
101647	45111.9	11534.7	200030	5
101648	3039.27	45747.3	200035	1
101649	28884.9	120473	200009	1
101650	20254	98246.3	200016	15
101651	131770	34965.2	200017	29
101652	204215	2290.83	200041	3
101653	9820	138977	200049	2
101654	141666	203231	200034	5
101655	156390	43872.7	200033	61
101656	121201	201844	200047	5
101657	168898	95021.6	200014	4
101658	124915	50625.2	200038	4
101659	3639.27	92161.4	200009	7
101660	96900.2	182216	200047	42
101661	61405.3	90034.4	200011	13
101662	174221	44074.9	200007	5
101663	103342	37034.6	200017	29
101664	76202.9	70336.6	200013	4
101665	116179	179960	200047	19
101666	1016.52	79867.8	200016	50
101667	208051	210646	200006	4
101668	148844	197728	200034	5
101669	77107.4	66285.1	200011	1
101670	62505.7	54375.4	200030	1
101671	35891.7	72693.3	200009	1
101672	205799	179826	200036	3
101673	66906.4	109614	200011	1
101674	160084	56062.9	200014	34
101675	92349.9	103353	200043	31
101676	198523	81108.4	200037	5
101677	18965.4	156215	200042	4
101678	96159.6	123161	200040	2
101679	20078	159116	200031	3
101680	10220.2	169869	200018	66
101681	56415.1	170050	200028	17
101682	58996.1	111710	200025	36
101683	192222	85837.1	200008	30
101684	121929	42896.5	200038	14
101685	192733	137064	200046	1
101686	90361	21218.8	200012	4
101687	186121	59048.8	200004	12
101688	199079	109504	200050	9
101689	194307	195981	200036	17
101690	176842	72029.1	200019	1
101691	95212.1	72829.8	200013	2
101692	128733	50100.9	200021	4
101693	72955.1	13124.7	200022	25
101694	183421	67988.7	200008	24
101695	22853.4	117289	200045	4
101696	23045.8	3678.03	200048	2
101697	198385	49314.9	200023	16
101698	34267.2	129858	200049	4
101699	208522	101926	200050	4
101700	4594.52	129791	200026	46
101701	61307.6	188885	200047	16
101702	190822	188956	200034	4
101703	191358	62955.9	200004	5
101704	34805.1	140856	200025	4
101705	188399	34219.8	200004	27
101706	207332	55897.3	200019	5
101707	209797	66059.3	200004	3
101708	82004.4	98566.7	200043	2
101709	118144	81840	200038	4
101710	198965	19401.5	200033	2
101711	23795.6	37241.7	200035	36
101712	128760	176194	200002	5
101713	19216.1	76765.7	200027	12
101714	146369	27425.6	200012	28
101715	119605	58068.3	200021	33
101716	40904.9	90368	200049	30
101717	25058.4	118680	200027	8
101718	139527	23875	200033	4
101719	172835	36783.1	200021	1
101720	63826.2	54481.9	200030	5
101721	101753	172738	200005	25
101722	4905.64	172892	200029	4
101723	181761	8973.77	200041	5
101724	199923	205554	200046	5
101725	87366.4	25778	200011	1
101726	56578.6	93675.7	200027	1
101727	18106.7	136873	200027	4
101728	92090	180961	200028	25
101729	159282	161905	200034	3
101730	127270	72203.8	200038	1
101731	32938.3	120215	200025	1
101732	105868	23716	200017	22
101733	133071	73760	200032	10
101734	11049.1	70971.4	200027	5
101735	31415.6	90531.5	200027	8
101736	99001.6	29405.6	200043	1
101737	60931.1	155322	200049	3
101738	64575.8	89401.6	200030	30
101739	8842.44	125271	200045	13
101740	29128.7	85422.4	200025	36
101741	105653	69662.8	200043	4
101742	35843.1	55064	200011	10
101743	39838.9	138141	200044	30
101744	31207.2	192022	200018	5
101745	34768.5	20790.1	200022	11
101746	201623	108234	200015	4
101747	27286.7	143984	200025	4
101748	24654.8	144789	200049	1
101749	205333	180561	200006	46
101750	20147.5	73175.6	200027	41
101751	56885.4	186189	200028	9
101752	202232	3413.61	200041	5
101753	194083	13820.8	200010	19
101754	37030.9	86577.7	200027	3
101755	87033.2	191971	200028	4
101756	82708.7	80587	200043	60
101757	40246.7	116645	200044	21
101758	184272	41209.9	200019	4
101759	111077	20675.9	200039	2
101760	37145.2	141333	200045	1
101761	37796.7	168374	200025	9
101762	137866	32548.7	200017	21
101763	192584	5816.29	200041	2
101764	13002.7	197252	200018	5
101765	117092	80592.1	200038	8
101766	31550	113090	200024	20
101767	188719	72004.4	200037	21
101768	100149	114824	200040	4
101769	201379	30238.2	200014	1
101770	163931	133363	200032	42
101771	92082.9	56819.7	200043	42
101772	160715	15314.3	200023	2
101773	35302.4	75204.7	200009	2
101774	70835.9	70988.6	200013	5
101775	172328	50027.6	200010	1
101776	20199.3	105984	200016	22
101777	190746	206658	200036	34
101778	141978	97406.7	200032	3
101779	13535.9	60218.1	200009	49
101780	185267	141964	200008	2
101781	190456	209041	200036	2
101782	102362	26967.4	200012	1
101783	125024	87765.3	200038	2
101784	43681	81190.9	200030	1
101785	18095.7	104302	200026	2
101786	29169.2	103294	200027	3
101787	146441	105467	200032	3
101788	26823.5	103128	200025	33
101789	54089.1	196420	200047	4
101790	51138.3	90645.1	200044	2
101791	76116.1	72408.4	200003	2
101792	40802.3	198487	200029	15
101793	88745	72899	200009	2
101794	1360.47	80573.2	200016	7
101795	53728.9	160141	200028	4
101796	175870	50214.3	200021	2
101797	207523	11398.4	200004	5
101798	95550.4	24393.1	200012	4
101799	207320	179719	200006	10
101800	195562	76153.9	200015	31
101801	196165	208235	200034	17
101802	9631.14	45207.1	200048	2
101803	189593	13853.4	200004	4
101804	171643	75957.4	200019	3
101805	176973	96517	200008	7
101806	53330.6	153803	200025	27
101807	152929	183388	200001	1
101808	202384	28073.9	200010	23
101809	34365.9	104899	200025	1
101810	106573	192701	200034	16
101811	81497.8	187083	200047	5
101812	85975.9	194456	200028	3
101813	4595.89	143597	200027	18
101814	37781.4	107755	200045	4
101815	172704	84035.2	200050	5
101816	88804	29038	200039	10
101817	97459.4	163199	200001	3
101818	72435.2	131428	200031	27
101819	31128.8	136860	200027	50
101820	150870	188015	200036	4
101821	85040	198686	200047	1
101822	4735.93	127551	200029	3
101823	188782	112010	200008	28
101824	168065	77928.6	200007	2
101825	109417	90525.5	200032	2
101826	187651	183619	200036	3
101827	4737.67	129657	200024	2
101828	48489.5	141176	200024	25
101829	111584	91715.3	200043	1
101830	43670.9	154832	200025	4
101831	210258	191836	200006	8
101832	99407.5	148361	200002	45
101833	63166.9	23938.5	200013	2
101834	177547	72819.7	200010	19
101835	204579	40788.9	200019	2
101836	140380	56594.5	200021	4
101837	167081	175167	200034	2
101838	98147.4	135553	200024	10
101839	160199	70207	200007	3
101840	147993	114893	200032	15
101841	71557.7	200445	200020	23
101842	136469	98738.5	200038	8
101843	196383	130406	200008	52
101844	196251	148134	200046	3
101845	136199	100157	200043	12
101846	192514	116709	200037	23
101847	11399.5	157682	200042	40
101848	176843	23225.6	200010	3
101849	36478.4	120029	200026	3
101850	186051	90771.2	200050	52
101851	76687.8	178163	200001	4
101852	37023.3	107164	200042	5
101853	18411.1	180900	200029	35
101854	1699.33	25092.8	200048	4
101855	119257	204331	200002	19
101856	54677.6	2800	200048	27
101857	190228	193142	200046	3
101858	174624	97845.9	200007	33
101859	103905	11981.6	200012	13
101860	141000	104097	200038	32
101861	59364.4	78785.1	200003	37
101862	149921	32780.9	200021	2
101863	47907.2	192439	200028	4
101864	85739.2	56440.8	200012	16
101865	34207.8	45173.3	200048	37
101866	76347.3	59936.9	200013	5
101867	28144.4	117993	200031	14
101868	107260	53461	200013	46
101869	21482.2	159567	200049	5
101870	7509.77	33407	200035	29
101871	37160	90662.9	200031	4
101872	169672	210528	200036	3
101873	61828.4	51358.5	200022	10
101874	90851.4	22429.8	200012	21
101875	18810.6	168702	200029	5
101876	45294.9	66684.5	200003	41
101877	7886.22	98338.6	200044	4
101878	12806	129429	200025	18
101879	193266	78207.7	200015	26
101880	162815	19715	200033	10
101881	755.23	147354	200029	5
101882	14682	104327	200027	9
101883	187751	49669.6	200004	2
101884	56203.9	168748	200018	5
101885	131211	72690.2	200038	3
101886	176875	80583	200014	42
101887	62216.3	193003	200028	6
101888	195559	35997.6	200010	20
101889	5303.37	166033	200045	2
101890	94730.2	162601	200020	2
101891	80852.4	3174.02	200039	5
101892	55970.9	201686	200020	8
101893	150147	40580.8	200010	21
101894	140355	25313.3	200033	5
101895	127762	98761.9	200038	4
101896	141650	176136	200034	5
101897	104940	155468	200005	31
101898	52026.5	90804.1	200009	5
101899	91461	100750	200043	12
101900	120252	189928	200002	3
101901	39236.2	87349.1	200013	3
101902	184395	74338.3	200007	24
101903	18796.5	76292.7	200016	27
101904	192810	8909.84	200004	14
101905	177011	64492.2	200019	4
101906	162518	69023	200021	13
101907	72588.2	53575.8	200013	21
101908	107628	72644	200011	2
101909	112500	193623	200005	25
101910	36805	128244	200049	23
101911	118791	99064.7	200038	4
101912	170241	31271	200010	4
101913	84133.1	192691	200047	20
101914	105908	93813.4	200038	13
101915	64201	192577	200020	10
101916	153761	28626.2	200033	25
101917	199108	78512.5	200014	4
101918	40131.6	62424.4	200009	3
101919	136418	12868	200021	50
101920	41496.5	67822.8	200011	42
101921	122454	18677.8	200039	11
101922	187132	52284.6	200019	3
101923	167065	169318	200046	14
101924	181566	16726.3	200041	27
101925	75017.1	87607.7	200024	1
101926	23734	122834	200025	65
101927	118377	5608.5	200039	19
101928	2677.6	130351	200026	3
101929	89117.1	172208	200028	7
101930	208633	11101	200041	36
101931	1289.18	92665.3	200027	3
101932	204709	176239	200006	66
101933	92456.5	24588.3	200030	3
101934	130141	19505.4	200021	37
101935	103129	24751	200022	24
101936	66566.4	208615	200028	30
101937	20076.3	171057	200026	4
101938	8870.2	132855	200044	10
101939	196721	70272.1	200004	34
101940	69376.7	190514	200028	5
101941	148569	203818	200005	22
101942	66933	77395.2	200003	25
101943	125899	15628.9	200017	7
101944	123921	59260.7	200007	32
101945	209640	73489.6	200004	5
101946	120937	83576.3	200040	39
101947	174281	3745.53	200023	4
101948	150736	81775.8	200038	5
101949	98750.3	188338	200005	3
101950	65071.9	186678	200028	59
101951	97211.9	53864.1	200013	2
101952	7870.96	189928	200029	54
101953	160358	72108.3	200014	5
101954	199731	41997.1	200023	36
101955	94332.2	77739.8	200011	36
101956	61124.8	27437.4	200030	2
101957	115819	70146.5	200013	24
101958	135691	209512	200005	5
101959	179518	65879.8	200019	7
101960	17489.7	24314.6	200035	11
101961	49038.2	95980.8	200009	4
101962	126366	114113	200040	10
101963	58838.5	31351.1	200022	1
101964	204559	90227.1	200037	1
101965	24486.2	156079	200042	3
101966	204973	128740	200008	4
101967	192698	83184.5	200008	9
101968	195061	64747.8	200050	4
101969	159726	82064.8	200050	63
101970	16064.9	60967.1	200035	3
101971	130464	210248	200005	4
101972	17440.6	59988.3	200016	2
101973	143200	75835.1	200033	3
101974	98731.2	3712.86	200039	2
101975	162566	138653	200008	1
101976	132170	184410	200034	1
101977	103157	41123	200021	6
101978	159870	69522	200007	4
101979	196747	37973.9	200041	1
101980	118164	56294.7	200039	1
101981	121694	122545	200040	4
101982	63812.7	30057.3	200012	4
101983	86682.2	206157	200020	2
101984	199259	188643	200036	2
101985	148985	55699.3	200032	11
101986	208419	20715.6	200041	7
101987	74709.7	155004	200028	3
101988	45185.7	45224.7	200009	2
101989	105403	70265.5	200043	1
101990	75137.2	52358.1	200030	1
101991	202381	137279	200008	5
101992	114280	1737.27	200039	11
101993	91929.6	179265	200028	16
101994	194187	1326.76	200041	16
101995	33876.1	95637.5	200031	5
101996	48091.1	171848	200020	23
101997	118716	177586	200002	3
101998	103085	195834	200005	4
101999	32003.8	114841	200025	11
102000	71689.5	63362.8	200013	3
