ID	X_COORD	Y_COORD	EP_ID	STUDENT_COUNT
100001	78576.6	39073.4	200001	2
100002	105145	78491.5	200002	10
100003	209491	77562.6	200003	3
100004	150025	9765.87	200004	48
100005	75132.8	126688	200005	5
100006	163383	48261.3	200006	14
100007	50006.1	16381.4	200007	27
100008	162023	1593.46	200008	58
100009	134241	15734.7	200009	20
100010	65511.4	76125.8	200010	6
100011	11950.6	160015	200011	4
100012	23953.7	59248	200012	51
100013	153813	192620	200013	4
100014	179473	116668	200014	25
100015	41850.4	113053	200015	5
100016	104297	126690	200016	45
100017	126706	115726	200017	5
100018	36146	139568	200018	2
100019	91492.5	103766	200019	1
100020	132372	8724.57	200020	23
100021	117405	7478.77	200021	57
100022	149549	15325.5	200022	2
100023	1984.44	120530	200023	3
100024	64591.2	76754.5	200024	22
100025	119647	121803	200025	46
100026	97944.8	13912.9	200026	13
100027	90827.2	206554	200027	55
100028	64979.3	141741	200028	5
100029	60671.8	188690	200029	2
100030	60471.1	107050	200030	4
100031	26919.5	56330.2	200031	2
100032	156844	1776.56	200032	2
100033	75040.6	28507.5	200033	5
100034	115712	121304	200034	22
100035	204902	123625	200035	4
100036	50344.6	75007.9	200036	3
100037	100806	70294.6	200037	2
100038	164971	9391.45	200038	5
100039	125562	178010	200039	5
100040	96805.8	64455.3	200040	14
100041	96041.3	115067	200041	7
100042	147869	2981.42	200042	12
100043	116050	25174.5	200043	8
100044	145378	19585.6	200044	4
100045	148155	44754.1	200045	26
100046	53341	3837.52	200046	3
100047	90022.7	120100	200047	48
100048	64097.8	129464	200048	13
100049	73145.2	122464	200049	1
100050	146185	24507	200050	1
100051	197237	89162.9	200003	11
100052	48621.1	160013	200047	3
100053	96424.2	63962	200016	4
100054	154959	192462	200027	4
100055	97674.6	161149	200027	3
100056	171886	12048.9	200026	2
100057	136965	84468.9	200006	1
100058	74328.4	144731	200041	3
100059	172856	130337	200034	5
100060	31576.6	65741.6	200046	12
100061	93620.5	61797.2	200040	5
100062	110318	139904	200024	2
100063	124240	158235	200025	13
100064	41134.5	74179.4	200036	29
100065	67386.3	186672	200029	2
100066	148658	62487.7	200006	66
100067	122391	49195.7	200008	1
100068	110968	106459	200035	3
100069	18865.1	119321	200023	51
100070	41414.6	41953.8	200001	1
100071	89205.7	61422.7	200024	25
100072	156778	7215.87	200008	3
100073	67831.4	18033.2	200036	24
100074	52145.5	177861	200030	5
100075	68008.8	114894	200041	3
100076	141383	105447	200035	3
100077	127381	49846.3	200026	5
100078	56398.8	106283	200005	3
100079	146004	39023.5	200045	19
100080	155619	32742.5	200050	2
100081	6368.62	135349	200028	47
100082	100223	117522	200024	15
100083	61830.5	125708	200011	4
100084	164681	112535	200034	25
100085	125374	50517.1	200043	3
100086	172007	20242.2	200021	60
100087	189300	28544.7	200004	2
100088	117612	153084	200017	4
100089	190404	46916.6	200003	20
100090	132124	112654	200049	22
100091	104372	184090	200029	5
100092	49053.4	10717.6	200036	1
100093	115954	1829.82	200042	11
100094	119042	191286	200039	4
100095	85707.5	2701.45	200007	5
100096	157962	21465.3	200008	14
100097	152304	33806.2	200009	3
100098	87073.7	138798	200023	3
100099	173457	109117	200017	19
100100	137953	95564	200037	2
100101	43609.8	98991.4	200015	2
100102	155591	67984.9	200044	3
100103	108725	22025.7	200038	4
100104	178348	102316	200034	14
100105	153176	2117.68	200020	1
100106	17851.5	34378.6	200007	3
100107	141338	176188	200034	4
100108	100961	35668.2	200012	46
100109	44598.6	156149	200041	3
100110	86846.6	164678	200027	5
100111	124453	178670	200013	47
100112	33211.2	196848	200011	25
100113	147053	175690	200025	4
100114	151912	169944	200025	3
100115	179413	100025	200035	17
100116	142857	47281.4	200009	5
100117	144662	15848.8	200045	1
100118	63735.9	143192	200005	13
100119	84210.6	116559	200016	24
100120	141830	63106.5	200044	1
100121	207443	108520	200014	66
100122	165591	49443.9	200050	19
100123	74843.2	119470	200049	56
100124	118056	49371.1	200009	4
100125	177588	59981.1	200003	2
100126	60706.8	155632	200030	1
100127	72595	139856	200041	4
100128	125951	173008	200029	66
100129	92874.7	134503	200016	66
100130	74975.7	131278	200048	3
100131	191546	3131.31	200021	1
100132	77473.4	95803.7	200015	10
100133	38906.4	103436	200041	2
100134	104321	152572	200037	2
100135	107805	17140.8	200007	1
100136	186269	16538.6	200038	57
100137	136666	73922.2	200008	2
100138	150216	98030	200017	8
100139	186639	57211.3	200014	13
100140	163002	13237.3	200045	65
100141	44497.8	155567	200041	3
100142	58026.7	144238	200030	4
100143	198155	34666	200044	47
100144	26237.7	151350	200047	10
100145	206789	15538.1	200020	4
100146	146582	24728.4	200032	2
100147	118166	136903	200049	43
100148	146357	100816	200003	46
100149	84478.8	44754.5	200009	26
100150	92280.2	126327	200002	1
100151	117507	107161	200016	5
100152	84516.7	148253	200027	1
100153	164634	37263	200050	2
100154	71124	15540.1	200026	49
100155	99959.7	200089	200025	4
100156	148681	65040.9	200034	22
100157	54740.6	91937.4	200030	5
100158	141607	69587.7	200014	2
100159	25967	96206.5	200048	4
100160	195046	52898.2	200003	1
100161	153501	162266	200017	2
100162	34126.9	615.51	200007	2
100163	122703	36905.9	200020	5
100164	65820.4	99670.9	200016	2
100165	18867.3	132928	200030	16
100166	81504.4	74948.7	200001	5
100167	115595	103737	200049	16
100168	78974.2	96384.4	200047	2
100169	190495	99895.1	200014	6
100170	108252	127143	200041	2
100171	74849.4	142795	200030	24
100172	102252	6736.48	200009	20
100173	82638.5	150881	200041	35
100174	64038.3	126716	200030	5
100175	155380	67247.5	200050	31
100176	188488	50602.5	200008	4
100177	99466.1	74390.8	200009	28
100178	157085	62863.1	200003	3
100179	187679	106369	200034	12
100180	101286	165320	200049	54
100181	192217	13749.4	200038	3
100182	175659	36959.5	200004	1
100183	43616	34629.1	200036	5
100184	196318	129308	200034	19
100185	175472	9163.86	200044	30
100186	45584.6	115344	200010	9
100187	128844	153471	200027	16
100188	126175	53.82	200045	3
100189	144622	43472.5	200009	39
100190	142888	176199	200025	19
100191	126728	179216	200039	22
100192	204100	101825	200003	10
100193	189808	107562	200003	2
100194	7368.59	132736	200015	1
100195	106362	159088	200027	5
100196	26351.1	180121	200011	15
100197	127081	5254.33	200026	2
100198	189373	66301.1	200003	1
100199	53163.9	139404	200023	9
100200	142434	5233.43	200022	9
100201	113550	158618	200005	2
100202	2412.13	142915	200023	1
100203	142851	97922.3	200014	5
100204	104265	18223.1	200038	1
100205	133183	123386	200010	34
100206	135174	31583	200004	2
100207	92789.2	126311	200024	28
100208	105807	84616.7	200024	21
100209	194185	119265	200017	66
100210	79255.5	17474.2	200026	28
100211	132023	109725	200035	59
100212	67964.5	165317	200027	4
100213	101051	195251	200029	4
100214	171950	60487.7	200006	44
100215	144225	92050.7	200008	8
100216	103105	79178.3	200005	2
100217	104825	65708.7	200024	1
100218	161869	21833.8	200050	11
100219	95932.9	12548	200009	3
100220	36049.4	143640	200047	11
100221	109833	150073	200016	3
100222	57191.1	177791	200023	3
100223	33808.9	5151.22	200031	2
100224	129064	46570	200026	1
100225	103338	139473	200037	21
100226	182667	72056.6	200044	13
100227	124325	20900.9	200022	7
100228	69242.4	106330	200030	3
100229	29873	70340.1	200036	4
100230	149640	9924.49	200004	1
100231	37126.6	76192.4	200015	10
100232	88398.8	115155	200047	4
100233	101623	156616	200049	1
100234	144119	63390.7	200038	4
100235	43636.9	108080	200041	11
100236	180407	138348	200003	2
100237	172957	29570.9	200042	26
100238	35103.7	120295	200018	1
100239	101217	15884.4	200045	1
100240	81976.1	158683	200049	1
100241	143530	26233.7	200038	2
100242	81009	141550	200028	5
100243	178691	78956.9	200050	25
100244	173124	131967	200034	46
100245	174349	39800	200008	46
100246	174935	5757.9	200008	1
100247	67688.2	139425	200047	5
100248	90650.9	120158	200048	14
100249	58533.5	25962	200012	4
100250	206139	124212	200014	31
100251	117948	19750.8	200050	6
100252	141211	118759	200002	3
100253	144346	158664	200034	3
100254	147021	160889	200017	23
100255	176686	24389.5	200020	1
100256	87900.7	139496	200037	5
100257	90380	64019.1	200024	53
100258	25069.7	155091	200048	16
100259	177955	31060.1	200038	2
100260	63823.5	78368.2	200012	14
100261	75269	116176	200037	1
100262	86042.3	68182.6	200036	4
100263	160928	26651.7	200008	3
100264	148928	172398	200035	8
100265	104185	2465.18	200009	3
100266	131108	178333	200039	26
100267	44060.5	70305.6	200001	34
100268	62018.8	73132.2	200036	23
100269	183670	10582.4	200042	1
100270	31714.7	161171	200041	42
100271	17460.8	60478.5	200031	4
100272	193491	56653.4	200006	5
100273	45265.2	85037	200040	11
100274	66893	94139.6	200040	18
100275	155041	100565	200035	10
100276	32977.2	187238	200011	2
100277	91703.9	118451	200047	46
100278	126695	121674	200017	5
100279	112855	137975	200013	3
100280	67163.9	22162	200026	3
100281	140678	117013	200035	5
100282	101740	165404	200027	5
100283	31382.3	34256.1	200031	3
100284	43107.7	71547.3	200047	13
100285	155919	76056.3	200050	39
100286	85270.6	120738	200023	5
100287	151216	159026	200025	33
100288	88245.6	46119	200043	43
100289	50739.9	76434.5	200007	13
100290	196263	114546	200014	39
100291	63078.5	66382.9	200001	4
100292	149576	145547	200017	5
100293	60878.2	175448	200011	18
100294	94551.8	151288	200049	17
100295	131632	34746.2	200004	1
100296	34782.2	16400	200036	1
100297	201776	3612.18	200038	3
100298	65767.8	146955	200023	5
100299	51732.5	82794.1	200015	14
100300	118857	163800	200025	5
100301	147358	110533	200003	14
100302	158261	64805.2	200006	16
100303	45993.9	20018.2	200040	4
100304	89497.5	18258.6	200033	4
100305	32927.4	64055.4	200046	4
100306	104902	76172.5	200009	39
100307	56263.5	97397.6	200015	1
100308	110504	24766.1	200043	28
100309	172569	37007.2	200004	50
100310	178477	123794	200035	2
100311	89962.8	141437	200019	4
100312	147676	51940.9	200004	66
100313	64530.7	55492.3	200033	1
100314	186101	15879.4	200042	5
100315	124539	55707.7	200026	9
100316	133204	90800	200016	2
100317	209580	110545	200014	54
100318	178408	111512	200035	4
100319	65918.1	17914.9	200001	6
100320	120688	478.08	200043	3
100321	143501	6445.55	200022	22
100322	167933	32994.5	200021	8
100323	80378.5	20194.7	200043	3
100324	185939	23390.3	200044	31
100325	128539	208753	200027	39
100326	124521	205652	200039	4
100327	31226.1	79574.9	200012	4
100328	161326	133689	200035	4
100329	127263	17097.4	200032	14
100330	158285	174896	200029	4
100331	86871.9	63501.4	200001	18
100332	85821.3	83232.7	200037	14
100333	109972	18060	200020	4
100334	136692	136673	200019	45
100335	133411	109378	200010	28
100336	155389	53262.1	200032	3
100337	133211	96495.9	200003	5
100338	60544.9	13456.3	200043	5
100339	92734	162523	200027	30
100340	167236	74751.3	200003	14
100341	137468	54588.2	200006	5
100342	101702	89881.6	200037	26
100343	72534	113571	200030	1
100344	152922	178539	200039	1
100345	59231.4	77575.4	200010	1
100346	165219	56912.5	200020	2
100347	147556	34888.6	200020	5
100348	52816.6	145000	200011	15
100349	202572	6581.21	200004	4
100350	185913	151152	200017	1
100351	178581	13076.6	200004	5
100352	118317	1643.57	200045	19
100353	50705.9	119066	200047	16
100354	89366.7	159952	200013	4
100355	138645	84832.2	200024	2
100356	33625.5	102704	200023	54
100357	106227	25801.5	200022	45
100358	153372	25462.3	200032	41
100359	108888	84753.9	200010	1
100360	43468.5	137940	200015	2
100361	148798	83202.5	200014	2
100362	39881.7	82701.6	200030	25
100363	188843	51775.5	200050	5
100364	51316	185039	200048	3
100365	160655	55658	200020	66
100366	134569	34537.9	200004	4
100367	142554	48354.1	200032	5
100368	158627	19458.3	200021	32
100369	161890	19475	200021	5
100370	73822.9	73214	200024	62
100371	96920.9	19047.9	200009	19
100372	96377.5	108904	200002	16
100373	34714.2	131261	200011	37
100374	172813	146704	200034	43
100375	57242.7	29058	200007	47
100376	38400	148095	200048	5
100377	192506	32377.1	200050	4
100378	157795	128160	200017	5
100379	32655.1	126323	200041	8
100380	208342	55252.2	200014	3
100381	51028.8	49988.7	200007	3
100382	16506	117233	200023	37
100383	42883.7	163202	200028	2
100384	66471.4	83691	200033	1
100385	96767.4	160145	200028	32
100386	131303	46147	200009	2
100387	165013	21831.8	200042	2
100388	70111.8	137393	200024	5
100389	51497.1	87811.8	200033	27
100390	167422	22495.9	200038	4
100391	18556	37662.8	200012	1
100392	114207	156320	200019	8
100393	113147	129486	200037	29
100394	49685.8	69216.2	200041	23
100395	30183.5	62316.7	200036	56
100396	115831	12397.5	200020	13
100397	109091	137603	200037	62
100398	54297.9	69419.2	200033	1
100399	196711	51568.1	200014	20
100400	142675	158866	200025	63
100401	160462	93710.3	200050	60
100402	33803.9	59328.4	200031	14
100403	150976	52876.1	200006	5
100404	88492.1	96035.6	200005	19
100405	178358	21813.5	200020	57
100406	196836	138385	200017	18
100407	63260.7	147103	200018	27
100408	130245	143594	200019	3
100409	139862	79402.3	200014	1
100410	102139	75567.4	200009	1
100411	137803	54621.7	200021	20
100412	77116.6	155998	200019	2
100413	117981	20818.7	200032	15
100414	126802	113688	200034	4
100415	59387.5	163920	200023	2
100416	87803.9	74745.6	200046	3
100417	78803.7	132300	200010	3
100418	179191	133601	200014	1
100419	68101.4	113947	200024	5
100420	149520	53712.3	200006	3
100421	99320	196131	200013	21
100422	112368	163617	200025	3
100423	150917	49788.3	200044	3
100424	58248.1	173130	200025	1
100425	210687	87044.4	200003	13
100426	136430	48603.5	200009	65
100427	168492	124866	200034	19
100428	104106	157675	200019	5
100429	172699	114978	200017	60
100430	116482	7639.41	200020	15
100431	104184	151724	200019	3
100432	57410.3	85732.3	200033	1
100433	58899.9	84613.2	200030	11
100434	129395	47839.7	200045	2
100435	20860.2	152903	200023	5
100436	144626	91638.4	200037	5
100437	49711.3	136767	200011	6
100438	184371	51827.3	200008	5
100439	210131	83914.5	200003	4
100440	58863.3	125880	200016	43
100441	82521.9	81385.7	200033	4
100442	185300	140814	200035	41
100443	141682	32438.6	200008	10
100444	117877	155030	200049	46
100445	145043	156494	200027	5
100446	113173	141865	200027	12
100447	146464	150698	200034	39
100448	20226.2	121961	200028	2
100449	117182	38729.8	200008	4
100450	92946.1	107784	200049	4
100451	62866.3	3188.99	200031	4
100452	13289.7	135873	200015	3
100453	42047.7	68343.7	200007	46
100454	2635.15	189286	200011	3
100455	132049	56753.6	200021	10
100456	133680	185689	200027	2
100457	80035.6	129967	200002	3
100458	72930.6	16817.8	200031	13
100459	80720.6	77041.3	200019	9
100460	101212	137215	200037	6
100461	41354.7	6312.51	200033	12
100462	35712.1	111006	200011	19
100463	118532	162233	200013	1
100464	144519	19532.4	200032	2
100465	151984	52293.8	200045	3
100466	60035.3	129126	200016	21
100467	74175.4	147723	200019	3
100468	3272.78	25944.2	200007	10
100469	135934	165520	200027	61
100470	120285	140730	200034	16
100471	90644.6	176641	200025	17
100472	160230	63159	200014	14
100473	166626	18679.5	200050	7
100474	156430	67882.8	200008	4
100475	100446	35585.3	200046	5
100476	113436	94527.9	200037	60
100477	76631.8	113848	200049	32
100478	82043.1	160362	200013	3
100479	89410.1	129100	200041	1
100480	153134	80241.9	200035	3
100481	135749	49104.2	200022	9
100482	91155.1	48874.6	200024	4
100483	104151	118878	200047	11
100484	79729.2	161577	200018	3
100485	145947	142955	200025	5
100486	59501.3	127500	200005	11
100487	110963	41734	200043	23
100488	197734	8262.32	200020	5
100489	93147.5	156203	200024	27
100490	72320.2	143145	200047	2
100491	1280.11	131411	200023	40
100492	146751	39374.6	200038	57
100493	78111.6	147646	200011	4
100494	71119.8	179784	200039	3
100495	149387	93429.1	200017	3
100496	71415.7	128916	200002	17
100497	140342	110694	200016	5
100498	190978	19711	200032	3
100499	79311.2	147405	200041	16
100500	90696.7	121244	200034	4
100501	203660	50996.6	200008	4
100502	129515	142057	200027	5
100503	71700.5	161483	200030	59
100504	168598	122559	200034	9
100505	146713	64861.9	200034	58
100506	180621	70744.6	200003	18
100507	157815	35959.9	200004	21
100508	157493	92729.6	200034	66
100509	74877	9639.38	200046	2
100510	90620.3	191770	200029	30
100511	119756	160104	200039	1
100512	180292	3327.26	200038	2
100513	200294	65091.6	200044	3
100514	158981	59182.2	200020	4
100515	72180.1	131605	200010	2
100516	99200.6	58608.2	200010	1
100517	4108.57	112185	200023	16
100518	124762	156516	200017	1
100519	76251.1	85753.8	200031	19
100520	177057	50771.7	200044	1
100521	37188.2	129367	200005	40
100522	49783.6	34197.6	200033	1
100523	99084.4	36638.3	200006	2
100524	32127.1	83039.5	200023	2
100525	99184.1	145168	200002	14
100526	148445	142288	200017	21
100527	96917.3	122786	200010	4
100528	99377.5	148062	200039	53
100529	161074	22207	200022	2
100530	141991	155385	200029	35
100531	119016	114234	200019	3
100532	97546.9	43435.7	200036	12
100533	147177	24077.1	200021	3
100534	92245.6	91937.3	200002	3
100535	139797	184860	200013	60
100536	75961.9	99158.7	200019	4
100537	183727	34398.6	200008	4
100538	37565.7	72403.9	200012	1
100539	35457.4	49360.6	200007	5
100540	169150	44430.7	200042	2
100541	112180	33348.6	200036	5
100542	168160	23809.3	200050	2
100543	57657.8	4875.81	200012	18
100544	33699.1	32810.5	200040	43
100545	198295	61942.4	200014	1
100546	166169	182436	200025	18
100547	70141.6	148849	200005	4
100548	59426.2	165154	200039	2
100549	64380.5	34859.4	200043	21
100550	57983.6	60432.8	200046	5
100551	99486.5	126538	200049	4
100552	22331.6	129500	200011	3
100553	44294.6	80030.1	200023	48
100554	59539.5	144730	200015	11
100555	90929.3	134787	200029	5
100556	72103.1	132165	200005	35
100557	74846.7	177531	200028	3
100558	61003.9	61769.7	200036	4
100559	29612.9	22731.6	200036	3
100560	185817	143251	200034	2
100561	79997.1	2502.32	200033	16
100562	64713.1	124276	200019	17
100563	102588	121318	200039	4
100564	52985.6	81712.8	200046	18
100565	69540	52169.4	200033	6
100566	98223.3	185171	200013	3
100567	131972	198719	200013	1
100568	103806	85997.4	200049	2
100569	80334.1	94491.6	200012	4
100570	156907	35004.2	200045	1
100571	62265.9	36555.9	200009	1
100572	61251.3	141630	200049	3
100573	126796	118896	200024	2
100574	97634.8	7291.46	200043	7
100575	179840	18706.1	200022	5
100576	143437	173504	200013	30
100577	68928.8	93732.5	200005	25
100578	90025	109437	200047	1
100579	195558	30837.3	200044	12
100580	100549	193681	200025	4
100581	98061.4	61363.6	200026	48
100582	162967	15550.9	200043	5
100583	18123.5	45005.2	200046	24
100584	185374	15873.9	200050	1
100585	200892	13968.2	200004	3
100586	187637	7105.24	200020	11
100587	148346	173668	200029	1
100588	193849	60641.8	200003	7
100589	48561	143132	200030	42
100590	193132	82904.3	200003	5
100591	120094	124705	200037	5
100592	98949.3	4598.29	200045	2
100593	7879.45	34673.9	200001	27
100594	123083	29498.2	200006	60
100595	78169.8	95245.5	200015	4
100596	203657	112492	200003	1
100597	94401.3	102467	200016	42
100598	70947.5	140471	200037	21
100599	155161	49233.9	200044	2
100600	150284	123628	200002	1
100601	137098	53801.9	200009	1
100602	193425	142908	200017	4
100603	100097	96508.9	200049	51
100604	46532.2	108395	200047	7
100605	116170	117590	200034	14
100606	204387	21614	200050	41
100607	154305	194818	200029	20
100608	42547.8	121826	200048	5
100609	105334	126870	200016	4
100610	91324	125088	200047	8
100611	178942	39078.2	200044	2
100612	160068	89140.7	200044	4
100613	64691.8	133426	200011	3
100614	41390.6	166428	200030	24
100615	114281	22361.1	200042	6
100616	54131.5	76626	200048	35
100617	16225.7	163359	200011	3
100618	136527	110801	200010	47
100619	148420	86370.8	200044	4
100620	73350.2	107955	200037	28
100621	190365	145144	200003	4
100622	136382	56706.6	200008	4
100623	184115	69723.6	200008	1
100624	51044	116218	200002	1
100625	57388	75873.2	200041	1
100626	136159	198523	200039	9
100627	171074	20353.2	200006	1
100628	127479	210388	200013	4
100629	80192.6	100961	200049	2
100630	202122	97679.6	200003	50
100631	97874.1	111353	200015	26
100632	184026	122216	200034	2
100633	32167	137124	200041	1
100634	168979	126053	200014	11
100635	107209	189675	200029	22
100636	55307.5	125849	200049	2
100637	66371	85035.1	200019	24
100638	6495.49	116482	200023	66
100639	80367.5	157358	200023	3
100640	114426	148743	200019	2
100641	8893.38	125533	200047	3
100642	57373.6	12006.5	200012	2
100643	193312	124251	200017	4
100644	67537.9	86275.9	200040	4
100645	118940	42792.8	200033	20
100646	172955	33037.9	200044	1
100647	148688	72206.5	200017	66
100648	98422.5	112844	200034	3
100649	114874	102768	200019	6
100650	177553	2392.86	200032	24
100651	43869.7	63650.5	200036	58
100652	178107	116017	200003	5
100653	178094	115585	200034	2
100654	165978	39413.2	200044	25
100655	4582	154564	200011	9
100656	145321	77369.3	200017	53
100657	132323	95749.3	200019	31
100658	166330	7300.83	200022	12
100659	160787	79867.1	200034	21
100660	97698.5	60607.9	200046	19
100661	94640.3	133856	200037	4
100662	116948	102133	200002	14
100663	24567.4	134080	200048	2
100664	51776.1	172482	200011	2
100665	43024.3	12223.7	200040	1
100666	38977.7	115354	200005	55
100667	190729	1356.86	200038	27
100668	106325	161867	200027	3
100669	153085	54835.1	200050	7
100670	130887	138047	200027	13
100671	53887.4	180522	200030	22
100672	25867.9	28104.1	200040	5
100673	128886	22339.6	200022	21
100674	140637	179216	200017	5
100675	142131	105417	200037	4
100676	59430.7	124276	200011	4
100677	74394.4	133357	200028	1
100678	54441.6	103199	200023	51
100679	136956	55856.5	200043	1
100680	90640.2	105126	200030	5
100681	163492	17379.5	200008	55
100682	187192	117410	200017	3
100683	85739.6	199491	200039	27
100684	146965	8150.09	200009	5
100685	111902	156897	200013	2
100686	187721	133054	200003	10
100687	52077.7	107692	200015	3
100688	188696	61013	200050	42
100689	55048.5	79123.5	200030	1
100690	78958.6	140692	200018	4
100691	203212	96690.3	200003	1
100692	96346.9	165465	200025	1
100693	68242.4	165928	200027	9
100694	181673	138818	200035	19
100695	92150.9	111300	200023	4
100696	123600	162294	200027	3
100697	84496.3	93058.2	200005	3
100698	135056	93535.1	200016	5
100699	12807.3	141409	200048	4
100700	118092	928.92	200043	1
100701	161996	18926.2	200006	16
100702	183660	24418.8	200050	5
100703	47471.4	28202.8	200033	2
100704	18414	109876	200015	18
100705	100535	108681	200034	35
100706	159753	76820.4	200017	3
100707	187209	69521.6	200006	48
100708	101388	47577	200043	5
100709	188991	29755.1	200004	23
100710	115595	121400	200016	12
100711	144716	107539	200037	4
100712	135991	77653.6	200034	60
100713	65780.4	110086	200041	5
100714	138399	21030.2	200032	4
100715	44463.8	79665.2	200041	37
100716	77147.1	52119.1	200036	1
100717	76312.4	3954.48	200043	33
100718	49728.1	121840	200002	4
100719	107363	149072	200005	3
100720	39936.5	132033	200028	26
100721	60273.3	32466.3	200012	2
100722	144363	52853.6	200021	1
100723	140850	128418	200002	45
100724	106111	192806	200029	1
100725	184958	78022.2	200044	1
100726	115741	30757.9	200021	19
100727	84940.9	58887.4	200016	25
100728	49469.8	99297.4	200016	8
100729	84132.3	134197	200023	3
100730	137184	119537	200037	2
100731	65746.6	163821	200027	3
100732	76451.1	118966	200015	64
100733	184123	49004.3	200014	5
100734	148969	88322.1	200008	11
100735	70345.2	129833	200023	3
100736	154561	49629.9	200008	3
100737	101107	63671.6	200046	1
100738	181636	117161	200014	39
100739	136038	151469	200029	5
100740	189351	142605	200014	12
100741	33541.2	125815	200018	21
100742	52505	137026	200002	2
100743	122196	173160	200029	2
100744	109159	161197	200027	22
100745	24412	126654	200041	3
100746	198880	46946.4	200050	2
100747	11667.8	133684	200047	4
100748	41530.4	179542	200018	22
100749	190942	49334.5	200003	13
100750	134623	135718	200019	15
100751	102349	154683	200013	44
100752	178727	112716	200017	21
100753	161441	3556.76	200004	17
100754	88401.1	20211.4	200036	28
100755	64198.7	47866.5	200031	46
100756	10899.7	33593.7	200007	2
100757	128481	45628.8	200006	4
100758	172799	46987.5	200003	2
100759	82342.5	35975.2	200033	3
100760	20554	63689.2	200012	5
100761	60199.8	104968	200041	1
100762	19551.8	40309.6	200046	22
100763	150906	122178	200049	2
100764	27716.7	38361.3	200046	36
100765	85374.1	106551	200005	2
100766	136844	25257.2	200006	53
100767	182301	43084	200044	13
100768	80356.1	38519	200033	66
100769	138768	74279.5	200003	5
100770	168979	16218.6	200022	5
100771	90826.2	55484.6	200037	1
100772	171150	7672.34	200004	11
100773	186713	64836.8	200044	23
100774	138521	89797.6	200024	4
100775	165019	125398	200035	2
100776	74462.6	142482	200023	3
100777	85441.2	141502	200024	6
100778	150607	23032.2	200050	7
100779	23622.2	202082	200018	19
100780	58789.4	86114.8	200040	2
100781	132312	104783	200024	2
100782	147920	46814.4	200045	16
100783	73121.1	41338.9	200033	2
100784	190320	63910.6	200044	3
100785	25433	175770	200018	3
100786	77137	60007	200001	13
100787	147305	112663	200035	17
100788	102006	7255.65	200032	1
100789	50472.5	111985	200015	2
100790	52213.3	57914.1	200007	13
100791	139421	625.35	200020	1
100792	46269.1	27352	200012	1
100793	166573	18877.6	200004	3
100794	117816	42424.9	200043	3
100795	6855.84	151954	200011	3
100796	119355	17455.6	200021	5
100797	88901.1	134092	200037	5
100798	110855	90357.6	200037	2
100799	183742	114835	200035	1
100800	94837.7	13862.2	200001	3
100801	180847	40687.5	200032	4
100802	96229.3	87210.2	200010	5
100803	209583	33733.3	200044	3
100804	108815	160428	200013	5
100805	6770.06	57573.9	200031	3
100806	102251	131663	200024	1
100807	167677	142746	200035	1
100808	38788	29440.1	200001	1
100809	42856.3	106440	200037	3
100810	92584.6	159696	200013	2
100811	54564.9	121734	200030	2
100812	115966	206986	200027	5
100813	25861.5	202420	200018	5
100814	121770	22661	200020	5
100815	118386	102823	200005	5
100816	177479	34102.3	200008	5
100817	172600	103731	200003	16
100818	134688	84990.2	200037	3
100819	44328.7	86180.5	200036	7
100820	44184.5	138525	200048	1
100821	193866	49369.8	200014	1
100822	100886	185247	200025	5
100823	60244.8	124039	200019	8
100824	121546	164747	200025	3
100825	52424.6	26194.4	200001	2
100826	171999	18797	200050	2
100827	91296.5	62065.7	200036	3
100828	187426	11660.5	200021	1
100829	139208	32758.4	200022	4
100830	106120	108217	200037	1
100831	158881	38141.6	200043	2
100832	41190.5	11088.4	200036	66
100833	76382.2	3401.26	200043	3
100834	138872	29430.3	200038	4
100835	104703	115924	200015	5
100836	132419	153993	200027	1
100837	87992.2	144035	200019	1
100838	32335.8	23515.8	200033	4
100839	138364	157850	200017	2
100840	56002.5	502.89	200040	6
100841	145409	193931	200013	3
100842	111437	140524	200019	5
100843	157993	137734	200034	18
100844	50759.2	147117	200041	2
100845	71055.8	119009	200030	5
100846	166643	14920.1	200038	1
100847	59436.5	873.24	200001	1
100848	135281	88155.2	200035	1
100849	194139	28655.9	200008	13
100850	40536.4	28786	200007	2
100851	169950	128286	200035	1
100852	53257.6	128807	200048	20
100853	88796.2	41731.3	200033	48
100854	177025	63884	200003	4
100855	146675	101601	200035	5
100856	146275	58872.2	200020	21
100857	54921.4	177069	200029	2
100858	19578.5	143746	200041	4
100859	130288	89367.5	200037	66
100860	15436.4	13812.3	200007	2
100861	169403	73329.5	200008	51
100862	119199	149954	200029	5
100863	58071.9	595.08	200007	2
100864	112605	15352.1	200021	2
100865	144631	92944.6	200016	5
100866	98290.3	130442	200039	3
100867	187745	113108	200017	1
100868	136044	185620	200029	13
100869	61213.1	171125	200041	17
100870	130974	31026.4	200020	1
100871	160813	40144	200020	1
100872	101476	203565	200029	4
100873	144377	113934	200037	13
100874	143717	93065.9	200024	21
100875	12074	142482	200028	4
100876	106739	204643	200029	1
100877	164782	161998	200034	2
100878	142335	118444	200049	11
100879	112172	42177.5	200026	32
100880	128270	160726	200035	57
100881	41042.7	133249	200047	66
100882	33475.3	151528	200048	5
100883	155950	59722.1	200044	3
100884	116707	135371	200010	5
100885	97830.7	44756.6	200026	2
100886	91882.2	124811	200030	1
100887	84421.3	138369	200005	5
100888	116304	100247	200037	1
100889	117716	207406	200013	3
100890	158644	31237.6	200008	5
100891	100703	80064.8	200049	3
100892	185012	1405.41	200032	4
100893	60486.2	125797	200041	1
100894	77477	132445	200005	11
100895	106708	50948.1	200009	2
100896	167489	43219.8	200038	19
100897	62771.9	137605	200019	3
100898	127099	26704.5	200032	5
100899	152701	129167	200034	13
100900	75877.9	125833	200005	1
100901	88794.2	122220	200030	66
100902	142315	158038	200034	4
100903	155609	139058	200017	2
100904	18856.8	108444	200030	3
100905	34832.5	43478.2	200036	4
100906	99598.1	25756.6	200009	5
100907	109076	94661.5	200024	7
100908	90652.9	54817.8	200001	29
100909	200919	88465.9	200014	9
100910	162663	153672	200034	1
100911	143713	25191.5	200009	5
100912	93685.3	132716	200030	4
100913	75826.6	161019	200013	5
100914	105323	15052.5	200021	4
100915	31145	180288	200018	20
100916	88623.3	74205.2	200002	4
100917	29596.7	134999	200015	18
100918	192608	14957.5	200020	5
100919	141165	35251.6	200008	12
100920	46593.5	66640.8	200040	1
100921	144766	38467.7	200006	20
100922	59830.3	20483.5	200046	4
100923	74791.1	126560	200024	3
100924	143403	61429.9	200022	4
100925	115927	94748	200024	51
100926	87264.5	34380.2	200001	11
100927	81773.4	37736.3	200026	39
100928	188742	94995.6	200014	5
100929	44685	115864	200041	39
100930	149402	34659.5	200038	1
100931	18816.2	38637.1	200012	48
100932	105786	122590	200010	35
100933	90603.5	108447	200048	24
100934	100168	51528.8	200046	1
100935	667.14	137465	200048	66
100936	59930.3	63705.7	200012	11
100937	137849	151563	200035	3
100938	139954	28556.6	200022	4
100939	129723	6799.95	200021	17
100940	44644.5	159629	200048	24
100941	52237	49721	200031	3
100942	117994	182891	200013	4
100943	175502	147747	200034	13
100944	135339	22393.6	200043	1
100945	51686.5	35037.9	200031	13
100946	173657	61599.5	200006	23
100947	149013	181312	200034	10
100948	171582	64430.4	200044	4
100949	154137	31897.8	200009	3
100950	178102	146547	200017	3
100951	135131	46043.9	200043	17
100952	37863.7	77429.8	200030	3
100953	92102.2	126675	200010	3
100954	186490	64894.7	200006	1
100955	197751	49234.9	200008	2
100956	131766	62541.6	200009	46
100957	116715	160914	200002	3
100958	90467.6	188705	200025	23
100959	2822.25	170645	200028	2
100960	2405.48	172797	200028	66
100961	152897	122202	200034	4
100962	147519	49135.3	200042	49
100963	113224	9492.23	200032	1
100964	115878	47026.5	200046	37
100965	69590.1	124516	200016	16
100966	42757.2	80832.9	200012	1
100967	198722	87310.2	200014	4
100968	143295	156938	200027	4
100969	206308	93951.7	200003	4
100970	38359.2	194377	200028	4
100971	52452	161265	200030	4
100972	74806.4	95200.9	200048	40
100973	122359	36737	200009	3
100974	87296.4	166846	200011	37
100975	20191.8	115374	200023	2
100976	136308	160101	200013	17
100977	28649	84763.8	200023	5
100978	29799.2	43542.9	200040	17
100979	128011	95755.2	200034	2
100980	81047.5	34233	200012	2
100981	49657	67769.4	200015	5
100982	44350.1	93620.8	200040	1
100983	41108	10495.5	200031	1
100984	151179	104521	200037	26
100985	209757	95685.4	200014	5
100986	43707	173563	200011	3
100987	96353.3	207364	200025	3
100988	68582.2	127825	200023	5
100989	69546.8	62149.2	200001	2
100990	52890.7	124392	200047	5
100991	120156	101329	200034	58
100992	107747	5730.94	200042	31
100993	89086.5	140309	200047	29
100994	157177	190056	200013	1
100995	125987	154740	200025	3
100996	24984.3	26644.2	200033	6
100997	191484	58270.7	200050	9
100998	138991	33390.3	200026	3
100999	75512	137557	200010	12
101000	50366.7	148349	200015	48
101001	66664	156298	200029	3
101002	25828.2	31800.6	200001	4
101003	127081	27489.2	200045	4
101004	91388.9	46472.3	200026	39
101005	17765.6	114409	200041	2
101006	44012	92665.7	200015	4
101007	179947	69946.4	200014	13
101008	165077	22158	200050	4
101009	84154.3	46627.4	200043	5
101010	143328	15146.2	200006	12
101011	32685.3	52043.1	200033	5
101012	74907.1	109881	200024	66
101013	34320.5	8241.2	200031	3
101014	165753	34398.2	200021	14
101015	71027.5	134795	200010	15
101016	66534.1	102785	200047	6
101017	187004	62507.6	200044	66
101018	169478	110457	200014	56
101019	73625.6	78799.2	200010	9
101020	60947.1	166738	200015	1
101021	54443.4	97215.8	200024	9
101022	125841	22428	200008	3
101023	90641.2	156452	200016	2
101024	82923.7	107378	200030	26
101025	150717	108782	200035	1
101026	128532	162298	200013	5
101027	27408.6	49642	200012	1
101028	76154.6	123952	200010	16
101029	156013	64632.1	200020	14
101030	165347	140133	200034	19
101031	185230	8409.69	200004	20
101032	117921	74880.6	200026	2
101033	4208.49	130137	200048	1
101034	154349	188703	200039	14
101035	114240	63256.4	200008	5
101036	5819.24	120098	200030	5
101037	112133	122441	200037	2
101038	14069.6	183565	200018	24
101039	121960	182855	200029	12
101040	188120	65809.9	200014	4
101041	144794	23188.1	200004	3
101042	109756	148124	200002	25
101043	29006.9	22455	200012	9
101044	152786	63509.5	200014	19
101045	76266.4	60495.6	200040	4
101046	10765.5	138317	200047	27
101047	166935	63333.1	200008	1
101048	162124	124784	200014	12
101049	101952	7526.96	200043	5
101050	118093	119140	200035	4
101051	45895.3	2407.12	200007	66
101052	119722	34490.3	200026	3
101053	187709	31808.7	200032	4
101054	164651	16539	200008	5
101055	101107	138839	200024	4
101056	38231	105878	200018	4
101057	103572	13730.8	200009	50
101058	84177.4	17204.5	200031	40
101059	100943	62208.4	200010	2
101060	67467.6	22419.7	200033	10
101061	156339	92189.6	200044	1
101062	139551	158958	200017	66
101063	30897	10695.3	200031	2
101064	141626	21749.7	200026	3
101065	210213	46029.9	200044	6
101066	127888	97368.6	200024	16
101067	142650	11670.4	200042	16
101068	157373	83504.4	200034	1
101069	21802.3	107214	200023	2
101070	161744	74981.4	200050	4
101071	137189	105858	200019	3
101072	101440	67062.4	200012	38
101073	74902.8	94627.2	200046	2
101074	55329.3	44178	200007	4
101075	132439	20411.9	200004	4
101076	135074	30490.8	200009	5
101077	182435	60731.6	200044	3
101078	191271	137492	200035	31
101079	77236	40010	200001	5
101080	180568	35194.8	200032	62
101081	52174.2	67890.7	200040	63
101082	100812	93420.1	200016	4
101083	62436.2	163381	200011	4
101084	132521	198472	200029	11
101085	199730	46923.8	200003	14
101086	143818	185692	200034	5
101087	20120.1	46499.1	200012	4
101088	56527.8	1043.6	200007	5
101089	2019.27	45741.4	200031	4
101090	102462	154814	200037	3
101091	19031.7	42667.7	200036	30
101092	136983	156365	200013	35
101093	186887	12182	200004	23
101094	74531.4	111559	200010	2
101095	35202.7	114600	200018	9
101096	191149	46586.1	200008	9
101097	84903.1	206955	200025	40
101098	75888.9	137007	200010	4
101099	170120	25475	200020	3
101100	187023	43052.1	200014	5
101101	191898	57166.2	200014	5
101102	182265	60951.6	200006	8
101103	62873.3	146205	200028	3
101104	19834	110079	200041	1
101105	169894	76476.6	200050	4
101106	53649.3	4589.21	200046	2
101107	28491.2	44189.5	200007	5
101108	57270.1	119849	200030	14
101109	66255.4	123466	200005	1
101110	76464.1	50439	200009	5
101111	133618	108250	200049	4
101112	107695	56213.7	200006	65
101113	173398	111512	200014	3
101114	129831	72877.4	200008	15
101115	123687	121888	200019	2
101116	95575.7	170301	200019	1
101117	63750.3	186707	200039	45
101118	30088.8	198231	200011	1
101119	57390	166002	200030	40
101120	180867	27313	200042	1
101121	132754	176047	200025	59
101122	207256	45862.7	200006	2
101123	59387.5	53354.5	200040	4
101124	71917.6	96105.1	200037	41
101125	134117	135552	200049	35
101126	98246.7	166518	200027	26
101127	166409	32078.2	200045	2
101128	194094	39720.7	200008	3
101129	6542.46	142602	200023	5
101130	170161	45661.3	200004	2
101131	138071	33515.9	200022	5
101132	152838	165374	200039	3
101133	45945.6	39772.6	200040	19
101134	168914	85058.4	200003	2
101135	181569	6501.73	200021	49
101136	166718	80437.2	200014	5
101137	156566	168364	200025	3
101138	94065.3	59015.6	200033	56
101139	142537	23472.9	200050	5
101140	149448	167456	200029	6
101141	134928	4665.18	200009	63
101142	6725.17	127119	200048	63
101143	181883	10268.4	200044	2
101144	91533.9	96109.1	200019	10
101145	38619.6	11905.7	200040	4
101146	187548	43860.9	200008	49
101147	170264	56953.4	200003	23
101148	128826	123664	200024	7
101149	128493	99540.2	200016	7
101150	127041	31508.2	200026	1
101151	145899	93761.6	200008	1
101152	126944	30348	200020	5
101153	60191.7	131532	200048	3
101154	83266.4	79172.8	200012	2
101155	88237.2	125769	200002	27
101156	12465.4	140892	200041	23
101157	159313	34964.3	200043	46
101158	103452	133021	200002	5
101159	144537	62120.3	200038	23
101160	111099	201437	200025	5
101161	148365	113757	200017	4
101162	43391.3	73886.7	200046	4
101163	72402.6	152256	200047	1
101164	112724	140550	200019	3
101165	132644	5501.61	200009	8
101166	159217	19856.3	200026	2
101167	141043	77097.7	200017	47
101168	108959	56273.8	200012	2
101169	165739	10948.7	200004	5
101170	65094.4	32998.5	200001	8
101171	160168	18726.6	200006	5
101172	40215.1	137940	200023	5
101173	182776	24231.8	200008	3
101174	127156	136209	200013	5
101175	146570	112038	200016	3
101176	192756	122940	200014	1
101177	113651	103492	200002	1
101178	73182.1	194351	200013	16
101179	134318	54908	200022	23
101180	104264	45792.9	200050	30
101181	157429	15002.6	200004	5
101182	165386	67413.3	200050	2
101183	178562	113979	200003	19
101184	168765	17062	200045	16
101185	40019.1	30222.4	200033	2
101186	138834	191164	200029	4
101187	12725.3	44717.7	200001	24
101188	190338	7083.31	200004	9
101189	161519	8929.65	200004	4
101190	44461.1	45696.5	200031	4
101191	180807	23813.2	200021	5
101192	182641	105953	200034	15
101193	56221.9	81072.6	200041	2
101194	59292.5	15136.5	200026	4
101195	169834	71656	200003	24
101196	143815	16812.2	200044	1
101197	182157	60164	200044	17
101198	69226.4	78308.9	200012	2
101199	188544	15876.4	200032	1
101200	175133	3753.38	200020	14
101201	126795	93521	200019	1
101202	106278	136172	200005	4
101203	184457	9358.01	200045	4
101204	83692.3	149674	200030	17
101205	171134	26578.8	200045	4
101206	83972.3	122648	200010	21
101207	146831	54559.1	200032	1
101208	101292	126822	200015	17
101209	155420	121098	200034	5
101210	66874.9	11704.1	200012	3
101211	3402.84	173592	200028	1
101212	93769.2	1472.09	200021	27
101213	92482.3	61620.2	200024	14
101214	186267	111842	200017	5
101215	18333.8	191097	200018	2
101216	78973.5	110945	200019	4
101217	40299.8	5233.11	200031	17
101218	57016.2	107342	200005	4
101219	68412.3	120993	200002	20
101220	48901.2	66270.1	200007	25
101221	112698	37341.6	200050	39
101222	152600	127666	200017	2
101223	141858	164949	200034	45
101224	37056.9	48407.5	200040	2
101225	141671	115485	200010	1
101226	144519	47049	200032	24
101227	132041	116730	200049	4
101228	168683	176457	200013	28
101229	156406	178927	200027	8
101230	94531.3	159278	200011	5
101231	33326.2	71522.8	200040	5
101232	99915.9	158653	200002	1
101233	145048	54707.4	200004	5
101234	82819.5	51298.1	200046	23
101235	128462	20836.1	200032	16
101236	167583	165009	200025	5
101237	116946	10285.9	200026	18
101238	182343	14831.4	200042	2
101239	163775	8849.61	200050	56
101240	150416	190079	200025	5
101241	132330	163129	200025	4
101242	109508	118020	200019	14
101243	32026.2	75295.1	200001	20
101244	175711	2650.89	200004	3
101245	41378.1	189075	200018	1
101246	127830	151140	200027	3
101247	141957	93386.6	200024	2
101248	200376	39745.4	200014	35
101249	185451	111354	200035	7
101250	44318.8	89876.2	200033	2
101251	153051	145183	200034	1
101252	154222	70883.7	200003	15
101253	118744	147899	200002	1
101254	157502	30289.1	200008	16
101255	129207	63812.9	200044	23
101256	17362.3	131714	200018	60
101257	150150	153051	200025	1
101258	191393	42592.9	200008	15
101259	126402	26225.3	200009	4
101260	110107	116558	200017	13
101261	147860	180901	200013	4
101262	45612.6	116444	200002	2
101263	78326.6	158650	200028	2
101264	114747	118876	200035	2
101265	112752	75756.9	200037	49
101266	66264	33670.5	200046	10
101267	107805	206503	200027	10
101268	79434.7	140516	200010	42
101269	34040.8	75730.9	200040	4
101270	182353	62264.8	200050	4
101271	135955	56493	200045	4
101272	86584.6	51187.5	200012	3
101273	139764	173952	200013	3
101274	50430.2	70431.3	200031	31
101275	47907.3	120477	200019	18
101276	46238	120914	200049	6
101277	152367	52610.2	200006	2
101278	98490.1	10072	200038	44
101279	125820	36843.5	200008	4
101280	144517	55753.4	200006	13
101281	115460	3944.92	200026	2
101282	109846	4848.86	200038	3
101283	104753	52932.9	200012	2
101284	88284	74744.6	200010	20
101285	93866.9	111443	200048	3
101286	195260	53942	200006	4
101287	6612.48	159704	200011	2
101288	126520	4604.95	200045	5
101289	43368.9	65246.7	200046	37
101290	201127	35683.3	200006	2
101291	73925	163592	200013	17
101292	21449.9	59347.3	200040	3
101293	65017.6	115104	200049	8
101294	60875.6	115694	200016	1
101295	89304.7	106219	200030	4
101296	86646.4	118272	200037	4
101297	68888.5	155095	200030	2
101298	88550.6	185810	200025	1
101299	60239.5	72288.1	200031	4
101300	201759	31626.7	200044	9
101301	171612	49530.6	200044	1
101302	168470	44007.6	200050	3
101303	137328	110866	200037	6
101304	93310.3	69112.9	200033	2
101305	181498	135877	200035	5
101306	146881	192479	200025	41
101307	144753	156903	200025	66
101308	128647	12784.6	200038	16
101309	124831	11478.1	200038	2
101310	53311.4	56567.3	200012	15
101311	55392	163947	200015	37
101312	79162.3	110238	200030	4
101313	192209	49415.4	200050	3
101314	191047	69880	200044	5
101315	181375	9291.78	200045	5
101316	84012.8	154999	200041	32
101317	34104.5	75901	200033	5
101318	89096.4	68044.4	200019	5
101319	124593	34062.8	200004	1
101320	73358	10336.8	200007	3
101321	112421	137055	200013	40
101322	14166.3	99332.4	200015	50
101323	163786	29784.8	200008	3
101324	117224	96182.6	200016	43
101325	165412	87943.2	200034	25
101326	64225.6	121541	200023	22
101327	150965	107050	200017	6
101328	137413	94173.6	200035	40
101329	162052	51129.7	200042	7
101330	63749	149649	200028	1
101331	155410	76889.8	200035	5
101332	194024	49833	200044	25
101333	111141	182885	200027	5
101334	189531	26925.5	200008	5
101335	164990	84971.9	200008	5
101336	54013.9	81949.1	200012	5
101337	169178	19471.8	200004	9
101338	63110.1	171215	200030	3
101339	33196.1	28063	200031	9
101340	139615	68632.8	200050	55
101341	109090	64529.4	200010	5
101342	64481.4	175982	200013	2
101343	137483	53470.8	200050	1
101344	37971.5	167431	200047	3
101345	133870	46748.8	200021	3
101346	150170	176302	200025	5
101347	118638	98541.7	200002	5
101348	35917	196896	200011	4
101349	63371.3	113656	200037	10
101350	170866	3269.98	200032	3
101351	37510.4	156598	200028	66
101352	64798.5	101901	200047	27
101353	163888	7103.19	200022	2
101354	166865	75441.6	200035	5
101355	86606.7	196098	200027	18
101356	72480.6	79050.6	200016	14
101357	38212.2	160844	200030	5
101358	121196	21223.8	200026	29
101359	54626.2	131912	200047	5
101360	8064.12	31626	200031	5
101361	33365.4	58040.6	200033	14
101362	130679	71528.4	200006	13
101363	101293	22774.6	200009	1
101364	152073	97488.5	200044	42
101365	52430.9	24138.7	200031	1
101366	148054	122315	200017	43
101367	148118	103889	200035	5
101368	34208	167087	200048	10
101369	33069.6	33218.7	200033	4
101370	138349	154117	200039	31
101371	176625	108807	200017	2
101372	172720	16925.7	200045	5
101373	146485	178751	200025	5
101374	209800	110019	200014	8
101375	14452.3	150573	200041	57
101376	138394	50721.6	200045	1
101377	27159.3	24251.3	200036	54
101378	30719.1	79724.3	200040	15
101379	142312	35824.7	200044	56
101380	120578	18691.5	200022	12
101381	71275.9	144366	200005	2
101382	85640.1	147128	200049	3
101383	138532	22343.9	200006	2
101384	138322	39429.5	200026	1
101385	58067.4	28458.1	200040	2
101386	75618.9	26009.9	200031	31
101387	169769	7058.65	200032	5
101388	43947.4	110303	200030	3
101389	88322.1	32676.3	200046	55
101390	57181.7	95499.5	200010	23
101391	184286	49573.6	200006	3
101392	194301	121023	200017	3
101393	43091.2	104634	200041	5
101394	156643	59993	200032	33
101395	47594.6	116199	200049	49
101396	203960	43307.5	200006	2
101397	111275	17658.1	200022	10
101398	36097.3	80880.5	200046	21
101399	99108.3	142583	200025	5
101400	157973	48308.4	200032	5
101401	111994	38404	200012	57
101402	96379.4	165132	200002	25
101403	172141	88449.4	200035	5
101404	47814.1	64327.8	200036	12
101405	87985.4	211197	200027	4
101406	137763	4236.95	200021	2
101407	60312.3	106622	200015	3
101408	129069	94900.4	200034	1
101409	113307	180291	200013	5
101410	176064	18194.1	200004	1
101411	169475	37675.6	200032	4
101412	134593	190866	200039	5
101413	191877	101557	200014	2
101414	93804.3	162066	200002	5
101415	144663	196719	200027	58
101416	157522	170904	200034	7
101417	145721	102533	200037	1
101418	67448.3	91571.7	200023	4
101419	77641.3	134057	200016	3
101420	2724.65	123901	200015	5
101421	121827	18241.5	200008	4
101422	69746.7	104186	200040	5
101423	52591.3	72690.8	200036	20
101424	37411	143047	200030	29
101425	117213	190841	200025	14
101426	175532	101385	200003	14
101427	167945	31105.5	200050	4
101428	31252.5	20362.7	200012	4
101429	63450.3	6723.47	200036	1
101430	103529	135958	200041	3
101431	116104	132801	200037	34
101432	196631	130292	200003	35
101433	90324	81185	200046	19
101434	45593.4	113175	200048	2
101435	14787.6	194365	200011	3
101436	187025	86632.1	200014	4
101437	137394	19841.4	200044	60
101438	46576.1	69049.5	200047	40
101439	95080.3	164623	200029	3
101440	154807	31640.6	200050	7
101441	59896.8	130518	200028	26
101442	137709	5361.15	200006	2
101443	83523	93033.7	200040	3
101444	55733.2	14042.4	200026	20
101445	58798.9	120171	200016	4
101446	109506	178600	200027	33
101447	59560.9	130189	200002	1
101448	159247	28187	200008	10
101449	138251	46339.8	200038	1
101450	48845	187018	200018	3
101451	51646.5	9788.04	200046	2
101452	108110	81272.4	200024	24
101453	161400	121137	200034	45
101454	96299.6	151150	200024	41
101455	89125.8	98925	200030	4
101456	61106.6	123144	200041	5
101457	48910.3	150472	200048	2
101458	180859	104945	200003	5
101459	170786	128636	200017	6
101460	191688	511.75	200022	17
101461	135067	28872.5	200009	19
101462	81756	20423.9	200031	4
101463	171626	59152.8	200014	13
101464	15592.5	157361	200018	2
101465	75113.2	154733	200041	26
101466	102629	194811	200013	4
101467	59273.8	95000.7	200012	24
101468	65504.2	163993	200011	4
101469	173754	26337.7	200032	2
101470	105528	130600	200015	23
101471	176720	146818	200017	21
101472	61647.4	157676	200048	4
101473	5958.84	61450.8	200046	47
101474	172772	10638.4	200022	5
101475	124270	105608	200034	1
101476	82865.2	104972	200048	3
101477	199319	10518.6	200021	14
101478	187058	63534.8	200006	8
101479	87119.1	72820.8	200001	28
101480	161264	18470.2	200020	4
101481	105641	78158.9	200037	21
101482	147159	209769	200013	66
101483	116828	28323.3	200020	4
101484	144024	21958	200021	3
101485	107403	69560.8	200009	4
101486	34272.5	28675.9	200012	1
101487	122198	83317.8	200037	1
101488	121801	116897	200005	2
101489	132362	22589.9	200020	3
101490	92949.9	143250	200002	3
101491	204675	128571	200017	3
101492	92653.6	110298	200010	2
101493	119435	48748.1	200001	18
101494	147395	188303	200027	6
101495	95031.4	126799	200037	2
101496	54538.8	88582.8	200024	24
101497	84586.8	138240	200048	40
101498	143436	137213	200034	4
101499	30454.9	136984	200011	58
101500	100450	127986	200002	5
101501	149514	82756.2	200014	4
101502	140233	24274.2	200008	8
101503	81302.3	15042.9	200033	1
101504	51016.2	133580	200030	13
101505	121219	192721	200039	20
101506	109989	50620.9	200040	4
101507	80662.9	155612	200015	2
101508	189690	45079.3	200008	4
101509	37742.6	121869	200018	13
101510	137697	87740.8	200024	18
101511	166923	18077	200042	3
101512	196246	145033	200017	22
101513	128344	4626.58	200032	5
101514	161332	19143.7	200020	3
101515	82996.1	210012	200029	1
101516	11717.9	136962	200030	34
101517	177577	47808.6	200044	2
101518	49891.7	203812	200011	5
101519	20561.2	33258.4	200036	4
101520	50385.9	114068	200015	9
101521	22013.2	114701	200023	26
101522	79250.6	108803	200024	3
101523	88238.6	119616	200023	25
101524	161448	161371	200017	2
101525	206672	75046.8	200003	5
101526	152442	59603.6	200004	9
101527	25721.5	85319.2	200048	3
101528	85773.5	134604	200016	4
101529	56226.9	65299.3	200012	12
101530	80576.9	168015	200005	3
101531	115768	132612	200016	1
101532	119163	39837.5	200043	1
101533	144811	77959.4	200034	1
101534	124720	137269	200017	6
101535	77840.6	26357.6	200001	1
101536	134215	13515.2	200008	3
101537	103121	68076.5	200026	22
101538	73334	119419	200047	9
101539	48082	114443	200048	30
101540	19655	55367.3	200040	35
101541	108329	37504.1	200050	22
101542	95608.8	201675	200039	19
101543	23927.4	42727.2	200001	57
101544	144822	35805.2	200043	25
101545	130411	62540.8	200050	3
101546	69488.1	156346	200018	4
101547	74790.3	149870	200019	1
101548	119992	116174	200016	5
101549	160740	195109	200013	43
101550	87226	148518	200041	1
101551	106856	136926	200039	26
101552	41907	111314	200019	7
101553	188248	133237	200017	31
101554	195771	122318	200017	5
101555	57265.8	87463.8	200048	21
101556	4540.3	124594	200023	3
101557	103630	55242.6	200040	1
101558	193501	32084.7	200008	5
101559	145019	82619.8	200008	33
101560	71148.4	190328	200029	20
101561	11113.7	143438	200018	5
101562	58239.7	133823	200002	3
101563	119058	74043.6	200037	4
101564	91982.4	75642.1	200019	16
101565	38244.4	37340.4	200033	10
101566	20365.8	53162.1	200007	51
101567	195861	137645	200017	7
101568	74897.3	77404.6	200030	2
101569	106441	50507.7	200024	7
101570	118345	113232	200019	23
101571	174799	13247.1	200021	2
101572	126589	80553.1	200037	44
101573	188629	83607.8	200014	18
101574	146482	82367.9	200006	4
101575	208674	120639	200035	2
101576	159718	1690.69	200022	17
101577	132894	107865	200017	1
101578	56124.6	100782	200002	9
101579	60151.3	85758.5	200015	2
101580	106721	121540	200023	16
101581	37073.5	165626	200047	21
101582	192023	104511	200035	46
101583	144022	138160	200034	22
101584	123480	146471	200005	13
101585	63282.2	112493	200005	4
101586	154828	86936.1	200017	1
101587	148128	103828	200017	4
101588	38374.3	127540	200011	5
101589	167901	8561.11	200021	9
101590	116858	128380	200016	3
101591	39100.5	157120	200028	3
101592	86334.8	206090	200039	4
101593	139503	109243	200017	21
101594	167596	144121	200035	31
101595	61692.4	131451	200048	2
101596	80920.6	90223.5	200046	27
101597	17238.1	163488	200028	2
101598	160374	82233.6	200050	4
101599	154073	86815	200044	5
101600	164368	52284.2	200003	4
101601	28809.2	140770	200047	2
101602	159071	196538	200013	1
101603	116871	171091	200025	54
101604	149038	2711.19	200026	15
101605	102709	56393.1	200016	1
101606	105060	89757.9	200049	31
101607	147786	169051	200025	4
101608	199852	134254	200017	22
101609	167921	176009	200017	1
101610	72541.8	23796.8	200046	7
101611	168959	36984.3	200044	1
101612	108296	100036	200016	7
101613	163581	153797	200017	43
101614	90154.4	160108	200010	56
101615	186572	144589	200014	4
101616	198102	44923.9	200008	5
101617	64252.3	20465.1	200040	19
101618	85759.8	188409	200039	5
101619	135817	38947.8	200038	25
101620	166205	183457	200013	2
101621	66463.3	131976	200030	4
101622	107650	180868	200039	66
101623	28996.6	121913	200018	3
101624	143317	23386.8	200021	25
101625	190916	108854	200017	6
101626	15251.9	108703	200015	2
101627	43526.8	68271.2	200015	12
101628	182430	3125.76	200004	15
101629	60479.9	75474.8	200046	5
101630	201263	36128	200050	13
101631	142150	109020	200010	5
101632	41250.6	37628.2	200036	2
101633	180890	13832.6	200044	5
101634	52905.3	128136	200048	1
101635	176435	154393	200034	45
101636	85738.9	142080	200030	1
101637	181598	13356.7	200044	39
101638	129675	26115.9	200020	55
101639	95233.7	69765.8	200001	6
101640	201902	66931.3	200003	44
101641	188513	65151	200008	12
101642	70289.9	155233	200048	5
101643	30598.3	51052.7	200040	3
101644	44258.2	64921.4	200007	5
101645	154335	15569.3	200050	21
101646	7490.7	49994.6	200040	46
101647	84545.8	85862.6	200049	40
101648	61234.1	147962	200030	17
101649	34095.9	110589	200028	60
101650	137993	52836.4	200050	8
101651	90508	112983	200037	3
101652	92620.5	122163	200035	32
101653	158644	178535	200017	17
101654	175088	65031.5	200044	3
101655	141955	12072.6	200050	6
101656	97482.7	135180	200039	6
101657	20401.3	33679.3	200033	50
101658	170780	2111.32	200032	11
101659	122005	66550.2	200043	2
101660	25499.2	40933.5	200036	27
101661	7440.9	158681	200028	26
101662	115190	62494.9	200006	23
101663	89654.7	125382	200002	5
101664	202281	52108.1	200003	39
101665	98715.4	114025	200049	3
101666	70705	114987	200047	1
101667	109620	114943	200017	4
101668	156242	93756.7	200014	14
101669	68792.4	131479	200023	8
101670	150246	23342.6	200045	30
101671	8199.9	41865.9	200036	5
101672	130567	55026.3	200022	1
101673	140414	124936	200019	47
101674	7758.97	142240	200028	17
101675	108785	129222	200025	3
101676	126743	63921	200050	56
101677	130904	110224	200019	2
101678	26746.4	14876.6	200007	3
101679	100881	97232.8	200019	5
101680	58380.6	118266	200049	3
101681	21550.6	28302.3	200031	18
101682	43062.5	161315	200030	13
101683	113506	134677	200010	3
101684	105779	161671	200013	58
101685	59171.4	2092.36	200001	18
101686	101723	177007	200025	11
101687	140927	25609	200050	53
101688	157371	169878	200025	5
101689	39160.9	72596	200048	41
101690	143352	2430.44	200050	14
101691	130493	18918	200043	10
101692	190943	65757.4	200044	11
101693	174227	44673.3	200006	4
101694	142890	184276	200025	4
101695	38844.1	73596.7	200031	33
101696	77303.6	119737	200016	3
101697	167119	161817	200034	5
101698	162704	71642.4	200035	12
101699	129733	105968	200002	56
101700	111970	56126.6	200043	17
101701	46183.4	27772.8	200040	28
101702	45885.6	163461	200011	3
101703	208825	113265	200014	4
101704	53064.7	88614.5	200048	1
101705	146187	34843.8	200045	2
101706	181920	17645.8	200038	3
101707	86499.4	55401	200040	3
101708	146934	95260.1	200003	3
101709	182919	132296	200034	4
101710	109256	67308.1	200010	3
101711	61351.9	169145	200029	13
101712	143912	170259	200039	1
101713	178663	115133	200014	5
101714	197312	64187.3	200044	1
101715	98221.2	134831	200002	11
101716	74651.1	84746.1	200005	4
101717	160944	80390.1	200050	31
101718	158859	47839.9	200004	4
101719	175365	7448.24	200008	3
101720	83586.7	144151	200010	54
101721	158604	23394.5	200004	36
101722	166364	65006.3	200044	5
101723	49750.7	46255.9	200001	2
101724	158014	66140.8	200035	20
101725	184397	141781	200014	5
101726	109425	8935.65	200004	15
101727	56369.7	105568	200037	2
101728	67111.5	163313	200028	19
101729	206044	51352.2	200014	4
101730	82383.3	68984.9	200012	4
101731	168435	21946.7	200020	30
101732	205553	129074	200017	2
101733	104167	168765	200029	59
101734	187984	54374.1	200008	5
101735	181247	24369.2	200006	54
101736	151835	113.49	200022	1
101737	174135	123839	200003	5
101738	120697	107038	200049	5
101739	193415	52634.1	200006	10
101740	128352	113550	200024	63
101741	158968	80519.8	200006	3
101742	16312.6	30915.5	200036	4
101743	90674.7	100553	200015	3
101744	179769	4881.2	200020	46
101745	110861	31448.6	200008	51
101746	80269.2	39573.9	200043	4
101747	162586	76704.7	200035	46
101748	163355	135276	200035	5
101749	105113	17830.5	200022	2
101750	17766.7	95177.9	200048	27
101751	176468	43985.8	200003	1
101752	44031.9	126963	200011	1
101753	119203	140993	200035	21
101754	154314	14684.7	200042	3
101755	179225	89252.6	200003	13
101756	47417.5	29270.5	200031	5
101757	106276	116612	200049	2
101758	133472	196824	200027	63
101759	98332.1	126929	200035	4
101760	39493.9	67463.4	200012	26
101761	25914.2	135133	200048	7
101762	108963	35586.5	200006	5
101763	33469	159773	200015	41
101764	6281.88	47658.7	200040	4
101765	133538	11817.5	200032	2
101766	93572	205718	200013	45
101767	7740.64	12924.8	200007	2
101768	120469	144743	200049	23
101769	143944	30289.7	200020	1
101770	63567.6	51134.8	200001	4
101771	126654	117085	200010	3
101772	91169.9	126173	200002	1
101773	45444.9	57954.6	200036	11
101774	177151	28976.5	200008	2
101775	144407	83710.1	200008	5
101776	93049.6	144753	200027	12
101777	148890	34510.2	200021	56
101778	108880	57852.9	200046	17
101779	80485.2	158308	200002	34
101780	160791	91509.4	200050	2
101781	114756	7975.26	200020	62
101782	148236	51830.6	200004	10
101783	50927.3	98864.4	200047	31
101784	155574	169349	200017	2
101785	67018.8	42364.4	200012	3
101786	129380	101305	200035	1
101787	145100	118310	200035	48
101788	173515	185040	200013	7
101789	115941	88674.8	200005	5
101790	45084.6	100973	200048	14
101791	38025.6	81054.1	200036	1
101792	169574	17476.5	200021	4
101793	110480	185638	200025	2
101794	146423	85622.9	200003	2
101795	44579.9	87027.7	200030	4
101796	151415	42807	200008	2
101797	191605	20930.1	200032	28
101798	119826	165609	200027	58
101799	210140	95416.3	200014	31
101800	140325	158947	200039	16
101801	95559.1	38228.6	200012	16
101802	81815.7	156980	200028	5
101803	181088	153904	200017	66
101804	81992.5	140357	200047	1
101805	11866.8	48869.4	200031	1
101806	51652.4	109208	200024	3
101807	156908	59647.3	200044	3
101808	195584	13529.9	200050	1
101809	189235	16800.2	200045	1
101810	196396	106398	200014	30
101811	85625.9	119118	200002	57
101812	194222	128427	200017	5
101813	42533.5	6511.51	200033	32
101814	100043	145366	200024	4
101815	191450	23783.1	200008	1
101816	53033.3	103468	200030	36
101817	118970	69629.6	200009	28
101818	108291	174717	200013	2
101819	32704.5	23793.6	200033	20
101820	48336.9	70281	200036	1
101821	139821	160959	200013	28
101822	86220.4	99701.6	200024	10
101823	139279	167536	200039	42
101824	187015	80314.5	200044	7
101825	135441	7452.3	200021	3
101826	22857.6	27928.1	200012	20
101827	93391.2	17017.4	200012	57
101828	30799.9	33921.5	200033	4
101829	84096.4	198394	200029	4
101830	181951	60946.5	200006	5
101831	134168	52249.3	200026	48
101832	145784	117212	200019	1
101833	61548.7	80948.4	200016	35
101834	57611.8	151073	200011	2
101835	138428	97277.6	200035	1
101836	41343.7	160489	200047	1
101837	77606.4	76019.9	200016	5
101838	113600	44002.5	200031	24
101839	29342.9	124239	200015	45
101840	157514	73815	200014	3
101841	101683	8450.88	200045	1
101842	140603	187386	200025	11
101843	110604	204384	200027	28
101844	159999	37172.6	200042	57
101845	130092	10950.8	200043	17
101846	92084.2	125665	200047	18
101847	137690	185665	200025	3
101848	141751	175915	200039	8
101849	61162.3	37636.1	200036	41
101850	92596	36124.7	200024	4
101851	156673	173066	200029	2
101852	161312	177762	200025	15
101853	42748.1	119223	200030	1
101854	82748.1	70916.5	200019	1
101855	143210	53538.8	200042	25
101856	194327	70374.4	200003	5
101857	119978	126338	200037	2
101858	119349	168880	200025	26
101859	22850.1	152735	200015	15
101860	61382.7	138883	200005	1
101861	61818.1	158605	200048	5
101862	5329.43	62898.8	200040	2
101863	161590	91492.1	200035	1
101864	167613	22254	200009	43
101865	16346.3	107651	200030	3
101866	172887	12069.6	200032	3
101867	199215	27515.4	200044	2
101868	96451.1	147974	200025	3
101869	185031	29628.2	200014	3
101870	112452	46708.8	200044	34
101871	32288.5	79608.4	200030	43
101872	52291.7	181840	200013	1
101873	108537	11587.6	200009	59
101874	143349	9394.81	200050	63
101875	21646	121371	200028	44
101876	70526	164351	200047	4
101877	161118	91601	200008	22
101878	139417	147727	200013	3
101879	203295	38693.9	200008	18
101880	181097	117964	200003	3
101881	3756.91	187428	200018	3
101882	106435	76342.9	200037	57
101883	77028.7	154409	200011	45
101884	141444	95888.1	200003	1
101885	53144.9	142284	200028	2
101886	146982	156610	200034	28
101887	131318	50446.6	200026	4
101888	112159	93675.8	200034	7
101889	47620.8	198589	200028	2
101890	151668	14842.3	200045	42
101891	169171	11010.1	200026	11
101892	110614	206452	200027	65
101893	140041	199796	200039	5
101894	134897	119846	200005	44
101895	127328	156811	200025	5
101896	143724	4596.99	200026	66
101897	79195.9	41933.9	200001	3
101898	168630	78944.2	200050	10
101899	68419.9	185092	200029	58
101900	176740	62856.7	200008	15
101901	63247.9	123684	200047	2
101902	68131.9	127103	200048	66
101903	133058	74257.8	200044	5
101904	193345	106861	200035	14
101905	124423	112618	200034	63
101906	99693.9	65077.8	200016	38
101907	114647	143437	200002	1
101908	107339	159003	200013	4
101909	94955.1	115472	200024	2
101910	139099	87883.5	200034	4
101911	164463	20152.2	200045	41
101912	123732	126141	200016	61
101913	77320.7	92933.9	200010	4
101914	41044.3	76694.1	200023	2
101915	13179.9	108844	200047	3
101916	73288	110103	200049	26
101917	41097.3	116545	200028	14
101918	60839.8	144058	200015	10
101919	44692.3	178800	200029	22
101920	119616	63110.2	200008	3
101921	121478	129560	200034	29
101922	175757	39440.8	200044	31
101923	85926.9	32601.7	200009	4
101924	46602.6	53185.9	200046	4
101925	28236.5	182190	200011	59
101926	74046.5	120585	200023	4
101927	2731.2	125410	200047	66
101928	90668.2	187260	200013	4
101929	105586	124521	200023	34
101930	4750.87	42912.3	200001	18
101931	101325	175383	200025	4
101932	179546	13508.7	200032	13
101933	98149.9	36554.6	200006	1
101934	154562	47655.8	200009	40
101935	15753.9	152563	200018	3
101936	5962.33	24734.6	200007	5
101937	210888	90213.4	200014	5
101938	118371	166818	200029	10
101939	174494	63485.3	200014	19
101940	167696	88770.6	200017	15
101941	159430	14844.7	200009	3
101942	159393	104726	200003	3
101943	176261	45348.5	200014	35
101944	163331	183073	200025	17
101945	185994	64052.9	200003	13
101946	100387	22545.8	200001	4
101947	38060.9	148327	200028	13
101948	16402.3	136854	200011	1
101949	124202	28174.6	200008	2
101950	149149	35898	200008	1
101951	132085	186466	200013	42
101952	154749	120519	200017	20
101953	162630	17679	200038	5
101954	186544	118476	200035	16
101955	10195.2	137607	200018	25
101956	58255	84035.6	200036	20
101957	15252.6	123077	200028	15
101958	185200	1729.85	200004	3
101959	152330	185434	200027	4
101960	156051	3569.35	200043	4
101961	200731	11338.4	200020	17
101962	174473	62074	200014	16
101963	189866	16289	200022	29
101964	165743	74314.3	200006	32
101965	15049.5	36135.5	200040	2
101966	150441	42304.1	200038	4
101967	88535.6	116048	200048	33
101968	75938.2	146414	200011	5
101969	81435.1	9294.61	200026	30
101970	136689	123291	200035	3
101971	28652.3	117226	200047	5
101972	61039.7	19604.9	200009	5
101973	204882	114422	200003	14
101974	156469	35042.4	200050	15
101975	76546.7	42261.2	200012	2
101976	173007	21384.9	200026	33
101977	131895	148588	200013	1
101978	83031.8	127092	200002	55
101979	18674.7	45934.4	200001	54
101980	107348	11564	200032	1
101981	187402	13944.5	200032	1
101982	151576	34783.9	200045	4
101983	183677	112054	200017	27
101984	13370.4	120853	200011	3
101985	201183	50007.8	200050	22
101986	107243	19449.2	200042	3
101987	84394.9	151577	200048	5
101988	186508	66608.6	200044	60
101989	132091	202130	200013	27
101990	187378	822.61	200021	6
101991	9982.84	23835.3	200007	11
101992	141670	4978.14	200020	34
101993	152917	9296.19	200043	17
101994	118537	56152.8	200006	3
101995	146752	11199.8	200042	36
101996	151439	128754	200017	40
101997	145056	125495	200035	3
101998	56433.3	138796	200015	4
101999	60026.2	20693.5	200033	30
102000	173575	49300.1	200006	23
