SCHOOLNODENUMBER: 100
SCHNODE_COORD_SECTION
200001	1671.08	1304.1	510	540	30
200002	40735.5	146324	640	700	20
200003	12782.6	155681	645	655	10
200004	78620.8	14748.3	645	705	20
200005	43373.7	69969.4	720	750	30
200006	83057	21158.7	1005	1020	15
200007	119777	47437.2	525	555	30
200008	55117.6	5048.01	930	940	10
200009	41303.6	69348.6	610	625	15
200010	49015.7	180235	755	815	20
200011	42129.3	130312	1035	1050	15
200012	78723.4	99353.8	1015	1030	15
200013	120782	49607.4	535	545	10
200014	87481.2	101363	710	730	20
200015	24158.7	109236	755	825	30
200016	11290.7	125561	940	950	10
200017	148796	208368	920	950	30
200018	207718	37463.5	1030	1050	20
200019	34143.7	108979	610	630	20
200020	121914	47283.7	610	630	20
200021	62674.2	10844.3	750	805	15
200022	126214	119267	710	720	10
200023	79252.2	17082	555	610	15
200024	86240.7	96016.2	1030	1045	15
200025	45920.4	173274	545	555	10
200026	117781	208181	835	855	20
200027	106941	208139	620	640	20
200028	60001	149302	700	715	15
200029	48231.4	146497	545	605	20
200030	86638.5	100244	845	855	10
200031	69981.9	148247	735	805	30
200032	145030	203604	535	605	30
200033	41005.6	174581	525	535	10
200034	41292.9	71047.4	705	715	10
200035	83614	99344.9	640	700	20
200036	82716.9	10340.9	500	530	30
200037	11554.7	32079	600	615	15
200038	84792.9	96249.9	505	520	15
200039	84508.4	98044.3	845	905	20
200040	43805.2	175675	455	505	10
200041	107483	208599	710	740	30
200042	38056.9	68740.9	910	920	10
200043	41156.3	171376	620	645	25
200044	45127.7	181065	550	615	25
200045	12870	126865	720	740	20
200046	129321	121283	505	515	10
200047	109160	208937	810	840	30
200048	17633.6	153263	555	620	25
200049	202878	161499	925	935	10
200050	165703	185211	925	950	25
200051	119101	51703.5	930	1000	30
200052	12010	184464	945	1005	20
200053	159776	184800	920	930	10
200054	57840.7	16113.5	635	700	25
200055	120376	49249.1	455	505	10
200056	51419.5	169904	735	745	10
200057	34228	108884	855	920	25
200058	126807	116674	645	715	30
200059	8184.76	2626.17	930	945	15
200060	44012.5	140823	1035	1100	25
200061	209204	162903	455	510	15
200062	209422	165784	1005	1025	20
200063	63654.1	152446	925	945	20
200064	37541.3	66394.7	505	520	15
200065	195192	70937	805	820	15
200066	2212.77	2373.79	1000	1010	10
200067	79111.3	209388	650	720	30
200068	63580.3	12711.8	800	830	30
200069	91049	18252.2	1015	1035	20
200070	40698.2	68957.2	850	905	15
200071	108491	206246	1035	1100	25
200072	46225.3	138004	740	800	20
200073	166444	177873	730	800	30
200074	207939	157707	1020	1045	25
200075	18107.5	150388	505	530	25
200076	76960.4	210488	845	855	10
200077	14654.6	120853	840	905	25
200078	207780	29405.6	825	835	10
200079	88202.9	98466.6	525	535	10
200080	120675	112799	745	810	25
200081	146516	205216	520	550	30
200082	202728	32903	930	1000	30
200083	200652	77341.1	850	900	10
200084	149311	210622	710	740	30
200085	202965	73340.4	600	610	10
200086	36908.2	64092.1	855	905	10
200087	128061	114478	505	520	15
200088	87977.1	90766.8	525	550	25
200089	117499	204030	525	550	25
200090	207061	30754.5	730	800	30
200091	56909.4	3699.65	615	625	10
200092	43042.8	150116	855	925	30
200093	34325.1	108528	1035	1100	25
200094	49755.6	179865	805	835	30
200095	43973.3	137084	1040	1100	20
200096	63019.8	149041	630	700	30
200097	120996	111824	820	830	10
200098	63155.1	150379	705	725	20
200099	124609	117195	715	725	10
200100	7466.34	35514.5	525	555	30
MAX_RIDING_TIME: 2700
EDGE_WEIGHT_FORMAT: FUNCTION
EDGE_WEIGHT_TYPE: MAN_2D
NODE_COORD_TYPE: TWOD_COORDS
NODE_COORD_SECTION
0	105600	105600	0	0	0	0	0	0	0
1	61426.1	1834.41	2308	7	16334	18134	200001	2	2234	101809	101222
2	11647.9	51492.9	2309	4	16327	18127	200001	2	2252	101290	101331
3	24369.6	26107.7	2195	64	16555	18355	200001	4	2013	100223	100001	100995	100503
4	93173.2	157227	2382	31	21705	22905	200002	3	2263	100136	101984	101742
5	50634.6	108208	1863	15	22194	23394	200002	3	1764	101642	100371	100477
6	36606.1	138873	2733	41	21373	22573	200002	2	2517	101184	100172
7	46939.3	95196.5	2635	13	21418	22618	200002	4	2561	101630	101115	100158	100719
8	21950.7	127672	2742	14	21313	22513	200002	3	2653	101259	100002	100600
9	15013.8	158414	1615	62	22531	23731	200002	1	1289	100357
10	74582.7	169340	2356	42	21752	22952	200002	4	2201	101304	101701	101176	100426
11	58324.9	116730	2164	17	21897	23097	200002	3	2074	100857	101546	101463
12	57855.3	138801	2513	36	21884	22484	200003	4	2395	101273	100438	101149	100453
13	59645.9	151437	2829	66	21625	22225	200003	3	2646	100246	100127	100400
14	12682.8	100575	2756	48	21664	22264	200003	5	2615	100908	100733	100351	100912	100003
15	58281.5	165611	2670	65	21782	22382	200003	3	2489	100310	100996	100638
16	22337.7	118975	2481	58	21958	22558	200003	3	2316	100150	101103	101529
17	12169.9	203463	2757	38	21644	22244	200003	5	2614	100247	100344	101507	101448	100753
18	38600.8	191781	2724	7	21618	22218	200003	2	2653	100531	101832
19	74259.4	69957.5	2564	25	21812	23012	200004	3	2446	100809	100425	100004
20	123189	29383.3	2773	58	21666	22866	200004	5	2608	101531	100681	100736	101422	100677
21	24529	15281.7	2504	35	21891	23091	200004	3	2312	101908	101949	101837
22	112119	57.76	2727	50	21697	22897	200004	4	2538	101018	101669	101705	100241
23	49230.5	3396.74	1489	12	22862	24062	200004	1	1388	100825
24	82166.3	78297.8	1761	13	24692	26492	200005	3	1676	100236	101122	101893
25	18117	107512	2480	53	24049	25849	200005	3	2325	101655	100005	100921
26	54601.7	121583	2350	32	24139	25939	200005	2	2235	100411	101965
27	97176.7	61010.1	2330	32	24159	25959	200005	1	2139	101483
28	49471.4	13832	2222	12	24229	26029	200005	1	2121	101063
29	28565.9	24169.5	2392	10	24056	25856	200005	4	2323	101066	101244	100791	101234
30	36688.4	123472	2116	4	24320	26120	200005	1	2051	101707
31	25602.4	54938.9	2570	66	23984	25784	200005	2	2377	101541	101374
32	74785.6	56370.6	2007	35	24488	26288	200005	2	1857	100608	101703
33	12424.5	76006.1	2305	66	24249	26049	200005	3	2018	101154	100548	100987
34	79755.3	96875.4	2656	48	23864	25664	200005	3	2507	100423	100149	101553
35	128084	15146.5	2663	35	33732	34632	200006	3	2536	100006	100296	100265
36	86367.2	42952.8	2218	13	34135	35035	200006	3	2133	101264	101498	101383
37	42043.2	16074.4	2658	27	33722	34622	200006	2	2539	101694	101406
38	62566.7	36963.4	2616	26	33762	34662	200006	2	2512	101484	101723
39	108564	55831.2	2206	20	34161	35061	200006	2	2074	100274	101054
40	171936	58497.2	2469	51	17156	18956	200007	3	2216	101827	100926	101791
41	103821	94082.3	2639	53	16990	18790	200007	3	2439	100859	100948	100124
42	103820	84614.9	2731	10	16817	18617	200007	3	2657	101974	101891	100007
43	116956	106513	2198	9	17348	19148	200007	1	2110	101235
44	168971	36770.6	2639	9	16907	18707	200007	2	2572	100615	100950
45	67603	53656.2	2683	44	16929	18729	200007	3	2539	100747	101388	100190
46	139576	84882.9	2165	33	17426	19226	200007	2	2050	101213	101902
47	126765	100581	2333	19	17232	19032	200007	2	2226	101300	100445
48	84268	74289.8	2330	31	17257	19057	200007	2	2157	100262	101279
49	29386.1	41572.5	2340	30	31946	32546	200008	3	2202	101089	101410	100008
50	45873.3	53453.4	2251	49	32071	32671	200008	2	1993	100496	100474
51	8901.01	4870.5	2595	28	31687	32287	200008	4	2489	100224	101661	101873	101600
52	85154.4	5276.91	2382	43	31928	32528	200008	4	2251	101922	100686	100242	101904
53	22676.9	28585.4	2721	15	19536	20436	200009	3	2638	101472	101677	100293
54	58423.8	108668	2457	57	19880	20780	200009	3	2205	100384	100601	100473
55	82379	56013.4	2775	46	19541	20441	200009	4	2565	100692	101572	100562	101327
56	12829	94278.6	2643	54	19688	20588	200009	5	2483	101323	100594	100422	100644	100009
57	76596.8	81655.3	2743	52	19584	20484	200009	3	2475	100939	100206	101427
58	45233.5	26112.3	2649	54	19682	20582	200009	3	2369	100374	100688	101262
59	11412.5	81890.6	2270	19	19995	20895	200009	3	2184	101334	101937	100622
60	42163.7	115410	2650	46	19666	20566	200009	3	2411	101009	101929	101858
61	16011	208726	2261	18	26302	27502	200010	3	2177	100356	100985	100010
62	105019	184690	2252	28	26330	27530	200010	2	2125	101637	101939
63	2600.14	194071	2232	21	26336	27536	200010	2	2093	101754	101853
64	15149.6	157764	2261	57	26376	27576	200010	3	2027	100159	100922	101390
65	41778.2	135098	2053	45	26561	27761	200010	2	1806	100258	100928
66	68679.9	148698	2735	63	25913	27113	200010	3	2527	100500	100114	101339
67	98842.1	175250	1950	4	26586	27786	200010	2	1888	101667	101179
68	77437.2	188769	2814	47	25804	27004	200010	4	2644	100819	100820	101426	101258
69	43972.3	68895.1	2280	17	35881	36781	200011	1	2156	101760
70	103798	130613	2586	8	35558	36458	200011	2	2516	101338	101867
71	90913.1	143375	2693	26	35485	36385	200011	5	2557	100711	100788	100880	101083	100751
72	57426	118527	1218	55	37015	37915	200011	1	923	100380
73	64659.7	153280	2504	29	35680	36580	200011	2	2383	100886	101739
74	50541.4	83669.4	2028	19	36137	37037	200011	2	1900	101926	101309
75	33058.2	174227	2109	53	36120	37020	200011	2	1860	101093	101114
76	68499.1	144623	1730	66	36524	37424	200011	1	1386	101025
77	75582.3	140368	2825	61	35419	36319	200011	2	2652	101180	101412
78	12052.1	107701	2593	62	35653	36553	200011	5	2340	101562	100813	101345	101400	101538
79	35149.7	125609	2518	19	35647	36547	200011	3	2393	100011	101212	100132
80	107949	91782.6	1418	26	35560	36460	200012	1	1254	101568
81	83554	42043.6	2223	13	34730	35630	200012	1	2118	101350
82	16890	99351.9	2635	44	34377	35277	200012	3	2455	100012	101602	100332
83	112487	126435	2304	10	34644	35544	200012	2	2224	101713	101795
84	40459.4	118177	2298	64	34752	35652	200012	2	1997	101389	100104
85	55576.3	72408.2	2245	15	34712	35612	200012	2	2162	100706	100337
86	105078	63275.3	2445	45	34569	35469	200012	2	2208	101175	100251
87	48822.4	95936.5	1479	66	35575	36475	200012	1	1135	101326
88	54405.7	98282.1	1209	66	35845	36745	200012	1	865	101455
89	94421.7	92381.9	2243	60	34800	35700	200012	2	2079	100567	100696
90	97002.8	88381.3	2638	30	17548	18148	200013	6	2520	101779	100259	101134	100934	101927	101721
91	181966	49159.6	2391	54	17840	18440	200013	1	2101	101978
92	154781	71847.7	1987	5	18151	18751	200013	1	1917	100920
93	84591.3	51705.2	2125	23	18047	18647	200013	2	1982	101515	101270
94	158511	67173.6	2841	62	17405	18005	200013	3	2627	100434	100301	100118
95	134501	90177.7	2556	47	17662	18262	200013	3	2417	100405	101807	101429
96	121413	46620.4	2771	45	17443	18043	200013	4	2542	100013	100613	101702	101095
97	78465.2	31996.2	2374	59	17867	18467	200013	2	2071	100469	100989
98	156768	64912.7	2096	63	18152	18752	200013	2	1768	100382	100565
99	114161	66937.7	2512	10	23336	24536	200014	3	2443	100014	101152	100345
100	125246	123266	2279	40	23626	24826	200014	2	2109	101569	101513
101	129008	83675.8	2261	10	23587	24787	200014	2	2192	100767	100606
102	97245.4	147483	2037	15	23820	25020	200014	2	1930	101656	100898
103	88884.8	48547.2	2257	29	23627	24827	200014	3	2147	101403	100479	100271
104	39512.7	98092.8	2090	66	23864	25064	200014	1	1746	100642
105	73929.9	109053	2545	58	23394	24594	200014	2	2377	101100	100895
106	49792.6	81707.3	2120	50	26504	28304	200015	3	1918	100625	101354	101730
107	53802.1	135071	2054	22	26516	28316	200015	2	1916	100867	100623
108	31686.8	155705	2184	66	26470	28270	200015	1	1840	100168
109	22213.1	72030.5	2661	17	25900	27700	200015	4	2566	100626	101769	100339	100904
110	64117.9	109217	2526	56	26109	27909	200015	2	2362	100533	100303
111	15414.2	148600	2666	52	25961	27761	200015	5	2515	101097	101496	100119	100421	101639
112	9834.86	135970	1743	66	26911	28711	200015	1	1399	101189
113	65775.2	97125.5	2148	52	26479	28279	200015	3	1982	100015	101391	100507
114	37400	78734.6	2614	10	25934	27734	200015	4	2545	100882	101693	101292	100817
115	48670.3	118752	1742	42	33166	33766	200016	1	1506	100756
116	24226	78741.5	2432	61	32512	33112	200016	3	2160	101166	101545	100993
117	16167.6	179680	2157	22	32713	33313	200016	1	2011	100759
118	20168.7	75598.5	2479	25	32397	32997	200016	3	2374	100016	100577	101067
119	44103	115287	2269	40	32636	33236	200016	3	2138	101895	100131	100924
120	28943.7	169845	2253	7	32589	33189	200016	2	2185	101808	101872
121	177071	173659	2342	33	31349	33149	200017	1	2147	101372
122	99320.9	195689	2395	14	31260	33060	200017	3	2319	100212	101112	101005
123	157057	167955	2388	65	31364	33164	200017	3	2207	100542	100760	100017
124	145709	190775	1053	29	32631	34431	200017	2	922	101157	101460
125	150567	36087.3	2621	7	35221	36421	200018	4	2558	100243	101473	101634	101471
126	180719	70128.7	2703	58	35236	36436	200018	6	2496	101931	100398	101221	100254	101226	100627
127	186650	12534.7	2714	38	35187	36387	200018	4	2589	101911	101635	100018	100266
128	194078	77130.6	2580	62	35366	36566	200018	3	2402	100263	100367	100612
129	188015	5292.45	2120	64	35830	37030	200018	2	1827	101973	100684
130	167375	38470.8	1858	57	36079	37279	200018	3	1697	101104	100147	101958
131	203780	89209.8	2450	62	35496	36696	200018	4	2205	100538	101155	100441	100782
132	65517.2	77927.7	2293	14	19962	21162	200019	4	2214	100257	101153	100698	100352
133	27482.3	53224.9	2409	48	19911	21111	200019	2	2218	100804	101495
134	10205.3	142927	2344	11	19905	21105	200019	3	2266	100680	101752	101229
135	53577.4	142673	2747	15	19510	20710	200019	2	2643	101297	100203
136	19778.8	71820.6	2708	24	19566	20766	200019	5	2605	101378	100443	100779	100299	100125
137	79303.3	101004	2168	61	20176	21376	200019	3	2000	101934	100019	101285
138	67879.1	136938	2408	17	19853	21053	200019	3	2315	100447	101050	101884
139	41385.9	99789.2	2605	60	19738	20938	200019	4	2433	101650	101454	101648	101230
140	86534.7	105844	2488	38	19813	21013	200019	4	2366	100597	100571	101123	101826
141	90044.8	77925.4	2246	15	20011	21211	200020	1	2131	100658
142	173030	56726.3	2776	53	19553	20753	200020	4	2618	100490	101237	101798	101935
143	167386	56849.3	2465	66	19889	21089	200020	3	2155	101034	100256	101030
144	111557	91177.8	1905	2	20327	21527	200020	1	1849	100182
145	151512	68346	2311	66	20043	21243	200020	5	2128	101367	101875	101620	100193	100020
146	115607	6281.58	2369	36	19928	21128	200020	4	2240	100629	101736	101850	100404
147	132392	80183.3	2329	61	20015	21215	200020	2	2068	101022	101037
148	107380	28966.9	1170	1	21060	22260	200020	1	1119	101811
149	14976.9	25880.2	2240	8	26004	26904	200021	2	2167	100362	100140
150	81805.6	50440.5	2696	20	25571	26471	200021	2	2561	101058	101386
151	71170.3	64258.5	2454	66	25900	26800	200021	1	2110	101887
152	70641.5	65293.3	2630	7	25612	26512	200021	3	2556	101218	100244	100226
153	62932.7	71823.4	2414	46	25902	26802	200021	2	2251	100448	101799
154	60330.6	46475.4	2667	36	25630	26530	200021	4	2538	101993	100021	100154	101079
155	108262	7237.27	2602	17	25659	26559	200021	2	2520	101536	100401
156	171055	106986	2699	41	23207	23807	200022	2	2473	100539	101589
157	129025	68608.1	2363	39	23540	24140	200022	3	2228	100699	100831	100022
158	149784	140785	1602	4	24234	24834	200022	1	1537	100471
159	166007	112472	1707	16	24152	24752	200022	1	1588	101437
160	77261.9	111962	2470	31	23417	24017	200022	4	2362	100952	100419	100818	100568
161	156105	88321	2220	18	23643	24243	200022	2	2136	101296	100291
162	94580.9	101710	2724	55	23209	23809	200022	3	2570	101563	101912	100327
163	181918	112894	2764	33	23127	23727	200022	3	2644	100321	100222	101789
164	137885	165229	2087	8	23757	24357	200022	2	2022	101800	101500
165	29370	25361.7	2202	5	19136	20036	200023	2	2135	101914	100297
166	43825.6	39672.3	2223	40	19182	20082	200023	2	2089	100764	100509
167	129519	14152.9	2616	15	18741	19641	200023	3	2533	101160	101906	101073
168	34775.5	8863.63	2176	66	19278	20178	200023	3	1957	101611	101825	101411
169	106233	37474.2	2774	51	18651	19551	200023	6	2625	100803	100741	101121	100979	101788	100574
170	94665.6	52900.7	2700	55	18733	19633	200023	5	2538	100964	100134	100023	100493	100141
171	97731.3	147254	2447	50	35477	36377	200024	3	2206	100573	100713	100970
172	50444	78877.9	2648	39	35255	36155	200024	2	2433	100670	100024
173	116045	65591.3	2359	10	35489	36389	200024	3	2290	101780	100822	101457
174	102094	54947.4	2391	25	35485	36385	200024	2	2283	100848	101814
175	124436	113350	2430	3	35404	36304	200024	2	2372	100144	100614
176	52346.3	116250	2769	57	35168	36068	200024	3	2585	100715	100518	100316
177	52379.6	67261	2424	46	35492	36392	200024	3	2243	100335	100854	101045
178	61715.7	60711.2	2368	13	35485	36385	200024	3	2281	101197	101594	100595
179	45712.4	125075	2433	66	18421	19021	200025	4	2221	100755	101186	100025	101818
180	80607.9	188142	2708	59	18133	18733	200025	3	2546	100389	101313	100512
181	17493.5	147141	2732	65	18120	18720	200025	5	2554	100566	100563	100213	101521	101369
182	62387.8	128557	2380	13	18373	18973	200025	3	2295	100373	100459	101462
183	54018.7	208898	1789	52	19038	19638	200025	2	1607	100390	101710
184	34994.6	209451	2728	30	18058	18658	200025	4	2621	101395	100526	101550	101254
185	65061.4	167304	1352	10	19396	19996	200025	2	1283	101676	101761
186	55378.1	208089	2303	3	28631	29831	200026	2	2245	100775	101065
187	128905	157784	2175	3	28759	29959	200026	2	2117	101579	100640
188	86945.8	189121	2678	11	28271	29471	200026	3	2590	101061	100214	100026
189	156465	205153	2658	38	28343	29543	200026	3	2536	100858	101015	100897
190	136263	176070	2307	49	28715	29915	200026	2	2042	101802	101443
191	146111	183708	2746	65	28306	29506	200026	4	2555	101425	101092	100148	101924
192	58941.8	194513	2323	31	20564	21764	200027	3	2204	101236	100734	101583
193	130952	183887	2672	27	20208	21408	200027	5	2571	100605	101116	101341	101860	100027
194	105757	160082	1738	3	21096	22296	200027	1	1678	100113
195	161377	203131	2362	56	20573	21773	200027	3	2198	101172	100112	101231
196	119163	145431	2339	32	22950	23850	200028	1	2148	101756
197	53917.5	94047.6	2359	49	22963	23863	200028	1	2091	101561
198	108840	159972	2785	49	22537	23437	200028	3	2624	101293	101992	100162
199	34655.1	116738	2300	58	23039	23939	200028	2	2137	101348	100177
200	68981.8	100834	2014	2	23218	24118	200028	1	1958	100166
201	8319.31	145479	2577	50	22747	23647	200028	3	2310	100185	100430	100451
202	21824	134308	2080	45	23234	24134	200028	2	1867	101380	101614
203	21478.5	140666	2702	14	22553	23453	200028	3	2615	100408	101145	101695
204	42013.7	180885	2512	3	22722	23622	200028	2	2457	100028	100800
205	64433.3	108816	1875	66	23479	24379	200028	1	1531	101647
206	91596.7	178567	2261	4	22975	23875	200028	2	2199	100189	100264
207	56059.3	136569	912	66	24442	25342	200028	1	568	101603
208	52622.7	94383.2	2117	32	18672	19872	200029	1	1926	101522
209	95238.1	137436	2479	63	18369	19569	200029	2	2180	101150	100676
210	98291.2	141068	2493	63	18355	19555	200029	2	2225	100330	101366
211	55224.8	194960	2028	20	18739	19939	200029	1	1890	101384
212	78741.5	123245	2766	42	18042	19242	200029	5	2608	100637	101416	101849	101442	100029
213	28567.3	148049	2527	57	18310	19510	200029	4	2366	100393	101071	100557	100862
214	85324.3	40786.5	2313	36	29284	29884	200030	2	2195	100030	100748
215	140653	94529.9	2486	54	29145	29745	200030	2	2329	101072	101658
216	48786	82173.8	2714	61	28930	29530	200030	4	2533	101245	101449	101564	101251
217	106246	71298.8	2556	9	28990	29590	200030	3	2486	100586	101737	100135
218	49170	122100	2118	7	29424	30024	200030	2	2050	100354	101533
219	128850	87362.8	2185	54	29446	30046	200030	2	1898	101320	100917
220	75797.6	56627.6	2613	11	28936	29536	200030	2	2540	100585	100460
221	83899	149778	1852	5	29686	30286	200030	1	1782	101256
222	102707	132921	2055	52	29572	30172	200030	3	1907	100164	101214	101232
223	117276	113305	2655	61	28989	29589	200030	4	2479	100657	100962	101268	100910
224	38835.3	112841	2610	60	29033	29633	200030	4	2435	101447	101896	101452	100130
225	41321	126468	1831	10	25517	27317	200031	2	1751	101523	101056
226	15774.8	151436	2816	64	24634	26434	200031	3	2624	100215	100336	100647
227	91523	178925	2137	65	25315	27115	200031	2	1826	100963	100762
228	100616	163762	1782	28	25600	27400	200031	3	1668	101243	100717	100031
229	56359.2	99052.5	2636	42	24772	26572	200031	3	2465	100281	100550	101729
230	55973.4	185837	2234	44	25178	26978	200031	3	2096	101933	101090	101857
231	143927	141607	2431	6	17709	19509	200032	2	2362	101012	101806
232	89900.3	197620	2639	15	17518	19318	200032	4	2550	101862	101981	101132	100997
233	183338	194835	2632	44	17580	19380	200032	4	2439	101106	101361	101868	100032
234	165115	172166	2749	53	17480	19280	200032	4	2588	101415	100648	100871	100795
235	124020	208682	2733	65	17519	19319	200032	4	2438	101421	101278	100690	100724
236	71313	142624	2219	7	17323	17923	200033	2	2143	100163	100273
237	90063.5	164021	2092	3	17442	18042	200033	1	2032	101223
238	44835.5	125158	2432	27	17148	17748	200033	4	2279	101346	100101	101636	100476
239	42248.8	128368	2766	37	16833	17433	200033	3	2563	101469	100033	100494
240	61402.6	185925	2396	4	17140	17740	200033	3	2339	101208	101517	100891
241	31130.4	122805	2203	6	23337	23937	200034	2	2134	100855	100758
242	40792.7	105007	2707	62	22939	23539	200034	3	2441	101215	101511	100207
243	93722.6	66163.5	2533	4	23003	23603	200034	2	2473	101920	100593
244	68837.5	42107.2	2536	41	23070	23670	200034	5	2406	100590	101746	101444	101991	101263
245	58295.9	102673	1809	19	23756	24356	200034	2	1689	101764	100268
246	10507.7	100207	2338	47	23280	23880	200034	3	2100	100326	101915	101555
247	5023.08	65532.1	1995	6	23545	24145	200034	2	1923	100837	100442
248	23715	52845.5	2212	34	23381	23981	200034	4	2093	100287	100034	101057	101542
249	128901	114869	2241	23	21831	23031	200035	2	2148	100866	100035
250	104910	138062	2501	48	21619	22819	200035	4	2349	101210	100915	100907	101070
251	89783.9	55801.5	1759	4	22277	23477	200035	1	1694	101387
252	96616.1	104057	2721	30	21365	22565	200035	2	2544	101019	101036
253	128916	87812.1	2805	53	21324	22524	200035	5	2551	101834	101102	100725	100485	100833
254	76047.3	144465	2587	58	21552	22752	200035	2	2364	100982	100592
255	82748.9	153569	2384	59	21757	22957	200035	2	2162	100583	100835
256	114209	74998.7	2588	45	21526	22726	200035	4	2442	101135	101394	101125	101283
257	82316.9	42293.4	2833	60	21310	22510	200035	3	2661	101219	101816	101668
258	58898.9	67521.5	2748	27	21332	22532	200035	3	2647	101565	101824	101643
259	52952.3	43358.1	2666	36	15431	17231	200036	4	2548	100123	101735	100553	101227
260	107406	43358.9	2622	65	15530	17330	200036	6	2441	101060	100555	101774	101530	100981	100452
261	129978	18261.6	2009	18	16054	17854	200036	1	1881	101242
262	34416.7	13121.2	1995	18	16068	17868	200036	2	1900	101994	100537
263	85948.1	45758	1595	10	16453	18253	200036	2	1515	100036	101032
264	57139.9	24197.8	2641	52	19086	19986	200037	2	2443	100796	101332
265	9392.07	84653.3	2572	33	19119	20019	200037	3	2392	100678	101794	100446
266	28493.7	65526.8	2199	53	19530	20430	200037	2	2028	101124	101727
267	26903.4	9198.92	1687	63	20061	20961	200037	3	1518	100870	101046	100037
268	45317.6	57841.7	2506	48	19214	20114	200037	4	2360	100341	101784	101606	100786
269	138041	105601	2185	1	16145	17045	200038	1	2134	100672
270	115804	127582	2575	24	15799	16699	200038	2	2480	100417	100314
271	128477	85252.2	2427	9	15919	16819	200038	3	2355	101633	100816	101649
272	93252.1	148684	2267	28	16115	17015	200038	2	2153	101593	100828
273	41052.8	80218.7	2135	7	16207	17107	200038	2	2069	100685	101311
274	64372.3	118623	2384	15	15973	16873	200038	2	2272	101111	101494
275	114903	74244.7	2658	49	15764	16664	200038	3	2507	101109	101559	100038
276	94315	82005.8	2710	64	15740	16640	200038	2	2528	101970	101817
277	111721	133613	2494	29	29090	30290	200039	2	2342	101640	101855
278	31941.1	107182	2460	65	29192	30392	200039	2	2284	101325	101681
279	84660.5	40564.8	2259	16	29300	30500	200039	2	2174	101228	100879
280	114173	77490.2	2715	59	28926	30126	200039	5	2548	100659	101554	101785	101696	101833
281	65026.4	132355	2541	50	29083	30283	200039	5	2292	100730	100377	101289	101844	101613
282	134856	95253.4	1889	3	29645	30845	200039	2	1834	100487	100505
283	58842.2	64678.1	2710	46	28906	30106	200039	4	2570	100311	100410	101767	100153
284	54171.9	76543.8	2481	6	29059	30259	200039	3	2420	101249	100039	100998
285	84587.2	125924	1207	46	30409	31609	200039	1	953	101329
286	24635.7	135245	2209	25	15567	16167	200040	2	2104	101947	100914
287	44008.9	116957	2064	2	15668	16268	200040	1	2008	101571
288	50185.5	125182	2729	20	15038	15638	200040	3	2641	101414	101342	100040
289	74274.6	203355	2123	21	15645	16245	200040	1	1982	101282
290	64639.6	143881	1910	7	15832	16432	200040	3	1844	101916	101202	101985
291	80613.9	159961	1931	17	15830	16430	200040	2	1818	101618	101191
292	27472	206117	1763	23	16009	16609	200040	2	1623	100195	101886
293	40758.2	161980	914	66	16940	17540	200040	1	570	101143
294	87882.4	168405	2631	55	23302	25102	200041	2	2474	101943	101717
295	142617	191049	2272	11	23577	25377	200041	3	2194	100495	101007	100842
296	58094.3	203179	2009	21	23859	25659	200041	1	1868	100396
297	162027	207222	2384	64	23566	25366	200041	2	2202	100145	100350
298	120635	170061	2272	41	23634	25434	200041	5	2095	100432	101512	101042	101260	100041
299	142169	194378	2011	66	23943	25743	200041	1	1667	101133
300	22777.7	108895	2737	40	30368	30968	200042	4	2538	101003	101128	101299	101456
301	43573.9	13533.5	2641	47	30477	31077	200042	2	2393	100729	100285
302	77848.6	49047.4	2651	54	30480	31080	200042	4	2496	100941	100120	101877	101690
303	67134	90346.8	2081	19	30984	31584	200042	4	1995	101687	100965	101627	101347
304	22799.4	107522	2078	42	31030	31630	200042	1	1842	101075
305	67540	63314.4	2194	66	30960	31560	200042	2	1956	101196	100042
306	4035.81	63326.8	2703	45	30411	31011	200042	4	2521	101659	101591	100536	101506
307	89441.6	75235.8	2762	61	30382	30982	200042	2	2597	101359	100488
308	5536.77	42261.4	2475	57	30662	31262	200042	3	2306	101040	100661	101101
309	88308.4	187130	2493	63	20455	21955	200043	2	2207	101004	101217
310	5948.48	197159	2312	37	20587	22087	200043	2	2142	100475	101031
311	39306.9	114353	2351	66	20603	22103	200043	1	2007	101301
312	71192.9	197629	2318	58	20621	22121	200043	4	2111	100785	101418	101601	101930
313	22584.4	208821	2797	61	20147	21647	200043	4	2624	101820	100043	101333	101370
314	94393.6	172754	2404	7	20438	21938	200043	2	2338	100427	101859
315	34738.3	145988	2756	19	20109	21609	200043	4	2667	101938	101491	101113	101657
316	10286.7	206906	2138	5	18900	20400	200044	1	2068	101424
317	71630.6	147304	2114	3	18920	20420	200044	1	2054	100481
318	15263.8	151588	2092	5	18946	20446	200044	1	2022	101266
319	42574.3	124365	2233	33	18858	20358	200044	2	2116	101253	100225
320	96102.3	172941	2237	35	18858	20358	200044	2	2040	100197	101866
321	80038.4	161921	1947	13	19106	20606	200044	1	1842	100544
322	14303.8	160370	2533	16	18526	20026	200044	3	2450	101129	100660	100044
323	87962	189732	1825	5	19213	20713	200044	1	1755	100978
324	16356.2	154833	2750	59	23791	24991	200045	3	2577	100347	101691	100682
325	26288.3	82840.7	2789	36	23708	24908	200045	5	2660	100217	101505	101967	101392	100783
326	11343	74872.7	2848	63	23700	24900	200045	4	2593	100366	100045	100744	101120
327	56254.5	117699	2551	22	23919	25119	200045	3	2452	100462	100634	101885
328	36706.2	104882	2571	40	23934	25134	200045	5	2442	101335	100569	101181	100340	100815
329	11977.5	185659	2631	23	23841	25041	200045	2	2488	101716	100107
330	65573.8	134972	2815	62	23731	24931	200045	2	2549	101344	101010
331	167338	99737.2	2280	41	16126	16726	200046	2	2054	100669	100290
332	72392.1	126947	2722	41	15684	16284	200046	4	2592	101961	100929	100772	101628
333	140017	171253	2609	58	15830	16430	200046	2	2353	101960	101905
334	112140	105104	2744	49	15678	16278	200046	3	2577	100461	101435	100395
335	118968	166981	2315	17	16046	16646	200046	3	2225	101440	100750	100824
336	108973	102077	2546	47	15872	16472	200046	3	2300	101864	101059	101847
337	103171	108362	2826	58	15613	16213	200046	3	2627	101035	101898	100845
338	154663	83311.7	2572	54	15859	16459	200046	3	2415	100046	100849	100959
339	150128	188981	2439	50	27085	28885	200047	6	2242	101409	100047	101190	100529	100175	100516
340	116365	170955	1821	48	27699	29499	200047	2	1565	101086	100102
341	85559.4	177023	2476	40	27029	28829	200047	2	2347	101863	100887
342	151275	199076	2612	49	26910	28710	200047	3	2456	101532	100116	100653
343	100793	159524	2542	52	26985	28785	200047	2	2264	101024	101527
344	7337.79	202144	2660	17	18701	20201	200048	2	2544	100288	100899
345	30083.9	125519	2360	18	19003	20503	200048	3	2258	101239	100048	101358
346	10448.9	106178	2703	8	18641	20141	200048	3	2635	101526	100289	100958
347	2537.45	192572	2001	18	19362	20862	200048	2	1883	100305	100315
348	46402.9	160615	2631	34	18762	20262	200048	5	2506	101801	100403	101587	100510	101206
349	59442.4	156592	1639	12	19712	21212	200048	1	1538	101306
350	49727.2	122971	2381	38	19020	20520	200048	3	2248	101420	100683	100306
351	145487	157338	2664	10	31284	31884	200049	2	2584	101108	101281
352	150861	170570	2755	61	31289	31889	200049	3	2585	100523	101966	100450
353	197621	115452	2760	33	31231	31831	200049	5	2606	101684	100611	100991	101307	101753
354	197429	208943	2217	65	31835	32435	200049	4	1948	100679	101959	100769	101608
355	185756	123012	2172	43	31838	32438	200049	3	2036	100771	101982	100188
356	162491	183622	2591	19	31374	31974	200049	4	2500	100826	101750	100049	101450
357	195844	123693	1849	61	32195	32795	200049	1	1528	100530
358	208689	165782	2494	63	31554	33054	200050	3	2195	100931	101177	100142
359	109691	191004	2798	39	31205	32705	200050	4	2669	101385	100392	101404	100689
360	210472	201094	2650	57	31387	32887	200050	2	2489	100619	101724
361	147862	146451	2595	10	31353	32853	200050	2	2515	101944	100202
362	172607	142258	2509	28	31473	32973	200050	4	2388	100667	100272	100707	100521
363	129843	198004	2607	58	31432	32932	200050	4	2312	101570	100152	101373	101168
364	135848	167528	2741	27	31239	32739	200050	3	2624	100913	101626	101504
365	169332	156081	2589	22	31381	32881	200050	4	2493	101590	100171	100050	100980
366	189874	171142	1733	64	32317	33817	200050	2	1411	100253	101016
367	169685	41800.1	2793	56	31542	33342	200051	4	2626	101955	101948	101861	100343
368	146560	84027.3	2592	51	31733	33533	200051	3	2326	101983	101138	101662
369	130515	95997.1	2523	55	31810	33610	200051	3	2366	100051	100204	100830
370	91773.2	53924.9	2657	62	31689	33489	200051	4	2448	101592	101582	101878	100165
371	147004	39237.6	2263	64	32087	33887	200051	2	1967	100829	101651
372	145733	42108.5	2782	66	31572	33372	200051	4	2505	100234	100385	100643	101665
373	104020	20529.2	1760	8	32484	34284	200051	2	1690	100128	101162
374	21858	135451	2071	4	33065	34265	200052	1	2006	101678
375	67743.9	185411	2316	58	32923	34123	200052	2	2145	101980	101497
376	23469.1	210597	2630	18	32533	33733	200052	5	2543	100916	100391	101255	101525	101252
377	32095.1	155317	1977	52	33250	34450	200052	2	1748	100394	100052
378	208.91	173044	1041	45	34173	35373	200052	1	791	100437
379	48624.7	200269	2134	22	33036	34236	200052	3	2043	101616	100630	101216
380	158550	123439	2798	58	30941	31541	200053	3	2604	101755	101888	101257
381	207987	192986	2552	28	31130	31730	200053	4	2399	101879	100424	101758	100757
382	183752	160906	2811	48	30909	31509	200053	2	2561	100160	101757
383	168370	144525	1946	40	31759	32359	200053	3	1812	101187	101488	101363
384	144689	151371	1848	33	31843	32443	200053	1	1653	100376
385	118730	196840	2640	48	31080	31680	200053	3	2499	100902	100237	101164
386	125145	194520	2137	55	31596	32196	200053	4	1868	101598	101738	101821	100053
387	196083	203302	2717	57	31020	31620	200053	5	2548	101204	100843	101508	100456	100716
388	116890	176267	2079	58	31660	32260	200053	2	1911	101094	100363
389	130166	170744	1850	58	31889	32489	200053	4	1607	101567	101836	100255	101856
390	65479.5	69086.5	2421	28	21361	22861	200054	3	2315	100901	100300	100054
391	44266.6	54871.5	2609	56	21226	22726	200054	5	2445	101131	101573	101666	100540	101623
392	73607.8	53935.3	2647	16	21112	22612	200054	2	2567	100633	100489
393	105905	19333.8	1908	25	21868	23368	200054	1	1748	101870
394	56280	71709.2	2476	21	21292	22792	200054	2	2379	101137	100877
395	27816.8	19343.1	2258	31	21529	23029	200054	2	2139	101265	100810
396	88158.8	34316.7	2753	27	21027	22527	200054	2	2641	100250	100179
397	146508	83985.3	2798	39	15005	15605	200055	3	2671	100329	101055	100055
398	126525	103827	2414	58	15425	16025	200055	3	2243	100308	100808	100861
399	157630	30820.5	2488	44	15324	15924	200055	3	2344	100278	100702	100103
400	173491	55608.2	2301	38	15500	16100	200055	3	2093	100609	100361	101711
401	109379	7513.28	2623	12	15128	15728	200055	4	2543	100183	101923	101999	101480
402	150472	25100.7	2327	37	15472	16072	200055	3	2199	100418	100320	101396
403	69072.2	50913.2	2606	62	15240	15840	200055	3	2436	101692	101842	100478
404	98292.3	70280.6	2185	28	15597	16197	200055	3	2079	100323	100522	101699
405	129341	81797.6	1759	66	16095	16695	200055	1	1415	100506
406	103105	27347.2	1608	50	16216	16816	200055	1	1335	101631
407	136831	2883.4	2391	41	15415	16015	200055	2	2175	100440	100937
408	79778.4	137883	2513	62	24933	25533	200056	4	2286	100186	101585	101464	100056
409	97540.1	159610	2380	11	24969	25569	200056	4	2310	100639	101683	101549	101077
410	72151	206629	2145	27	25235	25835	200056	2	2023	100621	100776
411	101544	168957	1891	23	25481	26081	200056	1	1741	100433
412	45204.6	127616	1813	25	25563	26163	200056	1	1653	100930
413	17844.3	145886	2229	41	25177	25777	200056	3	2050	100940	101928	101894
414	28237	176934	2457	27	24923	25523	200056	5	2312	101008	101468	101340	101610	100906
415	75488.1	127685	2396	63	29852	31352	200057	2	2175	101722	101615
416	82983.1	105033	1948	24	30226	31726	200057	1	1793	100968
417	54399.1	74557.8	2639	21	29529	31029	200057	2	2521	100960	100727
418	63644.7	83296.9	2219	66	30035	31535	200057	1	1875	100378
419	61818.1	82229.2	2580	49	29642	31142	200057	4	2335	101720	101159	100108	101141
420	86216.6	102144	2814	56	29421	30921	200057	2	2567	101487	100840
421	39113.2	144275	2713	7	29429	30929	200057	3	2645	100057	100721	101714
422	22806	72624.7	2731	39	29472	30972	200057	3	2596	100655	100276	100617
423	4943.1	121913	2223	48	29997	31497	200057	3	2079	100972	100992	101663
424	74117.5	126201	2762	37	21637	23437	200058	2	2556	100969	100768
425	107457	73969.4	2801	40	21604	23404	200058	3	2664	101612	101913	100778
426	168771	97868.3	2696	15	21661	23461	200058	4	2610	101787	101751	101303	101144
427	152294	151574	2424	18	21939	23739	200058	3	2329	100317	101704	100603
428	89075.7	98023.1	1978	2	22354	24154	200058	1	1922	100413
429	134293	163877	1977	11	22372	24172	200058	2	1902	100543	101586
430	139463	89824.4	2553	12	21798	23598	200058	5	2470	101353	100666	101654	100896	100058
431	160416	129145	2618	25	21758	23558	200058	4	2505	100607	101298	101624	101397
432	94866.9	133224	2433	65	22019	23819	200058	3	2260	100875	100249	100673
433	105018	135089	1489	16	22870	24670	200058	1	1370	100588
434	26464.5	37760.6	2124	53	32205	33105	200059	2	1974	101510	100723
435	38724.2	4682.04	1546	42	32762	33662	200059	2	1375	100892	100059
436	7440.54	45929.4	2313	66	32041	32941	200059	3	2117	101577	100117	101901
437	1963.93	54134.9	2390	62	31956	32856	200059	3	2085	100905	100386	101575
438	67712.4	112515	1842	5	36296	37796	200060	1	1772	100598
439	100760	140650	2243	6	35897	37397	200060	2	2171	101310	101566
440	29424.8	103677	1927	22	36243	37743	200060	2	1789	100126	100876
441	59140	94588.3	2588	29	35596	37096	200060	4	2483	100708	101706	101988	101744
442	9611.83	153369	2756	30	35430	36930	200060	4	2599	101940	100558	100834	100060
443	25711.5	105483	2567	26	35611	37111	200060	3	2460	101147	100180	100847
444	8295.34	148487	1754	51	36471	37971	200060	1	1478	101110
445	50857.5	171166	1986	21	36182	37682	200060	2	1889	101979	100851
446	92312.5	153137	2122	2	36010	37510	200060	1	2066	101786
447	174212	136520	2221	10	15527	16427	200061	3	2141	100061	100610	101423
448	209205	113346	2590	53	15239	16139	200061	4	2398	100414	100793	100799	100631
449	172234	145709	2448	4	15288	16188	200061	2	2386	100436	101957
450	199610	199542	1920	66	15934	16834	200061	1	1576	101996
451	189109	181056	1511	32	16278	17178	200061	2	1328	101475	101171
452	183768	133526	2307	46	34109	35309	200062	5	2170	101499	100763	101528	101537	100062
453	173631	149370	2061	29	34323	35523	200062	3	1956	100161	101076	100157
454	203490	184829	2411	17	33950	35150	200062	2	2329	100865	100232
455	75348.4	170711	2432	11	31517	32717	200063	3	2359	101062	101876	100852
456	61261.7	112583	2755	66	31299	32499	200063	3	2564	101812	101880	100515
457	95205.2	171763	2781	44	31231	32431	200063	4	2632	100641	100752	101843	100885
458	67407.2	194674	1641	6	32299	33499	200063	1	1567	101343
459	15575.6	142937	2781	58	31258	32458	200063	4	2610	100836	101432	101170	100063
460	12873.7	97555.6	2689	55	15744	16644	200064	4	2491	100322	100894	100883	101082
461	42614.3	96753.5	2009	47	16409	17309	200064	2	1844	101064	101977
462	55129.2	30867	2712	48	15708	16608	200064	2	2563	100881	101782
463	20672.3	107261	2295	38	16106	17006	200064	2	2121	100742	100933
464	15238.6	45151.5	2593	64	15857	16757	200064	4	2375	100064	101261	100720	101700
465	10966.8	32469.3	2416	64	16034	16934	200064	2	2133	101732	100233
466	16480.4	40676.5	1898	57	16539	17439	200064	1	1594	101238
467	60472.1	63779.2	2515	14	15840	16740	200064	2	2431	100554	100787
468	70472.8	73753.1	2034	52	16393	17293	200064	3	1870	101178	101220	101002
469	32841.3	123977	2793	65	15659	16559	200064	2	2617	100415	100664
470	51670.1	115439	2506	64	15944	16844	200064	2	2324	100399	101319
471	153539	50137.2	2495	47	26723	27623	200065	3	2356	100889	100944	101006
472	189545	17868.4	2775	40	26430	27330	200065	4	2649	101968	101584	101247	101020
473	162917	99030.1	2384	54	26847	27747	200065	3	2224	101670	100065	101715
474	139778	67306.9	2765	62	26481	27381	200065	3	2543	101775	101728	101638
475	200941	88708.8	2516	64	26734	27634	200065	6	2316	101142	100463	100932	100210	101725	101835
476	199316	23711.8	2658	49	26564	27464	200065	6	2510	100527	100990	101047	101632	100687	101185
477	181149	113155	2776	58	26463	27363	200065	6	2605	100765	101763	100454	101013	101660	101910
478	166315	101191	2315	52	26912	27812	200065	2	2047	100292	101357
479	17576.9	40168.7	1962	23	34110	34710	200066	1	1812	100943
480	43526.1	19298	2308	52	33819	34419	200066	3	2126	100066	101883	100911
481	10449	54273.2	2287	12	33764	34364	200066	2	2204	100397	101151
482	41079.1	1615.57	1678	57	34459	35059	200066	2	1452	100718	100111
483	88835.4	156414	2508	20	22159	23959	200067	3	2412	101011	101371	101489
484	55418.9	172635	2255	33	22436	24236	200067	1	2060	101865
485	52154.8	183302	2415	34	22278	24078	200067	3	2270	100694	101733	101407
486	101259	177137	2108	42	22600	24400	200067	2	1976	100067	101023
487	115772	188159	2091	7	22551	24351	200067	3	2023	101646	101105	101712
488	33479.8	195299	2132	7	22510	24310	200067	2	2061	100325	101604
489	67837.3	58827	1941	10	26907	28707	200068	3	1864	101439	100458	100068
490	43681.8	42992.3	1851	21	27017	28817	200068	1	1710	101719
491	102736	7276.78	2067	9	26779	28579	200068	2	1997	100483	101156
492	32663.8	6323.1	1336	4	27500	29300	200068	1	1271	101815
493	147398	19505.6	2744	13	34209	35409	200069	2	2652	101664	100187
494	48941.6	23426.5	1671	3	35263	36463	200069	1	1611	101271
495	74462.7	41018.4	1482	21	35486	36686	200069	1	1341	101831
496	83050.1	51841.4	1912	62	35134	36334	200069	3	1721	101225	101250	100069
497	115301	16398.2	1075	31	35912	37112	200069	1	889	101976
498	92321.1	51168.6	1424	47	35594	36794	200069	1	1165	100936
499	103543	2306.45	2447	10	34501	35701	200069	2	2367	101248	100675
500	20093.7	26919.1	2786	39	29117	30017	200070	3	2662	100070	100174	100155
501	53390.8	117516	2396	54	29535	30435	200070	2	2233	100646	101596
502	20438.4	108745	2391	66	29563	30463	200070	1	2047	101043
503	28.4	50738	2435	45	29479	30379	200070	3	2289	101161	101069	101921
504	57798.2	95611.2	1759	49	30163	31063	200070	1	1491	100338
505	58434.1	36481.2	2701	44	29211	30111	200070	2	2544	100416	100909
506	26312.1	99980	2601	65	29351	30251	200070	4	2342	101081	100428	100381	101284
507	95244	61956.7	2268	19	29597	30497	200070	3	2171	101989	101459	100218
508	70618.9	91370.4	2347	39	29556	30456	200070	4	2212	101203	100947	101697	100492
509	60678.7	50866.3	2796	65	29156	30056	200070	7	2612	101446	100560	101183	101211	100714	101091	100517
510	33715.3	113837	2348	50	29576	30476	200070	2	2203	101280	100632
511	84503.2	167843	2222	11	35927	37427	200071	1	2126	100954
512	167032	208929	2220	19	35945	37445	200071	1	2087	101962
513	101180	156303	2165	33	36026	37526	200071	2	2050	101514	100576
514	141161	192302	2757	25	35419	36919	200071	4	2642	101277	101622	101942	101813
515	63859.9	206496	2332	50	35892	37392	200071	6	2101	100636	101360	100470	100383	100071	100853
516	83835.9	202671	1828	51	36397	37897	200071	2	1682	100360	101098
517	105727	172986	2696	59	35545	37045	200071	2	2531	101838	101909
518	80076.2	127828	1624	13	26029	27229	200072	2	1542	100072	101540
519	41156	109993	1400	50	26324	27524	200072	1	1127	100535
520	48723.9	143817	2180	43	25530	26730	200072	2	1999	101793	101028
521	98163.3	147365	2353	44	25359	26559	200072	2	2212	100331	100365
522	39018.2	85290.3	2709	63	25039	26239	200072	3	2535	101918	100774	100261
523	15164	130151	1737	48	25983	27183	200072	4	1567	101852	101379	100466	100353
524	50848.2	106969	2384	45	25330	26530	200072	2	2244	100918	100900
525	25935.1	175265	2416	58	25323	26523	200072	4	2201	100652	100379	100502	101417
526	182026	132227	2147	3	24887	26687	200073	1	2087	101520
527	127568	162474	2377	59	24764	26564	200073	3	2189	100650	100073	100579
528	205361	187966	2143	64	25007	26807	200073	3	1855	100245	100486	100850
529	189298	162047	2678	60	24465	26265	200073	5	2412	100304	101597	100806	101748	100552
530	143717	185989	2418	56	24717	26517	200073	5	2236	101674	100856	100467	101524	100602
531	135711	202770	2676	65	24476	26276	200073	2	2495	100780	101936
532	163350	174603	2366	36	34931	36431	200074	2	2167	101486	100705
533	175306	131326	2308	9	34938	36438	200074	3	2241	100074	101828	100375
534	179765	173648	2526	31	34761	36261	200074	4	2415	101502	100248	100504	100498
535	191478	124731	1938	42	35370	36870	200074	2	1710	101544	100167
536	11333.7	94601.9	2643	45	15771	17271	200075	3	2503	100170	101130	100468
537	1201.67	194159	2787	46	15629	17129	200075	6	2645	100482	100811	101971	100938	100075	101038
538	21305.7	207249	2117	5	16221	17721	200075	1	2047	101919
539	53538.4	141163	1746	4	16590	18090	200075	2	1686	100227	101478
540	1940.81	120026	1812	28	16570	18070	200075	4	1696	100884	100967	100121	101869
541	31577.7	123154	1717	63	16731	18231	200075	1	1387	101305
542	53439	169623	2231	64	16219	17719	200075	3	2049	101428	100832	101337
543	25315.7	199392	2448	14	29107	29707	200076	3	2364	100464	100789	101516
544	37379	189049	2511	10	29037	29637	200076	2	2434	100370	101119
545	77938.6	151832	2785	38	28816	29416	200076	2	2663	101972	101085
546	92978	167554	2173	26	29405	30005	200076	1	2009	100942
547	118468	200409	2049	50	29575	30175	200076	2	1904	101200	100076
548	58306.3	166172	2334	27	29246	29846	200076	2	2230	100520	101557
549	17720.8	178352	2408	66	28946	30446	200077	1	2064	100814
550	33314.5	83335.5	2651	12	28600	30100	200077	3	2568	100077	100624	101907
551	25300.3	164477	2254	66	29100	30600	200077	3	1977	101000	100211	100999
552	59230.3	117771	2521	21	28747	30247	200077	3	2408	100732	101776	101552
553	12210	91435.8	2061	22	29209	30709	200077	3	1970	101772	101797	101846
554	159082	20925	2325	65	28127	28727	200078	3	1993	100792	101029	101288
555	200100	82429.1	2696	61	27748	28348	200078	4	2479	101351	101107	101644	101845
556	178266	8305.16	2678	53	27751	28351	200078	6	2525	100238	100749	100893	101355	100216	101543
557	175280	45876.1	2587	44	27825	28425	200078	6	2451	101952	101841	100219	101671	101946	100235
558	199330	81508.2	2326	44	28086	28686	200078	2	2193	101641	101330
559	163771	41971.7	2308	66	28146	28746	200078	3	1977	100282	100704	100807
560	180507	28707.1	2653	62	27793	28393	200078	5	2423	100735	101209	100387	101318	101679
561	197132	71123.1	2351	66	28103	28703	200078	4	2080	101017	101574	100564	101368
562	168305	32690.8	1720	48	28700	29300	200078	1	1457	100078
563	79465.8	151974	2682	14	16873	17473	200079	3	2588	100691	101381	100556
564	130363	117013	2252	26	17326	17926	200079	2	2150	101286	101482
565	78926.1	56000.6	2802	66	16852	17452	200079	3	2494	101839	100935	101819
566	65723	104319	1021	2	18511	19111	200079	1	965	101470
567	94643.4	52097.8	2045	36	17552	18152	200079	3	1927	100570	100221	101477
568	120058	98734.3	2578	15	16979	17579	200079	4	2489	100508	101903	100220	100079
569	109594	72643.2	2549	13	17004	17604	200079	2	2467	101001	101493
570	49125.3	79110.1	2079	5	17459	18059	200079	2	2020	100841	100591
571	105873	122691	1556	14	17999	18599	200079	2	1451	101048	101402
572	146080	75555.6	2386	13	25567	27067	200080	3	2291	100524	101068	101074
573	143555	152259	2754	45	25260	26760	200080	3	2523	100324	101987	100298
574	129771	60470.9	2484	59	25557	27057	200080	3	2322	101709	101188	101854
575	113736	165305	2809	52	25218	26718	200080	2	2650	100525	100208
576	99456.2	82799.9	2348	10	25600	27100	200080	3	2268	101408	101336	100115
577	153974	88280.6	2531	43	25479	26979	200080	2	2397	101021	100312
578	174775	116008	2553	33	25438	26938	200080	2	2433	100773	101899
579	163879	99906.7	2216	53	25813	27313	200080	2	1944	101316	100878
580	89915.9	134253	2545	61	25499	26999	200080	2	2258	101272	101096
581	117274	157148	2598	64	25452	26952	200080	3	2390	100955	100284	100080
582	151469	107437	1576	66	26478	27978	200080	1	1232	100541
583	78314.3	120622	2752	47	25266	26766	200080	3	2592	101314	101792	100983
584	130612	158041	2201	1	17029	18829	200081	1	2150	100472
585	110170	184155	2067	10	17181	18981	200081	2	1995	100106	101039
586	203551	207749	2371	54	16960	18760	200081	2	2091	100656	100196
587	164257	172332	2555	26	16723	18523	200081	4	2448	101349	100589	100561	100081
588	155586	163986	1793	3	17441	19241	200081	2	1738	101534	101576
589	193524	208502	2058	66	17296	19096	200081	1	1714	100429
590	117715	173198	2357	46	16959	18759	200081	2	2199	100703	101393
591	144243	35639.4	2664	64	31686	33486	200082	2	2488	100746	100184
592	154112	21983.8	2747	63	31601	33401	200082	4	2570	101953	100618	101375	101490
593	189706	77473.2	2492	63	31856	33656	200082	5	2195	101087	101356	101963	100701	100181
594	172087	58260.7	2632	33	31659	33459	200082	7	2509	101458	101771	101376	100695	101485	101192	100449
595	178959	4135.85	2789	57	31548	33348	200082	6	2618	101804	100761	100700	101871	100388	100156
596	206873	75117.4	2131	41	32175	33975	200082	3	1908	101718	101607	100874
597	183838	57327.7	1820	66	32534	34334	200082	1	1476	101900
598	196764	5998.16	2355	41	31951	33751	200082	4	2137	101950	100919	101796	100082
599	206392	49575.9	1037	66	33317	35117	200082	1	693	101479
600	198709	138067	2412	51	29513	30113	200083	1	2136	101682
601	182262	42516	2276	43	29634	30234	200083	5	2140	101652	101805	101174	101198	101451
602	184290	118120	2286	61	29658	30258	200083	2	1986	101445	101302
603	203718	123601	2025	66	29929	30529	200083	1	1681	100513
604	192387	33132.1	2782	65	29170	29770	200083	6	2601	100946	100873	100435	100994	101892	100358
605	165508	67885.4	2118	56	29817	30417	200083	3	1959	101708	100279	100319
606	174570	64392.2	2424	49	29498	30098	200083	3	2270	100827	100348	100784
607	184007	122791	2471	60	29472	30072	200083	3	2221	100988	100083	101882
608	209055	94579.4	1125	12	30726	31326	200083	3	1042	100534	100173	101167
609	172305	83768.4	1553	38	30348	30948	200083	3	1353	101413	100945	100192
610	105661	198883	2200	55	23733	25533	200084	2	2041	100671	100084
611	153113	161490	2653	53	23276	25076	200084	2	2492	100547	100821
612	120599	188806	2080	61	23864	25664	200084	3	1868	101645	101207	101241
613	162836	170204	2326	17	23535	25335	200084	2	2244	101810	100712
614	181179	189058	1886	4	23950	25750	200084	1	1821	101803
615	186049	27833.1	2481	64	19269	19869	200085	2	2302	100812	100085
616	206411	130877	2673	57	19064	19664	200085	5	2499	101932	101986	101881	100122	101267
617	149598	66897.8	2805	47	18913	19513	200085	5	2601	101951	100346	101686	100328	101169
618	210612	125095	2365	65	19387	19987	200085	1	2025	100364
619	173223	50249.8	2820	51	18905	19505	200085	5	2637	101233	100519	100731	100545	101619
620	200630	19083.3	2771	47	18947	19547	200085	4	2627	101501	101148	100138	100514
621	187565	112812	2160	54	19571	20171	200085	1	1870	100499
622	172961	91101.2	1893	40	19812	20412	200085	3	1756	101275	101365	100743
623	163164	79319	1809	41	19897	20497	200085	2	1674	101581	102000
624	189177	105752	1873	52	19854	20454	200085	2	1600	101558	101740
625	79564.7	44979.4	2450	58	29789	30389	200086	3	2188	100501	100431	101294
626	42318.3	110773	2092	56	30143	30743	200086	2	1931	100133	101053
627	66684.2	51858	2764	60	29479	30079	200086	3	2595	101088	100580	100957
628	16375.2	53580.9	1922	51	30303	30903	200086	3	1765	101136	100839	100869
629	24201.8	104178	2758	48	29462	30062	200086	5	2614	101548	101768	100663	100372	100086
630	72485.2	78236.4	1998	53	30231	30831	200086	2	1754	100710	101041
631	2974.8	91488.8	2699	50	29525	30125	200086	3	2504	100844	100252	101848
632	48287.9	101515	2636	60	29607	30207	200086	3	2472	101399	101324	101897
633	48383	92401.6	1534	25	30642	31242	200086	2	1426	101609	101246
634	20706.9	21889.8	2698	18	29465	30065	200086	2	2606	100587	100693
635	152081	104764	1296	18	17067	17967	200087	2	1170	100797	100369
636	175230	125655	2135	14	16220	17120	200087	3	2035	101084	101438	100087
637	118467	66306.7	2325	59	16116	17016	200087	3	2030	101315	101617	101770
638	86682	98910.9	2219	21	16149	17049	200087	3	2122	100956	101925	101099
639	153871	85491.6	2823	60	15620	16520	200087	3	2557	100888	101140	101840
640	117791	153465	2583	44	15829	16729	200087	3	2356	101481	101182	101453
641	103785	92031.2	2836	58	15603	16503	200087	2	2673	100201	100407
642	124397	66607.9	2396	59	17245	18745	200088	2	2140	101441	100277
643	60016.9	121268	2751	52	16876	18376	200088	6	2592	101078	100286	101823	100270	101580	100088
644	69080.6	129612	2744	41	16862	18362	200088	2	2526	101997	100198
645	91370.4	38827.4	2719	24	16855	18355	200088	2	2572	100205	101734
646	135362	81738.2	2396	63	17252	18752	200088	3	2084	100766	101049	100977
647	64288.9	59584.1	2215	58	17424	18924	200088	3	2044	100368	101595	100313
648	117580	113970	2633	11	16916	18416	200088	3	2552	100139	101199	100240
649	111186	70036.7	1711	37	17888	19388	200088	1	1497	101765
650	105988	106863	2447	26	17131	18631	200088	3	2345	100465	101436	100455
651	92743.6	61007.6	2226	48	17394	18894	200088	2	2077	101401	101352
652	88676.5	181128	1981	34	17612	19112	200089	2	1864	100402	101689
653	115560	148219	2669	17	16892	18392	200089	3	2558	100178	100798	100484
654	162527	192153	2644	65	17008	18508	200089	3	2408	101195	101556	101194
655	68761.3	189510	2388	37	17211	18711	200089	2	2250	101051	101759
656	138739	193814	2145	33	17446	18946	200089	6	2025	101551	100951	100532	100546	100491	100089
657	153846	28313.9	2654	53	24475	26275	200090	3	2504	100973	100090	100283
658	183536	67911.8	2476	58	24663	26463	200090	3	2274	101431	100146	101749
659	196995	72942.3	2310	58	24829	26629	200090	4	2150	101465	100801	100986	100726
660	190572	64335.1	2472	66	24682	26482	200090	6	2292	101518	100412	100231	100349	100628	100616
661	163849	39035.7	2308	57	24829	26629	200090	4	2145	101205	100654	100645	101201
662	170913	3979.35	2672	46	24444	26244	200090	6	2501	100105	100927	100549	101080	101653	101362
663	181980	44090.4	1700	60	25443	27243	200090	3	1432	101745	100923	100420
664	209357	42019.7	806	66	26348	28148	200090	1	462	100604
665	27222.3	34181.5	2466	52	20161	20761	200091	3	2193	100846	100802	100890
666	52554.7	51459.9	2302	12	20249	20849	200091	4	2225	101762	100091	101308	101519
667	66814.5	31108.6	2797	52	19830	20430	200091	3	2615	101269	101118	101766
668	4338.27	11569.8	2391	4	20145	20745	200091	2	2331	100823	101773
669	11011.3	172112	2638	18	29525	31325	200092	4	2551	100092	101117	101503	101291
670	69753.4	116065	2231	25	29945	31745	200092	1	2071	101382
671	100539	148985	2485	26	29693	31493	200092	3	2373	100409	100109	101673
672	87668.4	137799	1992	1	30138	31938	200092	1	1941	101588
673	5099.92	132152	2096	28	30086	31886	200092	2	1936	101954	101956
674	43524.5	105864	1590	4	30546	32346	200092	1	1525	100984
675	51266.1	171232	2648	25	29528	31328	200092	4	2551	101672	101509	100925	100333
676	73112.6	162126	1813	22	30357	32157	200092	3	1678	101975	100739	100974
677	23014.8	73938.8	2845	63	35403	36903	200093	4	2665	101890	101158	101535	100838
678	29421.5	161908	2607	10	35541	37041	200093	3	2527	100551	100949	100728
679	83373.6	101873	2225	54	36006	37506	200093	3	2057	100971	101026	100093
680	3903.55	85005.7	2170	59	36071	37571	200093	2	1997	100294	100229
681	13451	131721	1651	6	36489	37989	200093	2	1587	100309	101874
682	57072.4	82371.2	2197	48	36023	37523	200093	3	2053	101778	100709	100697
683	41592.7	159707	2807	66	35447	36947	200093	4	2606	100191	101224	100966	101052
684	2254.36	195211	2392	45	26822	28622	200094	1	2142	101492
685	77408.5	147732	2475	66	26779	28579	200094	3	2289	100110	101995	101969
686	2128.93	191995	2327	54	26904	28704	200094	1	2037	100770
687	13925.9	158235	2163	35	27032	28832	200094	1	1958	100094
688	12046.6	196910	2116	45	27098	28898	200094	1	1866	100674
689	79470.3	164153	2568	44	26644	28444	200094	3	2432	100745	101014	100267
690	7575.9	175738	1823	44	27389	29189	200094	1	1578	101287
691	87102	181085	1828	51	27397	29197	200094	2	1664	100864	100275
692	79875.3	156377	2710	40	26495	28295	200094	2	2542	101560	101941
693	99976.6	144070	2440	5	35998	37198	200095	2	2373	101547	101033
694	27024.6	171975	2069	17	36392	37592	200095	2	1976	101312	101625
695	79517.1	158161	2000	5	36438	37638	200095	1	1930	101822
696	54289.3	188644	2565	65	35987	37187	200095	3	2301	101274	100439	100095
697	26134.8	109684	1655	11	36794	37994	200095	2	1567	100777	101398
698	46111.6	98965.9	1698	62	36848	38048	200095	1	1372	100302
699	67657.1	115898	1760	41	36746	37946	200095	1	1529	101322
700	16560.9	116228	2687	41	35819	37019	200095	5	2555	101364	101139	100976	100584	101830
701	73539.4	96265.1	2407	41	21099	22899	200096	2	2186	101434	100194
702	95071.6	119316	2261	24	21213	23013	200096	1	2106	101405
703	73627.2	128002	1408	63	22140	23940	200096	1	1078	100228
704	71659.9	186935	1958	6	21482	23282	200096	2	1894	100903	101743
705	115178	139826	2162	5	21276	23076	200096	1	2092	101998
706	13607.3	143525	2629	20	20838	22638	200096	3	2502	100805	100582	101539
707	68492.6	172569	2662	49	20860	22660	200096	3	2516	100737	101328	100480
708	27586.1	121328	2789	46	20727	22527	200096	4	2649	100096	101419	100511	101945
709	18860.4	166366	2228	15	21229	23029	200096	2	2124	100239	100599
710	34235.3	115958	2635	32	20854	22654	200096	5	2520	101461	101430	100651	101433	101629
711	93904.8	150605	1984	56	21551	23351	200096	3	1776	101685	100406	100781
712	65298.8	90562.1	2824	56	20711	22511	200096	4	2574	101777	101781	100457	101917
713	146949	80287.3	2488	57	27649	28249	200097	3	2330	101240	101599	100953
714	88837.9	102034	2563	31	27524	28124	200097	2	2421	101295	100961
715	162881	98649	2780	52	27347	27947	200097	4	2629	100794	100868	100129	101675
716	140860	144702	1949	19	28116	28716	200097	2	1839	100176	100280
717	96849.2	123301	2431	33	27660	28260	200097	2	2319	100662	100200
718	121466	65268.3	2518	9	27528	28128	200097	3	2448	100578	101044	101466
719	110580	141093	2476	25	27600	28200	200097	2	2345	101605	101127
720	103610	78160.3	1855	7	28187	28787	200097	3	1789	100754	100722	100097
721	91025.8	133358	2340	40	27765	28365	200097	2	2120	100143	101578
722	36256.2	186810	2232	2	23300	24500	200098	2	2179	101146	100559
723	60841.4	91399.9	2703	58	22936	24136	200098	3	2462	100738	101321	100740
724	122337	150367	2480	42	23128	24328	200098	2	2257	101193	101163
725	39823	116101	2489	41	23117	24317	200098	6	2357	101889	100668	100528	100137	101790	100581
726	52628.7	196359	1991	4	23545	24745	200098	1	1926	100872
727	103599	160526	2558	12	22993	24193	200098	6	2483	100575	100169	101747	101680	100098	100444
728	19097.2	146620	1681	1	23849	25049	200098	1	1630	100342
729	79781.8	119731	2016	30	23570	24770	200098	3	1898	100260	100497	101474
730	93340.2	142885	1577	20	23990	25190	200098	2	1447	101276	100359
731	106761	158126	2746	9	23400	24000	200099	3	2676	101829	101165	100863
732	93211.6	90045.1	2083	5	24055	24655	200099	2	2024	100230	100572
733	110689	73001	2266	53	23963	24563	200099	1	1981	100860
734	144222	148764	2734	4	23402	24002	200099	2	2674	100151	101377
735	162184	101427	2287	45	23927	24527	200099	3	2092	101990	101476	100099
736	75410.9	120644	1845	1	24285	24885	200099	1	1794	100295
737	142018	79539.3	2545	22	23625	24225	200099	4	2454	100596	101964	101173	101317
738	143924	114505	1698	59	24543	25143	200099	3	1403	101698	101126	100635
739	59168.8	44518.7	2821	60	16822	18622	200100	4	2579	100790	100307	100318	101621
740	35947.2	5131.36	2373	63	17275	19075	200100	3	2199	100100	101783	101851
741	8522.78	68499.2	1484	46	18132	19932	200100	2	1347	101741	100355
742	52841.5	27375	2704	50	16920	18720	200100	3	2548	100199	101688	101027
743	43497.2	30462.3	2040	64	17610	19410	200100	3	1775	100975	101731	100620
744	41570.9	36006.5	1502	49	18120	19920	200100	2	1242	101726	100649
745	12346.2	64442.3	1954	66	17700	19500	200100	5	1753	100334	101467	100665	100209	100269
DIMENSION: 746
SOLVETIME: 438.64
DEPOT_SECTION
1
-1
EOF
