SCHOOLNODENUMBER: 6
SCHNODE_COORD_SECTION
200001	37557	174089	710	735	25
200002	3448.08	113674	810	820	10
200003	946.31	124524	945	1000	15
200004	686.64	118442	810	830	20
200005	7373.95	120747	545	605	20
200006	221.38	118974	1030	1045	15
MAX_RIDING_TIME: 2700
EDGE_WEIGHT_FORMAT: FUNCTION
EDGE_WEIGHT_TYPE: MAN_2D
NODE_COORD_TYPE: TWOD_COORDS
NODE_COORD_SECTION
0	105600	105600	0	0	0	0	0	0	0
1	90639.4	167537	2372	61	23572	25072	200001	2	2056	100161	100032
2	82167.7	160268	2520	65	23432	24932	200001	5	2214	100123	100226	100199	100009	100188
3	49944.6	129597	2613	54	23318	24818	200001	6	2458	100025	100230	100200	100105	100007	100229
4	83494.3	189946	2441	52	23486	24986	200001	4	2288	100213	100216	100099	100189
5	87874.6	161804	2550	59	23391	24891	200001	5	2341	100077	100140	100088	100218	100046
6	93620.1	172222	2734	15	23123	24623	200001	6	2653	100240	100094	100087	100031	100117	100172
7	57707	131920	2652	41	23254	24754	200001	5	2525	100075	100018	100207	100057	100210
8	51894.9	132229	2306	64	23644	25144	200001	3	2135	100126	100056	100084
9	80991.3	154759	2584	61	23360	24860	200001	3	2354	100064	100044	100036
10	63762	139981	2540	66	23414	24914	200001	5	2362	100157	100181	100158	100241	100134
11	70216.6	160958	1934	64	24016	25516	200001	3	1693	100235	100029	100142
12	59765	140890	2387	66	23567	25067	200001	4	2178	100133	100062	100163	100209
13	73392.8	147004	2611	58	23328	24828	200001	6	2375	100178	100109	100022	100020	100034	100086
14	27171.6	143457	2651	48	23269	24769	200001	3	2507	100106	100150	100001
15	76042.9	150244	2540	56	23395	24895	200001	4	2293	100066	100130	100048	100219
16	73262.4	196126	2393	6	23447	24947	200001	2	2324	100135	100147
17	11213.2	203200	2613	51	23312	24812	200001	4	2462	100221	100114	100016	100053
18	34874.1	84607.8	2406	66	27148	27748	200002	1	2062	100058
19	17194	73677.7	2785	42	26723	27323	200002	3	2648	100223	100072	100079
20	52211.6	104268	2704	60	26839	27439	200002	4	2535	100187	100164	100040	100119
21	57946	106104	2702	61	26842	27442	200002	3	2532	100071	100065	100033
22	23711	76898.5	2288	66	27266	27866	200002	1	1944	100214
23	60036.3	111268	2451	65	27101	27701	200002	3	2267	100010	100041	100211
24	18909.6	151836	1978	23	27494	28094	200002	1	1828	100002
25	36076.8	86571.5	2731	35	26764	27364	200002	4	2607	100063	100129	100024	100198
26	59513.7	106605	2578	58	26961	27561	200002	5	2415	100108	100138	100141	100151	100169
27	34729.2	91388.4	2678	66	26876	27476	200002	5	2503	100249	100132	100127	100078	100239
28	27218.5	106342	1404	66	28150	28750	200002	1	1060	100103
29	58267.8	112807	2662	66	26892	27492	200002	4	2484	100067	100165	100234	100195
30	32105.8	151687	2368	66	32886	33786	200003	3	2047	100039	100050	100177
31	14096.8	168687	2662	61	32582	33482	200003	3	2481	100023	100176	100168
32	59408.7	125040	2769	62	32477	33377	200003	3	2599	100074	100101	100070
33	42110	146358	2481	52	32746	33646	200003	4	2213	100247	100208	100244	100225
34	39581.6	133583	2565	65	32687	33587	200003	4	2381	100203	100054	100068	100236
35	38212.9	148104	2799	62	32447	33347	200003	4	2621	100231	100003	100073	100191
36	54869.6	127378	2279	66	32975	33875	200003	1	1935	100160
37	55230.3	130954	2597	40	32608	33508	200003	6	2466	100026	100186	100120	100015	100076	100159
38	22255.2	164586	2238	18	32925	33825	200003	2	2128	100250	100206
39	50534.9	109946	2325	56	27210	28410	200004	3	2054	100202	100144	100136
40	47928.8	113409	2144	52	27383	28583	200004	3	1988	100059	100185	100124
41	41978.3	100166	2647	63	26901	28101	200004	5	2470	100019	100085	100080	100237	100052
42	24200	145275	1970	46	27546	28746	200004	1	1716	100004
43	17724.9	81242.1	2749	63	26799	27999	200004	4	2575	100118	100162	100196	100171
44	26454.8	91114.9	2312	65	27240	28440	200004	3	2134	100155	100095	100115
45	57062.2	115495	2502	57	27035	28235	200004	4	2300	100173	100233	100098	100190
46	28225.9	86959.9	2824	55	18009	19209	200005	5	2563	100139	100069	100107	100089	100174
47	38941.7	136512	2609	66	18245	19445	200005	5	2423	100011	100180	100014	100217	100184
48	10945.9	161358	2081	66	18773	19973	200005	3	1817	100047	100081	100092
49	30520.1	81263.1	2638	65	18214	19414	200005	6	2462	100182	100110	100030	100154	100242	100197
50	51532.9	105518	2368	66	18486	19686	200005	1	2024	100248
51	59215.6	113595	2332	53	18497	19697	200005	3	2106	100224	100055	100128
52	57692.5	129460	2757	57	18080	19280	200005	8	2594	100111	100193	100038	100090	100028	100060	100194	100232
53	33628.9	148102	2808	65	18044	19244	200005	4	2559	100042	100183	100104	100131
54	38122.4	140713	2824	66	18030	19230	200005	4	2631	100137	100246	100204	100243
55	39457	90057.9	2460	52	18367	19567	200005	3	2226	100125	100093	100201
56	61338.8	127651	2727	60	18116	19316	200005	7	2524	100222	100013	100100	100245	100021	100083	100146
57	56839.3	109129	2557	64	18293	19493	200005	4	2318	100113	100167	100049	100112
58	39831.7	146242	2488	66	18366	19566	200005	3	2162	100149	100005	100148
59	39169.9	92848.8	2392	61	18452	19652	200005	3	2092	100215	100170	100212
60	55624.3	107054	2595	63	18253	19453	200005	5	2418	100153	100012	100238	100192	100037
61	64866.4	122155	2640	61	18204	19404	200005	6	2475	100091	100017	100027	100228	100166	100179
62	44110	100260	2468	64	18382	19582	200005	4	2219	100045	100051	100008	100205
63	35545.8	120283	1320	66	19534	20734	200005	1	976	100097
64	57823.7	120227	2764	65	35188	36088	200006	5	2588	100145	100116	100220	100122	100006
65	21994	131695	1474	56	36461	37361	200006	1	1175	100143
66	6736.5	157725	1973	65	35979	36879	200006	3	1761	100227	100061	100035
67	52336.6	118249	2165	58	35774	36674	200006	4	1914	100043	100102	100121	100082
68	21461.9	142852	1755	34	36138	37038	200006	2	1558	100175	100096
69	444.24	94157.6	1656	58	36283	37183	200006	2	1496	100152	100156
DIMENSION: 70
SOLVETIME: 33.072
DEPOT_SECTION
1
-1
EOF
