SCHOOLNODENUMBER: 50
SCHNODE_COORD_SECTION
200001	62247.6	43513.3	600	610	10
200002	94682.3	120627	950	1010	20
200003	186161	86895.2	720	730	10
200004	153587	2275.13	945	1005	20
200005	89745.7	125130	650	720	30
200006	154931	41281.6	510	540	30
200007	47435.5	16935.7	505	525	20
200008	149218	43138.6	1015	1040	25
200009	113274	25668.5	500	520	20
200010	94242.8	105501	505	515	10
200011	35230.5	160016	725	740	15
200012	63378.7	49644.8	810	835	25
200013	113743	183607	750	810	20
200014	185239	86138.8	610	625	15
200015	53751.2	120769	905	930	25
200016	96382.8	104977	740	800	20
200017	152715	128618	715	740	25
200018	36938.4	159467	735	755	20
200019	96671.2	116230	510	525	15
200020	156518	8725.3	600	630	30
200021	142993	6573.21	1025	1040	15
200022	138304	4802.18	1005	1035	30
200023	49742.2	126908	545	615	30
200024	93017.8	98187.1	905	915	10
200025	115596	175546	600	625	25
200026	115351	17345.3	505	520	15
200027	109984	179256	815	825	10
200028	37991	159238	535	600	25
200029	106995	179130	530	555	25
200030	54998	120221	510	525	15
200031	55957.9	43810.1	620	630	10
200032	156846	1795.82	810	840	30
200033	63238.1	47091.4	720	740	20
200034	144952	124160	1010	1030	20
200035	147941	118692	535	600	25
200036	59505.1	41900.6	1015	1045	30
200037	93695.3	103991	745	800	15
200038	145982	3498.82	830	845	15
200039	106352	178179	845	915	30
200040	59200.8	54585.9	1040	1050	10
200041	52153.8	129973	930	1000	30
200042	150226	1838.7	620	650	30
200043	113388	21107.7	910	940	30
200044	160352	45643.9	620	650	30
200045	139802	3166.86	955	1020	25
200046	58569.2	50910.5	455	510	15
200047	48965.8	126695	800	815	15
200048	49264.7	124572	620	635	15
200049	95940.8	124690	520	530	10
200050	159095	38182.8	800	825	25
MAX_RIDING_TIME: 2700
EDGE_WEIGHT_FORMAT: FUNCTION
EDGE_WEIGHT_TYPE: MAN_2D
NODE_COORD_TYPE: TWOD_COORDS
NODE_COORD_SECTION
0	105600	105600	0	0	0	0	0	0	0
1	12725.3	44717.7	2013	25	19663	20263	200001	2	1856	101187	100070
2	90652.9	54817.8	2455	50	19269	19869	200001	5	2237	100908	100926	100001	101079	101897
3	95233.7	69765.8	2219	26	19459	20059	200001	3	2107	101639	100331	100989
4	32026.2	75295.1	2584	62	19162	19762	200001	4	2367	101243	100267	100291	101770
5	87119.1	72820.8	2281	46	19435	20035	200001	3	2074	101479	100166	100786
6	7879.45	34673.9	2635	45	19079	19679	200001	2	2432	100593	101930
7	23927.4	42727.2	2850	64	18900	19500	200001	4	2533	101543	101002	100808	100825
8	59436.5	873.24	2066	33	19625	20225	200001	4	1954	100847	101685	100319	101170
9	119435	48748.1	2256	18	19407	20007	200001	1	2128	101493
10	18674.7	45934.4	1907	56	19828	20428	200001	2	1613	101979	101723
11	100387	22545.8	2726	8	18918	19518	200001	3	2653	101946	100800	101535
12	114647	143437	2343	37	33156	34356	200002	5	2223	101907	101253	101042	101158	101500
13	150284	123628	2779	49	32743	33943	200002	3	2636	100600	100723	100252
14	85625.9	119118	664	57	34873	36073	200002	1	360	101811
15	105145	78491.5	2658	17	32803	34003	200002	3	2552	100002	100916	100534
16	51044	116218	2829	62	32717	33917	200002	4	2662	100624	101262	100718	101978
17	116948	102133	2013	36	33484	34684	200002	4	1861	100662	101347	101177	100372
18	80485.2	158308	2722	64	32828	34028	200002	3	2465	101779	101414	101402
19	56124.6	100782	2212	29	33272	34472	200002	2	2086	101578	101219
20	116715	160914	2744	32	32745	33945	200002	5	2629	100957	101232	100525	101490	101715
21	129733	105968	1993	56	33542	34742	200002	1	1694	101699
22	52505	137026	2594	60	32949	34149	200002	9	2427	100742	101562	101447	100496	100457	101155	101663	101772	100150
23	190365	145144	2645	9	23801	24401	200003	3	2570	100621	100236	101880
24	133211	96495.9	2817	55	23716	24316	200003	4	2652	100337	101884	100148	101708
25	164368	52284.2	2752	64	23798	24398	200003	6	2573	101600	101147	100125	100854	101945	100506
26	154222	70883.7	2740	58	23799	24399	200003	5	2543	101252	100178	101195	100340	101134
27	187721	133054	2610	56	23925	24525	200003	3	2430	100686	101432	100051
28	199730	46923.8	2396	62	24150	24750	200003	5	2195	101085	101664	100160	100588	100198
29	172799	46987.5	2610	36	23887	24487	200003	4	2489	100758	101751	100089	100749
30	174135	123839	1925	34	24568	25168	200003	4	1800	101737	100652	101183	101458
31	203657	112492	2524	43	23986	24586	200003	6	2393	100596	101973	100192	100691	100969	100425
32	147358	110533	2517	60	24026	24626	200003	5	2319	100301	101942	100817	101426	101755
33	138768	74279.5	2143	7	24299	24899	200003	2	2069	100769	101794
34	210131	83914.5	2511	66	24043	24643	200003	6	2328	100439	100003	101525	101640	101856	100590
35	189808	107562	1967	52	24560	25160	200003	2	1816	100193	100630
36	188991	29755.1	2642	62	32604	33804	200004	6	2418	100709	100087	101093	100351	101169	101189
37	124593	34062.8	2734	61	32510	33710	200004	7	2569	101319	100295	100366	100206	101075	100230	100004
38	170161	45661.3	2832	59	32409	33609	200004	5	2667	101130	100309	100182	101410	101181
39	200892	13968.2	2759	57	32478	33678	200004	7	2596	100585	100349	101188	101031	101958	101628	101244
40	147676	51940.9	2238	66	33016	34216	200004	1	1894	100312
41	145048	54707.4	2608	19	32557	33757	200004	3	2511	101233	101782	101718
42	109425	8935.65	1847	15	33310	34510	200004	1	1732	101726
43	152442	59603.6	2716	66	32538	33738	200004	3	2520	101526	100507	101721
44	144794	23188.1	2563	43	32647	33847	200004	5	2427	101041	100793	101337	100772	100753
45	115941	88674.8	2413	10	22235	24035	200005	2	2333	101789	100815
46	37188.2	129367	2294	57	22443	24243	200005	4	2034	100521	100486	100005	100900
47	103105	79178.3	2266	21	22402	24202	200005	2	2174	100216	100404
48	107363	149072	2577	5	22061	23861	200005	2	2513	100719	100201
49	38977.7	115354	2359	55	22374	24174	200005	1	2064	100666
50	68928.8	93732.5	2646	34	22047	23847	200005	4	2469	100577	101716	100697	100765
51	123480	146471	2019	17	22642	24442	200005	2	1906	101584	101202
52	56398.8	106283	1934	12	22717	24517	200005	4	1857	100078	101218	101585	101109
53	80576.9	168015	1875	8	22769	24569	200005	2	1805	101530	100887
54	121801	116897	2538	46	22178	23978	200005	2	2398	101488	101894
55	71275.9	144366	2719	66	22035	23835	200005	6	2541	101381	100547	100118	101860	100556	100894
56	107695	56213.7	2459	65	16293	18093	200006	1	2119	101112
57	99084.4	36638.3	2425	28	16257	18057	200006	4	2319	100523	101933	101762	100921
58	146482	82367.9	2774	55	15959	17759	200006	4	2612	101574	101741	101964	100302
59	115190	62494.9	2362	41	16344	18144	200006	4	2178	101662	101994	101280	101277
60	123083	29498.2	2136	64	16614	18414	200006	2	1811	100594	100757
61	207256	45862.7	2700	10	15948	17748	200006	4	2628	101122	101396	101290	101693
62	173657	61599.5	2290	65	16462	18262	200006	4	2060	100946	101830	102000	100006
63	136965	84468.9	2754	27	15926	17726	200006	5	2653	100057	101362	100341	100420	100403
64	184286	49573.6	2757	57	15980	17780	200006	2	2594	101391	101735
65	193415	52634.1	2745	63	16003	17803	200006	4	2552	101739	101286	100272	100214
66	187209	69521.6	2494	65	16258	18058	200006	4	2199	100707	100954	101478	101102
67	138532	22343.9	2817	57	15920	17720	200006	3	2656	101383	101442	100766
68	143328	15146.2	2642	34	16051	17851	200006	4	2499	101010	101171	100701	100627
69	148658	62487.7	1280	66	17474	19274	200006	1	936	100066
70	42047.7	68343.7	2805	55	15628	16828	200007	3	2534	100453	101644	101074
71	107805	17140.8	2597	4	15739	16939	200007	2	2540	100135	101320
72	9982.84	23835.3	2672	33	15719	16919	200007	6	2534	101991	100468	101936	101767	100860	101678
73	85707.5	2701.45	2211	39	16192	17392	200007	4	2076	100095	100863	101088	100007
74	20365.8	53162.1	2475	56	15960	17160	200007	2	2189	101566	100539
75	34126.9	615.51	2791	49	15631	16831	200007	2	2645	100162	100375
76	10899.7	33593.7	2691	12	15660	16860	200007	4	2616	100756	100106	101107	100850
77	50739.9	76434.5	2710	54	15721	16921	200007	4	2527	100289	101220	100790	100381
78	45895.3	2407.12	891	66	17563	18763	200007	1	547	101051
79	182776	24231.8	2828	53	34201	35701	200008	7	2673	101173	101774	101323	101448	100096	101254	100890
80	203295	38693.9	2668	49	34354	35854	200008	5	2481	101879	101128	101258	101508	101096
81	203660	50996.6	2520	60	34523	36023	200008	4	2348	100501	100955	101616	101146
82	184115	69723.6	2690	32	34299	35799	200008	5	2580	100623	101641	101900	101047	100736
83	145899	93761.6	2266	47	34752	36252	200008	4	2127	101151	100215	101775	101559
84	156778	7215.87	2621	66	34433	35933	200008	4	2441	100072	100008	100263	101796
85	161118	91601	2287	33	34704	36204	200008	2	2120	101877	100734
86	175365	7448.24	2641	65	34411	35911	200008	5	2463	101719	100246	101054	100681	101950
87	125841	22428	2736	40	34269	35769	200008	6	2605	101022	101421	101536	101502	100443	100919
88	164990	84971.9	2618	60	34425	35925	200008	3	2443	101335	100861	100474
89	114240	63256.4	2002	9	34944	36444	200008	3	1924	101035	101920	100067
90	117182	38729.8	2768	61	34276	35776	200008	4	2595	100449	101745	101949	101279
91	189531	26925.5	2762	33	34229	35729	200008	6	2639	101334	101815	100849	101558	100537	100816
92	129831	72877.4	1943	21	35025	36525	200008	3	1817	101114	100137	100622
93	187984	54374.1	2422	60	34621	36121	200008	4	2247	101734	100176	100438	100245
94	154562	47655.8	2676	65	15476	16676	200009	4	2401	101934	100097	100949	101461
95	104902	76172.5	2265	43	15845	17045	200009	2	2035	100306	101485
96	62265.9	36555.9	2722	7	15320	16520	200009	3	2659	100571	101972	101363
97	76464.1	50439	2382	40	15723	16923	200009	4	2245	101110	100149	101923	100906
98	102139	75567.4	2458	29	15626	16826	200009	2	2353	100410	100177
99	132644	5501.61	2630	37	15469	16669	200009	4	2492	101165	100684	100009	101259
100	136430	48603.5	1911	65	16241	17441	200009	1	1571	100426
101	159430	14844.7	2811	51	15314	16514	200009	3	2660	101941	101864	100911
102	106708	50948.1	2385	61	15759	16959	200009	2	2217	100895	101873
103	131766	62541.6	2199	51	15926	17126	200009	3	1936	100956	100386	100973
104	137098	53801.9	2612	50	15512	16712	200009	4	2467	100601	100116	100189	101076
105	134928	4665.18	1784	63	16364	17564	200009	1	1454	101141
106	103572	13730.8	1010	50	17114	18314	200009	1	737	101057
107	118970	69629.6	1901	32	16188	17388	200009	2	1721	101817	100124
108	104185	2465.18	1967	45	16147	17347	200009	4	1827	100265	100172	100219	100371
109	77320.7	92933.9	2565	27	15815	16415	200010	2	2456	101913	101390
110	90154.4	160108	2299	56	16136	16736	200010	1	2000	101614
111	45584.6	115344	2108	11	16241	16841	200010	2	2017	100186	101094
112	126654	117085	2765	65	15687	16287	200010	3	2587	101771	100205	100335
113	99200.6	58608.2	2668	17	15693	16293	200010	6	2586	100516	101059	101341	101710	100359	100802
114	78803.7	132300	2700	52	15727	16327	200010	6	2547	100417	101098	100999	101015	100515	101028
115	113506	134677	2244	47	16174	16774	200010	4	2100	101683	100884	100932	100527
116	136527	110801	2647	53	15782	16382	200010	3	2377	100618	101225	101631
117	83586.7	144151	2002	57	16435	17035	200010	2	1706	101720	100953
118	83972.3	122648	2837	65	15615	16215	200010	3	2612	101206	101268	101492
119	59231.4	77575.4	2783	36	15614	16214	200010	4	2665	100345	100010	101019	101284
120	60878.2	175448	2799	38	24002	24902	200011	4	2633	100293	100664	100986	100196
121	35712.1	111006	1820	19	24945	25845	200011	1	1687	100462
122	94531.3	159278	2803	46	24013	24913	200011	3	2655	101230	100974	101468
123	61830.5	125708	2557	51	24268	25168	200011	5	2403	100083	100676	101752	101588	100373
124	2635.15	189286	2830	65	24022	24922	200011	3	2652	100454	101435	101925
125	64691.8	133426	2667	26	24111	25011	200011	4	2563	100613	100437	100348	101834
126	75938.2	146414	2628	61	24216	25116	200011	5	2452	101968	100493	101883	101083	101702
127	16402.3	136854	2700	22	24070	24970	200011	6	2609	101948	100795	100655	101287	100011	100617
128	13370.4	120853	2450	64	24400	25300	200011	3	2274	101984	100552	101499
129	49891.7	203812	2724	37	24075	24975	200011	5	2593	101518	101348	100112	101118	100276
130	93391.2	17017.4	2493	61	27051	28551	200012	3	2182	101827	100980	101975
131	31252.5	20362.7	2392	14	27063	28563	200012	3	2308	101428	101043	100792
132	31226.1	79574.9	2425	46	27091	28591	200012	4	2280	100327	100538	101760	101310
133	34272.5	28675.9	2723	23	26749	28249	200012	3	2630	101486	101826	100721
134	111994	38404	2376	60	27167	28667	200012	2	2066	101401	101785
135	20554	63689.2	2279	57	27258	28758	200012	3	2110	100760	100012	101027
136	20120.1	46499.1	2612	53	26917	28417	200012	3	2454	101087	100391	100931
137	104753	52932.9	2846	64	26704	28204	200012	3	2672	101283	100108	101801
138	101440	67062.4	2680	43	26830	28330	200012	3	2453	101072	101168	101272
139	66874.9	11704.1	2510	27	26970	28470	200012	4	2404	101210	100543	100642	100249
140	59273.8	95000.7	2349	40	27156	28656	200012	3	2163	101467	100260	101198
141	54013.9	81949.1	2419	29	27065	28565	200012	4	2303	101336	100966	101529	100936
142	80334.1	94491.6	2436	10	27012	28512	200012	3	2359	100569	101154	101730
143	52291.7	181840	2633	3	25601	26801	200013	2	2578	101872	101342
144	168683	176457	2675	61	25669	26869	200013	3	2440	101228	100576	101273
145	117716	207406	2474	39	25829	27029	200013	5	2345	100889	100628	101989	100567	100942
146	73182.1	194351	2208	40	26097	27297	200013	3	2043	101178	100421	100566
147	147159	209769	2375	66	25979	27179	200013	1	2031	101482
148	128532	162298	2442	65	25910	27110	200013	2	2258	101026	100535
149	90668.2	187260	2491	53	25838	27038	200013	3	2333	101928	101766	101466
150	107339	159003	1534	64	26816	28016	200013	3	1355	101908	101684	101818
151	127156	136209	2812	49	25510	26710	200013	4	2658	101174	101321	100279	100463
152	102349	154683	1647	46	26669	27869	200013	2	1398	100751	100685
153	131895	148588	2489	65	25863	27063	200013	3	2316	101977	100976	100111
154	173515	185040	2815	55	25518	26718	200013	4	2645	101788	101620	101261	101951
155	139417	147727	2672	66	25682	26882	200013	3	2492	101878	101092	101821
156	157177	190056	2826	52	25501	26701	200013	5	2678	100994	101549	101602	100013	100841
157	75826.6	161019	2798	41	25508	26708	200013	7	2660	100913	101291	100478	100354	100810	100804	101409
158	179191	133601	2808	57	19529	20429	200014	2	2650	100418	101018
159	200376	39745.4	2563	62	19783	20683	200014	5	2307	101248	100545	101040	101573	101436
160	162124	124784	2491	48	19829	20729	200014	3	2321	101048	100634	100014
161	208825	113265	2106	58	20233	21133	200014	2	1938	101703	100317
162	185031	29628.2	2767	38	19534	20434	200014	2	2640	101869	101943
163	142851	97922.3	1998	19	20267	21167	200014	2	1901	100203	101668
164	141607	69587.7	2807	48	19513	20413	200014	4	2663	100158	101044	100472	101007
165	209800	110019	2145	62	20201	21101	200014	6	1960	101374	100985	101799	101937	100909	100967
166	187023	43052.1	2838	58	19501	20401	200014	5	2667	101100	100733	101463	101962	101939
167	207443	108520	1863	66	20491	21391	200014	1	1519	100121
168	206139	124212	2621	62	19725	20625	200014	3	2376	100250	101176	101810
169	139862	79402.3	2603	15	19654	20554	200014	5	2525	100409	100361	101501	101840	101136
170	189351	142605	2818	60	19525	20425	200014	4	2625	100740	101615	101725	100738
171	208342	55252.2	2599	46	19717	20617	200014	6	2457	100380	101729	100399	100821	101101	100139
172	173398	111512	2675	60	19668	20568	200014	6	2506	101113	101713	100290	101413	100169	100928
173	14166.3	99332.4	2480	66	30374	31874	200015	4	2177	101322	101626	100015	101520
174	37126.6	76192.4	2746	27	30034	31534	200015	4	2621	100231	100299	101579	100307
175	80662.9	155612	2590	66	30264	31764	200015	2	2412	101507	100732
176	105528	130600	2346	40	30459	31959	200015	2	2163	101470	101208
177	33469	159773	2842	61	30002	31502	200015	3	2573	101763	100917	100360
178	13289.7	135873	2738	9	30008	31508	200015	3	2666	100452	100194	101420
179	49657	67769.4	2767	28	30015	31515	200015	6	2653	100981	101627	101006	100101	100687	100789
180	18414	109876	2161	63	30687	32187	200015	2	1948	100704	101839
181	104703	115924	2418	31	30369	31869	200015	2	2299	100835	100631
182	22850.1	152735	2491	63	30357	31857	200015	2	2285	101859	101000
183	90674.7	100553	2500	20	30267	31767	200015	4	2407	101743	100595	100132	101407
184	60947.1	166738	2586	63	30262	31762	200015	5	2417	101020	101311	100554	101918	101998
185	58863.3	125880	2294	48	25426	26626	200016	3	2044	100440	101445	101294
186	61548.7	80948.4	2670	54	25061	26261	200016	3	2429	101833	101356	101837
187	119992	116174	2483	66	25271	26471	200016	2	2297	101548	101912
188	84940.9	58887.4	2781	30	24905	26105	200016	3	2611	100727	101605	100053
189	146570	112038	2664	20	25003	26203	200016	4	2571	101175	100497	101149	100151
190	77641.3	134057	2631	56	25104	26304	200016	4	2470	101419	101528	100609	100016
191	60035.3	129126	2449	64	25301	26501	200016	4	2226	100466	100965	101696	100119
192	65820.4	99670.9	2680	52	25047	26247	200016	3	2529	100164	100728	100597
193	144631	92944.6	2640	62	25106	26306	200016	5	2462	100865	100698	100316	101324	101612
194	90641.2	156452	2006	2	25626	26826	200016	1	1950	101023
195	100812	93420.1	2731	42	24977	26177	200016	2	2594	101082	101906
196	92874.7	134503	1470	66	26284	27484	200016	1	1126	100129
197	109833	150073	2661	19	25004	26204	200016	4	2570	100221	101531	101590	100710
198	141043	77097.7	2712	66	23542	25042	200017	5	2417	101167	100495	100138	101587	101161
199	138364	157850	2325	53	23904	25404	200017	5	2172	100839	100254	100292	100526	100903
200	167921	176009	2568	46	23648	25148	200017	3	2431	101609	101524	101613
201	148688	72206.5	2404	66	23850	25350	200017	1	2060	100647
202	204675	128571	2579	58	23660	25160	200017	4	2414	101491	101732	101608	101553
203	140637	179216	2760	26	23418	24918	200017	4	2650	100674	101653	101784	100161
204	167696	88770.6	2578	44	23634	25134	200017	5	2408	101940	101586	101327	101952	101222
205	190916	108854	2692	60	23551	25051	200017	6	2515	101625	100867	101214	101983	101371	100099
206	193425	142908	2637	56	23598	25098	200017	5	2473	100602	101512	100406	101567	101812
207	181088	153904	2173	66	24081	25581	200017	1	1829	101803
208	172699	114978	1504	65	24748	26248	200017	2	1177	100429	100378
209	193312	124251	2767	36	23430	24930	200017	5	2641	100643	101554	101392	100682	100752
210	194185	119265	2076	66	24178	25678	200017	1	1732	100209
211	139551	158958	1827	66	24427	25927	200017	1	1483	101062
212	145321	77369.3	2832	56	23403	24903	200017	2	2541	100656	100706
213	109620	114943	2216	27	23964	25464	200017	4	2107	101667	101260	100017	100278
214	178102	146547	2563	31	23624	25124	200017	4	2450	100950	100350	101471	101459
215	117612	153084	2598	51	23627	25127	200017	4	2444	100088	100518	101534	101996
216	132894	107865	1758	65	24494	25994	200017	3	1585	101577	101593	101366
217	48845	187018	1695	26	25683	26883	200018	3	1591	101450	101245	100748
218	79729.2	161577	1840	7	25502	26702	200018	2	1772	100484	101546
219	25861.5	202420	2664	46	24752	25952	200018	4	2516	100813	100779	101215	100915
220	10195.2	137607	1928	35	25467	26667	200018	4	1749	101955	101561	101935	101464
221	28996.6	121913	2720	65	24732	25932	200018	3	2542	101623	101256	100018
222	3756.91	187428	2303	30	25083	26283	200018	3	2191	101881	101038	100785
223	78958.6	140692	2276	31	25111	26311	200018	2	2160	100690	100407
224	38231	105878	2617	48	24803	26003	200018	5	2468	101056	101095	100238	101509	100741
225	66371	85035.1	2323	32	16366	17266	200019	3	2153	100637	100536	101216
226	136692	136673	2814	48	15906	16806	200019	2	2558	100334	100408
227	41907	111314	2501	25	16175	17075	200019	2	2388	101552	101275
228	77116.6	155998	2391	11	16258	17158	200019	5	2318	100412	101547	100467	100837	100311
229	104184	151724	2771	35	15924	16824	200019	6	2650	100431	100392	100640	101164	100842	101242
230	145784	117212	2723	32	15966	16866	200019	5	2613	101832	101071	101677	101570	100531
231	134623	135718	2724	64	16026	16926	200019	3	2516	100750	101673	101115
232	60244.8	124039	2641	28	16041	16941	200019	3	2520	100823	100897	100562
233	104106	157675	2694	6	15946	16846	200019	2	2622	100428	101116
234	80720.6	77041.3	2733	31	15954	16854	200019	4	2604	100459	101854	101318	101564
235	126795	93521	2432	38	16269	17169	200019	3	2310	101201	100657	100649
236	100881	97232.8	1376	16	17283	18183	200019	3	1285	101679	101144	100019
237	122703	36905.9	2647	66	19107	20907	200020	4	2461	100163	101152	100870	101638
238	206789	15538.1	2568	40	19137	20937	200020	4	2434	100145	101961	100488	101200
239	165219	56912.5	2404	36	19293	21093	200020	3	2283	100346	101731	101480
240	109972	18060	2318	66	19436	21236	200020	2	2135	100333	101781
241	160655	55658	2085	66	19669	21469	200020	1	1741	100365
242	170120	25475	1984	64	19766	21566	200020	4	1808	101099	100255	100405	101514
243	156013	64632.1	2384	19	19281	21081	200020	3	2264	101029	100514	100871
244	192608	14957.5	2067	62	19679	21479	200020	3	1889	100918	100586	101744
245	116828	28323.3	2280	35	19415	21215	200020	4	2156	101483	100814	101489	100020
246	146275	58872.2	2509	27	19171	20971	200020	3	2356	100856	100347	101769
247	115831	12397.5	2625	64	19125	20925	200020	5	2423	100396	100430	101992	100791	100105
248	132049	56753.6	2531	56	35104	36004	200021	4	2351	100455	100411	100722	101624
249	199319	10518.6	2623	21	34945	35845	200021	3	2500	101477	100131	101990
250	180807	23813.2	2235	65	35417	36317	200021	2	2051	101191	100086
251	93769.2	1472.09	2048	29	35536	36436	200021	2	1875	101212	101406
252	105323	15052.5	1992	66	35662	36562	200021	4	1809	100914	100864	100021	101825
253	165753	34398.2	2524	63	35124	36024	200021	5	2321	101014	100322	101792	100369	100368
254	133870	46748.8	2475	65	35177	36077	200021	4	2297	101345	101777	100533	101484
255	174799	13247.1	2688	61	34956	35856	200021	4	2520	101571	100828	101135	101589
256	115741	30757.9	2021	41	35585	36485	200021	3	1847	100726	100796	100939
257	189866	16289	2672	53	33757	35557	200022	5	2449	101963	100575	101474	100658	101353
258	143403	61429.9	2292	12	34059	35859	200022	3	2212	100924	100829	100938
259	161074	22207	2149	31	34238	36038	200022	4	2038	100529	100770	100022	100321
260	130567	55026.3	2247	38	34154	35954	200022	4	2125	101672	101179	100481	101131
261	105113	17830.5	2038	31	34349	36149	200022	4	1927	101749	101397	101380	100227
262	106227	25801.5	2171	66	34283	36083	200022	2	1881	100357	100673
263	191688	511.75	2403	44	34009	35809	200022	4	2228	101460	101576	101736	100200
264	6542.46	142602	2678	46	18138	19938	200023	3	2530	101129	100202	100491
265	28649	84763.8	2631	61	18213	20013	200023	3	2455	100977	100524	100356
266	106721	121540	2416	50	18408	20208	200023	2	2232	101580	101929
267	92150.9	111300	2378	60	18465	20265	200023	5	2206	100695	101523	100286	101926	101326
268	21802.3	107214	2155	55	18678	20478	200023	3	1998	101069	100975	100069
269	41044.3	76694.1	2298	50	18526	20326	200023	2	2150	101914	100553
270	87073.7	138798	2001	22	18769	20569	200023	5	1905	100098	100729	101669	100735	100988
271	80367.5	157358	2518	11	18231	20031	200023	3	2443	100639	100776	100298
272	20860.2	152903	1981	10	18767	20567	200023	2	1901	100435	101172
273	6495.49	116482	2173	66	18681	20481	200023	1	1829	100638
274	67448.3	91571.7	2120	55	18713	20513	200023	2	1958	101418	100678
275	4108.57	112185	2382	22	18388	20188	200023	3	2252	100517	100023	101556
276	59387.5	163920	2681	14	18074	19874	200023	3	2602	100415	100222	100199
277	22013.2	114701	2085	63	18763	20563	200023	2	1851	101521	100382
278	92596	36124.7	2674	47	30144	30744	200024	4	2527	101850	100482	100071	101213
279	128826	123664	2677	60	30166	30766	200024	3	2497	101148	100573	100925
280	138645	84832.2	2841	63	30007	30607	200024	6	2669	100355	101510	100774	100874	101247	101066
281	93147.5	156203	2711	33	30080	30680	200024	2	2531	100489	100777
282	106441	50507.7	2735	61	30109	30709	200024	3	2554	101569	100217	100257
283	100043	145366	2537	47	30281	30881	200024	3	2390	101814	101454	101909
284	110318	139904	2290	22	30480	31080	200024	4	2196	100062	101055	100806	100082
285	51652.4	109208	2304	21	30464	31064	200024	4	2210	101806	100419	101522	101822
286	109076	94661.5	746	7	31996	32596	200024	1	667	100907
287	64591.2	76754.5	2722	55	30111	30711	200024	3	2513	100024	101496	101021
288	70111.8	137393	2362	36	30435	31035	200024	3	2233	100388	100923	100207
289	73822.9	73214	1831	62	31015	31615	200024	1	1505	100370
290	74907.1	109881	1360	66	31494	32094	200024	1	1016	101012
291	105807	84616.7	1551	45	31263	31863	200024	2	1364	100208	101452
292	128352	113550	2355	65	30497	31097	200024	2	2021	101740	100781
293	142675	158866	1852	66	19902	21402	200025	2	1516	100400	100824
294	84903.1	206955	2763	66	18991	20491	200025	5	2486	101097	100987	100155	101160	101425
295	119647	121803	2750	52	18977	20477	200025	3	2485	100025	101675	100422
296	132330	163129	1405	63	20343	21843	200025	2	1228	101241	101121
297	125987	154740	1541	52	20186	21686	200025	5	1388	100995	101895	100063	100300	101858
298	90644.6	176641	2591	52	19136	20636	200025	6	2401	100471	101298	100958	100580	100822	101793
299	163331	183073	2569	59	19172	20672	200025	5	2365	101944	100546	101852	101373	100113
300	144753	156903	1973	66	19781	21281	200025	1	1629	101307
301	145947	142955	2799	43	18911	20411	200025	4	2657	100485	101257	100287	101607
302	99108.3	142583	2345	63	19403	20903	200025	4	2165	101399	101868	100692	101603
303	142890	184276	2707	64	19043	20543	200025	5	2528	101694	101306	101240	101842	101847
304	167583	165009	2556	40	19149	20649	200025	6	2419	101236	101137	101688	100114	101346	100190
305	58248.1	173130	2291	16	19368	20868	200025	3	2211	100424	101931	101686
306	103121	68076.5	2454	54	15977	16877	200026	2	2247	101537	100879
307	81435.1	9294.61	1689	43	16721	17621	200026	2	1482	101969	100026
308	171886	12048.9	2450	31	15937	16837	200026	3	2339	100056	101891	101237
309	91388.9	46472.3	2059	41	16347	17247	200026	2	1833	101004	100885
310	173007	21384.9	2486	38	15915	16815	200026	3	2281	101976	101166	101064
311	117921	74880.6	2105	2	16227	17127	200026	1	2049	101032
312	81773.4	37736.3	2062	39	16341	17241	200026	1	1839	100927
313	131318	50446.6	2777	59	15664	16564	200026	5	2607	101887	101831	101384	100998	101052
314	98061.4	61363.6	2353	48	16067	16967	200026	1	2090	100581
315	59292.5	15136.5	2628	52	15799	16699	200026	3	2472	101194	101444	100210
316	67163.9	22162	2228	52	16199	17099	200026	2	2075	100280	100154
317	124539	55707.7	2251	45	16163	17063	200026	5	2095	100315	100077	100224	101150	101358
318	127081	5254.33	2652	19	15713	16613	200026	3	2563	100197	101604	101281
319	143724	4596.99	1745	66	16709	17609	200026	1	1401	101896
320	65746.6	163821	2450	47	27368	27968	200027	5	2306	100731	100212	100693	100110	101126
321	147395	188303	2510	64	27340	27940	200027	2	2326	101494	101415
322	143295	156938	2677	61	27167	27767	200027	5	2504	100968	100445	100187	100696	101446
323	90827.2	206554	1878	55	27955	28555	200027	1	1583	100027
324	156406	178927	2649	16	27110	27710	200027	3	2551	101229	100054	101959
325	115966	206986	2431	49	27391	27991	200027	3	2277	100812	100325	101333
326	133680	185689	2143	65	27709	28309	200027	2	1967	100456	101758
327	86606.7	196098	2813	60	27030	27630	200027	4	2605	101355	101405	101267	101843
328	106362	159088	1864	66	27990	28590	200027	3	1678	100195	100668	101798
329	110614	206452	1288	65	28564	29164	200027	1	948	101892
330	130887	138047	2521	52	27306	27906	200027	4	2342	100670	100502	100446	100744
331	127830	151140	2493	65	27359	27959	200027	3	2315	101246	100836	100469
332	93049.6	144753	2778	51	27047	27647	200027	5	2603	101776	100152	100339	100055	100282
333	96767.4	160145	2744	41	17462	18962	200028	4	2536	100385	101802	101263	100383
334	21646	121371	2715	58	17524	19024	200028	2	2443	101875	101917
335	20226.2	121961	2609	21	17559	19059	200028	3	2517	100448	101957	100875
336	74846.7	177531	2720	23	17452	18952	200028	3	2622	100557	101728	101330
337	34095.9	110589	2109	60	18134	19634	200028	1	1791	101649
338	81009	141550	2537	18	17626	19126	200028	5	2442	100242	100028	101103	101885	101591
339	2405.48	172797	2019	66	18235	19735	200028	1	1675	100960
340	47620.8	198589	1762	6	18378	19878	200028	2	1698	101889	100970
341	74394.4	133357	2715	66	17539	19039	200028	4	2540	100677	101441	100720	101947
342	6368.62	135349	2246	64	18004	19504	200028	2	1955	100081	101674
343	7440.9	158681	2595	31	17592	19092	200028	4	2422	101661	100959	101211	101597
344	37510.4	156598	450	66	19804	21304	200028	1	106	101351
345	66664	156298	2652	16	17207	18707	200029	2	2567	101001	101711
346	154305	194818	2470	49	17452	18952	200029	4	2277	100607	101186	100868	101039
347	54921.4	177069	2716	24	17158	18658	200029	2	2618	100857	101919
348	90929.3	134787	2160	8	17684	19184	200029	2	2084	100555	101439
349	141991	155385	2723	55	17210	18710	200029	4	2480	100530	100739	100862	101938
350	60671.8	188690	2267	62	17679	19179	200029	3	2097	100029	100065	101899
351	149448	167456	2752	15	17105	18605	200029	5	2661	101140	101851	100330	100587	100743
352	84096.4	198394	2720	33	17171	18671	200029	6	2600	101829	101515	100872	100876	100724	100635
353	132521	198472	1625	11	18224	19724	200029	1	1529	101084
354	71148.4	190328	2307	59	17634	19134	200029	4	2095	101560	100510	100213	100091
355	125951	173008	1198	66	18756	20256	200029	1	854	100128
356	104167	168765	762	59	19179	20679	200029	1	449	101733
357	32288.5	79608.4	2604	47	16114	17014	200030	3	2356	101871	100952	100689
358	44579.9	87027.7	2328	32	16361	17261	200030	3	2210	101795	100362	101388
359	53887.4	180522	2427	29	16257	17157	200030	3	2267	100671	100074	100811
360	18867.3	132928	2794	63	15954	16854	200030	3	2586	100165	101516	101504
361	63110.1	171215	2652	61	16092	16992	200030	4	2482	101338	101119	100126	101648
362	93685.3	132716	2429	25	16247	17147	200030	5	2324	100912	100886	100343	100845	101108
363	71700.5	161483	2352	65	16400	17300	200030	3	2028	100503	101297	100142
364	74897.3	77404.6	2617	54	16114	17014	200030	4	2462	101568	100433	100157	101816
365	85738.9	142080	2658	51	16067	16967	200030	5	2512	101636	101204	100171	101621	100174
366	41390.6	166428	2746	59	15995	16895	200030	4	2524	100614	101357	101424	101853
367	18856.8	108444	2708	11	15941	16841	200030	3	2633	100904	101865	101036
368	90640.2	105126	2812	50	15912	16812	200030	7	2656	100680	101455	101295	101024	101312	100228	100030
369	52452	161265	2478	59	16263	17163	200030	3	2308	100971	101682	100589
370	88794.2	122220	1564	66	17190	18090	200030	1	1220	100901
371	76251.1	85753.8	2575	26	20303	20903	200031	3	2429	100519	101299	100941
372	30897	10695.3	2669	30	20217	20817	200031	6	2559	101063	101013	100223	101217	100983	101756
373	6770.06	57573.9	2752	23	20120	20720	200031	4	2654	100805	100271	100031	100402
374	113600	44002.5	2126	24	20748	21348	200031	1	1971	101838
375	11866.8	48869.4	2471	9	20375	20975	200031	3	2404	101805	101089	101190
376	64198.7	47866.5	673	46	22243	22843	200031	1	419	100755
377	84177.4	17204.5	2395	45	20519	21119	200031	3	2158	101058	101462	101365
378	38844.1	73596.7	1950	64	21000	21600	200031	2	1696	101695	101274
379	62866.3	3188.99	2789	48	20131	20731	200031	3	2640	100451	100458	101386
380	8064.12	31626	2749	48	20171	20771	200031	5	2597	101360	101681	101339	100283	100945
381	107348	11564	2674	8	26770	28570	200032	4	2609	101980	100788	100963	101513
382	146831	54559.1	2677	32	26812	28612	200032	4	2567	101207	100367	101226	100146
383	127099	26704.5	2128	29	27356	29156	200032	5	2012	100898	101235	100714	100464	100032
384	156643	59993	2420	41	27086	28886	200032	3	2210	101394	100336	101400
385	187709	31808.7	2686	41	26820	28620	200032	6	2551	101053	101797	100498	101199	101981	100892
386	153372	25462.3	2428	52	27099	28899	200032	4	2176	100358	101866	101387	101350
387	169475	37675.6	2701	54	26830	28630	200032	5	2541	101411	101469	101932	100650	101658
388	180847	40687.5	2506	66	27048	28848	200032	2	2323	100801	101080
389	117981	20818.7	2196	31	27291	29091	200032	3	2051	100413	100329	101765
390	40019.1	30222.4	2648	40	23857	25057	200033	5	2519	101185	101819	100838	101369	101565
391	44318.8	89876.2	2556	31	23931	25131	200033	4	2445	101250	100389	100432	100398
392	93310.3	69112.9	2432	50	24092	25292	200033	2	2284	101304	100853
393	89497.5	18258.6	2496	44	24016	25216	200033	3	2355	100304	101060	101999
394	24984.3	26644.2	2667	60	23876	25076	200033	3	2490	100996	101657	101828
395	34104.5	75901	2264	24	24210	25410	200033	3	2158	101317	101361	101011
396	118940	42792.8	2679	23	23793	24993	200033	2	2536	100645	100759
397	94065.3	59015.6	1800	62	24746	25946	200033	2	1490	101138	100565
398	81302.3	15042.9	2773	24	23701	24901	200033	4	2678	101503	100561	100033	100783
399	82521.9	81385.7	2093	6	24347	25547	200033	3	2024	100441	100384	100313
400	42533.5	6511.51	2496	47	24022	25222	200033	4	2276	101813	100461	100703	100522
401	80356.1	38519	1219	66	25335	26535	200033	1	875	100768
402	112159	93675.8	2514	65	34238	35438	200034	2	2325	101888	100991
403	148681	65040.9	2288	22	34382	35582	200034	1	2142	100156
404	182641	105953	2608	57	34129	35329	200034	4	2413	101192	100179	100084	101209
405	185817	143251	2645	59	34096	35296	200034	4	2480	100560	100374	101251	100899
406	146713	64861.9	2389	58	34350	35550	200034	1	2081	100505
407	162663	153672	2803	45	33911	35111	200034	5	2668	100910	100877	101697	101030	100843
408	165412	87943.2	2812	51	33913	35113	200034	4	2603	101325	100659	101068	100961
409	121478	129560	2131	49	34591	35791	200034	3	1915	101921	100470	101498
410	100535	108681	2502	52	34225	35425	200034	3	2265	100705	100648	100605
411	124270	105608	2767	50	33957	35157	200034	3	2622	101475	100414	101453
412	90696.7	121244	2131	26	34547	35747	200034	2	2024	100500	100034
413	178348	102316	2777	62	33969	35169	200034	3	2576	100104	100653	100244
414	139099	87883.5	2721	65	34031	35231	200034	3	2540	101910	100712	101533
415	196318	129308	2744	53	33985	35185	200034	5	2547	100184	101709	100632	100504	100427
416	128011	95755.2	2301	66	34453	35653	200034	3	2123	100979	101408	101905
417	157493	92729.6	1843	66	34911	36111	200034	1	1499	100508
418	143818	185692	2740	54	33991	35191	200034	3	2577	101086	100947	100447
419	141338	176188	2292	56	34443	35643	200034	4	2128	100107	101223	100902	100253
420	175502	147747	2729	63	34019	35219	200034	3	2529	100943	101635	100059
421	157522	170904	2424	57	34313	35513	200034	3	2250	101416	101886	101583
422	148928	172398	2400	56	17835	19335	200035	2	2226	100264	101787
423	162704	71642.4	2788	66	17466	18966	200035	4	2584	101698	101354	101747	100480
424	158014	66140.8	2632	52	17595	19095	200035	5	2434	101724	101331	100855	101367	100787
425	191271	137492	2566	57	17671	19171	200035	4	2330	101078	100694	101305	100310
426	128270	160726	2469	63	17779	19279	200035	3	2154	100880	100937	101997
427	185300	140814	2819	48	17401	18901	200035	2	2574	100442	101249
428	92620.5	122163	2638	42	17570	19070	200035	4	2428	101652	101759	101264	101050
429	192023	104511	2697	65	17555	19055	200035	4	2407	101582	101904	100799	100318
430	179413	100025	2771	34	17422	18922	200035	5	2615	100115	101403	101863	100275	101025
431	119203	140993	1912	24	18262	19762	200035	2	1765	101753	101970
432	110968	106459	2021	62	18225	19725	200035	2	1849	100068	100211
433	165019	125398	2759	44	17453	18953	200035	6	2623	100775	100851	100807	101594	101748	100328
434	129380	101305	2536	51	17689	19189	200035	6	2390	101786	100848	101328	101835	100076	100281
435	204902	123625	2564	22	17606	19106	200035	3	2465	100035	101575	101954
436	112180	33348.6	2334	17	34627	36427	200036	2	2241	100541	100532
437	50344.6	75007.9	2637	56	34398	36198	200036	5	2476	100036	100064	101820	101404	101773
438	58255	84035.6	2489	63	34559	36359	200036	3	2270	101956	100268	101423
439	8199.9	41865.9	2679	18	34284	36084	200036	4	2584	101671	101742	101519	100183
440	86042.3	68182.6	2277	8	34667	36467	200036	3	2204	100262	100827	100716
441	88401.1	20211.4	2171	52	34856	36656	200036	2	1953	100754	100073
442	34782.2	16400	2603	60	34440	36240	200036	4	2439	100296	100559	101377	101632
443	44328.7	86180.5	2836	66	34218	36018	200036	3	2645	100819	101791	100651
444	41190.5	11088.4	2018	66	35036	36836	200036	1	1674	100832
445	34832.5	43478.2	2396	61	34648	36448	200036	3	2223	100905	101091	101660
446	63450.3	6723.47	2434	43	34576	36376	200036	3	2303	101429	100092	101849
447	29873	70340.1	2453	64	34597	36397	200036	3	2274	100229	100395	100558
448	113436	94527.9	1313	60	26730	27630	200037	1	995	100476
449	109091	137603	1996	62	26050	26950	200037	1	1670	100397
450	104321	152572	2565	38	25436	26336	200037	6	2440	100134	101090	100225	100460	100661	101495
451	70947.5	140471	2464	38	25537	26437	200037	5	2290	100598	100256	100797	101296	101651
452	144626	91638.4	2776	33	25215	26115	200037	3	2653	100436	100100	100342
453	90826.2	55484.6	2756	24	25218	26118	200037	3	2661	100771	100037	101481
454	75269	116176	2063	42	25945	26845	200037	2	1934	100261	101124
455	144716	107539	2755	35	25240	26140	200037	4	2631	100711	100984	101417	100675
456	106435	76342.9	2756	62	25290	26190	200037	3	2443	101882	101563	100888
457	137184	119537	2679	21	25289	26189	200037	3	2587	100730	100873	101303
458	130288	89367.5	2090	66	25964	26864	200037	1	1746	100859
459	113147	129486	1710	29	26274	27174	200037	1	1532	100393
460	116104	132801	2335	44	25677	26577	200037	5	2116	101431	101857	100591	101037	100830
461	112752	75756.9	2497	63	25551	26451	200037	2	2203	101265	100332
462	42856.3	106440	2662	43	25348	26248	200037	4	2526	100809	101727	101349	100620
463	134688	84990.2	2673	50	25351	26251	200037	4	2523	100818	101572	101487	100798
464	138251	46339.8	2103	58	28636	29536	200038	2	1943	101449	100492
465	177955	31060.1	2500	17	28161	29061	200038	5	2415	100259	100390	101953	100846	100038
466	167489	43219.8	2278	24	28396	29296	200038	3	2136	100896	101966	100930
467	104265	18223.1	2616	48	28104	29004	200038	3	2475	100204	101278	101282
468	108725	22025.7	2172	22	28498	29398	200038	3	2073	100103	101309	101308
469	181920	17645.8	2814	65	27938	28838	200038	4	2636	101706	100136	100181	100512
470	201776	3612.18	2252	30	28434	29334	200038	2	2140	100297	100667
471	135817	38947.8	1777	31	28910	29810	200038	3	1606	101619	100834	100241
472	144119	63390.7	2291	27	28389	29289	200038	2	2182	100234	101159
473	106856	136926	1587	26	29991	31791	200039	1	1423	101551
474	59426.2	165154	2099	2	29433	31233	200039	1	2043	100548
475	131108	178333	1190	48	30430	32230	200039	2	984	100266	100191
476	138349	154117	2345	48	29275	31075	200039	3	2126	101370	101800	100511
477	152838	165374	2721	59	28920	30720	200039	5	2554	101132	101823	101712	101848	100039
478	136159	198523	2769	42	28839	30639	200039	5	2619	100626	101893	100326	101505	100094
479	71119.8	179784	2512	48	29108	30908	200039	2	2366	100494	101117
480	95608.8	201675	2490	55	29143	30943	200039	4	2289	101542	101592	100683	101618
481	152922	178539	2712	20	28855	30655	200039	3	2624	100344	101034	101412
482	102588	121318	2812	66	28842	30642	200039	4	2629	100563	100866	101656	100528
483	107650	180868	479	66	31175	32975	200039	1	135	101622
484	43024.3	12223.7	2754	60	35789	36389	200040	6	2590	100665	101145	100303	101701	101133	101123
485	69746.7	104186	2354	29	36130	36730	200040	4	2238	101422	100274	100644	100780
486	15049.5	36135.5	2722	40	35783	36383	200040	3	2593	101965	101540	101292
487	33699.1	32810.5	2842	65	35710	36310	200040	3	2560	100544	100672	100978
488	56002.5	502.89	2579	27	35901	36501	200040	3	2465	100840	101617	101385
489	6281.88	47658.7	2568	55	35965	36565	200040	4	2406	101764	101646	101643	101224
490	109989	50620.9	2780	27	35700	36300	200040	5	2671	101506	101557	100040	100061	101707
491	30719.1	79724.3	2090	25	36386	36986	200040	4	1956	101378	101269	101231	100920
492	83523	93033.7	2236	7	36206	36806	200040	2	2168	101443	101045
493	5329.43	62898.8	2818	65	35734	36334	200040	2	2642	101862	101081
494	44350.1	93620.8	1955	12	36496	37096	200040	2	1883	100982	100273
495	49685.8	69216.2	2712	26	31566	33366	200041	3	2556	100394	100625	101193
496	108252	127143	2586	6	31654	33454	200041	3	2522	100170	101430	100479
497	96041.3	115067	2557	21	31711	33511	200041	5	2452	100041	100075	100713	101456	100893
498	12465.4	140892	2209	34	32084	33884	200041	3	2038	101156	100745	100379
499	60199.8	104968	1177	1	33053	34853	200041	1	1126	100761
500	87226	148518	2739	61	31605	33405	200041	4	2574	101550	101316	101465	100844
501	17765.6	114409	2270	42	32038	33838	200041	3	2138	101005	101104	100929
502	44497.8	155567	2716	49	31606	33406	200041	4	2568	100141	100109	100270	100633
503	82638.5	150881	2114	58	32225	34025	200041	4	1865	100173	100499	100058	100127
504	19578.5	143746	2734	61	31610	33410	200041	2	2561	100858	101375
505	61213.1	171125	1835	17	32426	34226	200041	1	1711	100869
506	44463.8	79665.2	2705	55	31628	33428	200041	4	2457	100715	100133	101393	100235
507	169150	44430.7	2459	62	20487	22287	200042	3	2289	100540	101844	101754
508	143210	53538.8	2362	53	20567	22367	200042	3	2149	101855	101067	100042
509	172957	29570.9	2634	32	20255	22055	200042	4	2459	100237	101120	100387	101511
510	162052	51129.7	2585	56	20350	22150	200042	2	2413	101329	100962
511	182343	14831.4	2443	44	20469	22269	200042	4	2307	101238	100314	100269	101995
512	114281	22361.1	2734	51	20191	21991	200042	4	2575	100615	101986	100992	100093
513	60544.9	13456.3	2163	8	30881	32681	200043	2	2087	100338	100323
514	122005	66550.2	2279	42	30829	32629	200043	3	2147	101659	101700	100487
515	64380.5	34859.4	2782	53	30347	32147	200043	3	2580	100549	101746	100308
516	156051	3569.35	2381	8	30663	32463	200043	3	2308	101960	100320	100700
517	136956	55856.5	2706	26	30372	32172	200043	2	2607	100679	101544
518	101388	47577	2807	53	30322	32122	200043	3	2646	100708	101009	100288
519	76312.4	3954.48	2204	48	30916	32716	200043	4	1980	100717	100833	100574	101049
520	125374	50517.1	2431	32	30658	32458	200043	5	2316	100085	100951	100794	101532	100043
521	162967	15550.9	2656	49	30466	32266	200043	4	2502	100582	101993	101845	101691
522	158881	38141.6	2465	49	30657	32457	200043	3	2319	100831	101157	100944
523	187015	80314.5	2827	56	20108	21908	200044	7	2655	101824	100725	100226	100773	101654	100948	101722
524	195558	30837.3	2824	58	20115	21915	200044	4	2635	100579	101867	100324	100767
525	148420	86370.8	2024	18	20839	22639	200044	5	1932	100619	101599	100102	100883	101807
526	210213	46029.9	2757	62	20189	21989	200044	3	2577	101065	101332	101922
527	180890	13832.6	2151	45	20763	22563	200044	3	2005	101633	101637	100646
528	133058	74257.8	2440	34	20453	22253	200044	5	2315	101903	101255	100120	100423	100599
529	201759	31626.7	2771	59	20170	21970	200044	3	2588	101300	100803	100143
530	175472	9163.86	2730	60	20213	22013	200044	5	2490	100185	101143	100611	101611	100654
531	152073	97488.5	2345	47	20573	22373	200044	3	2099	101364	101061	100612
532	112452	46708.8	1869	34	21024	22824	200044	1	1669	101870
533	190943	65757.4	2758	41	20148	21948	200044	8	2605	101692	100513	101714	100784	101077	101197	100520	101517
534	142312	35824.7	1248	56	21687	23487	200044	1	949	101379
535	191047	69880	2254	66	20700	22500	200044	3	2068	101314	101988	101301
536	187004	62507.6	1827	66	21127	22927	200044	1	1483	101017
537	137394	19841.4	2244	65	20708	22508	200044	3	1917	101437	101196	100044
538	166409	32078.2	2810	63	33038	34538	200045	4	2638	101127	101205	101184	101911
539	181375	9291.78	2711	56	33124	34624	200045	4	2544	101315	101203	101372	101890
540	135955	56493	2682	10	33066	34566	200045	3	2605	101271	100434	101003
541	101217	15884.4	2521	31	33266	34766	200045	6	2413	100239	101841	100592	100352	100188	101288
542	138394	50721.6	2680	65	33172	34672	200045	6	2507	101376	100782	100045	100079	101705	100117
543	189235	16800.2	2512	66	33342	34842	200045	2	2337	101809	100140
544	151984	52293.8	2698	38	33103	34603	200045	4	2571	100465	100570	101982	101670
545	32927.4	64055.4	2778	40	15027	15927	200046	2	2644	100305	100764
546	80920.6	90223.5	2750	45	15064	15964	200046	2	2547	101596	100564
547	74902.8	94627.2	2144	7	15598	16498	200046	2	2078	101073	101629
548	115878	47026.5	2365	38	15436	16336	200046	2	2149	100964	100934
549	108880	57852.9	2719	60	15124	16024	200046	4	2513	101778	100737	100660	101234
550	100446	35585.3	2484	60	15359	16259	200046	2	2309	100475	101389
551	36097.3	80880.5	2188	66	15666	16566	200046	4	1961	101398	101162	101289	101924
552	51646.5	9788.04	2280	11	15469	16369	200046	4	2207	101451	100046	101106	100922
553	18123.5	45005.2	2172	46	15644	16544	200046	2	1975	100583	100762
554	90324	81185	2278	22	15492	16392	200046	2	2140	101433	100416
555	74877	9639.38	2133	19	15632	16532	200046	3	2044	100509	101610	101266
556	5958.84	61450.8	2817	64	15033	15933	200046	3	2526	101473	100060	100550
557	90022.7	120100	2061	64	26889	27789	200047	4	1768	100047	101538	101901	100990
558	46576.1	69049.5	2636	60	26307	27207	200047	3	2370	101438	100284	100604
559	104151	118878	2551	65	26401	27301	200047	3	2352	100483	100277	100610
560	72402.6	152256	2732	7	26110	27010	200047	3	2669	101163	101876	100490
561	78974.2	96384.4	2722	66	26232	27132	200047	4	2544	100168	101016	101352	101783
562	90025	109437	2198	22	26672	27572	200047	4	2107	100578	100232	101666	100353
563	8893.38	125533	2433	34	26460	27360	200047	3	2314	100641	101046	100747
564	36049.4	143640	2399	23	26473	27373	200047	3	2280	100220	100144	101601
565	13179.9	108844	1930	8	26914	27814	200047	2	1860	101915	101971
566	2731.2	125410	1963	66	26991	27891	200047	1	1619	101927
567	37971.5	167431	2051	28	26831	27731	200047	4	1943	101344	101581	101836	100052
568	92084.2	125665	2817	58	26122	27022	200047	5	2613	101846	100993	101804	100247	101359
569	41042.7	133249	837	66	28117	29017	200047	1	493	100881
570	84394.9	151577	2705	66	20249	21149	200048	6	2519	101987	101497	100130	100048	101595	101153
571	33475.3	151528	2496	27	20384	21284	200048	4	2384	100882	100258	100376	100820
572	70289.9	155233	2190	16	20669	21569	200048	4	2099	101642	101861	101472	101457
573	17766.7	95177.9	2352	43	20558	21458	200048	3	2153	101750	101790	101434
574	667.14	137465	2440	66	20514	21414	200048	1	2096	100935
575	39160.9	72596	2388	46	20528	21428	200048	2	2147	101689	100608
576	82865.2	104972	2738	43	20172	21072	200048	2	2602	101476	100972
577	44644.5	159629	2791	34	20102	21002	200048	2	2617	100940	101368
578	93866.9	111443	2109	17	20752	21652	200048	2	2022	101285	100248
579	51316	185039	2454	24	20420	21320	200048	3	2354	100364	100852	101634
580	57265.8	87463.8	2617	57	20320	21220	200048	3	2407	101555	100616	101704
581	25721.5	85319.2	2390	37	20509	21409	200048	3	2265	101527	100159	101539
582	90603.5	108447	2280	57	20657	21557	200048	2	2062	100933	101967
583	6725.17	127119	2266	64	20684	21584	200048	2	1934	101142	101033
584	25914.2	135133	2619	13	20234	21134	200048	3	2529	101761	100699	100663
585	68131.9	127103	1073	66	21881	22781	200048	1	729	101902
586	142335	118444	2502	13	16751	17351	200049	2	2402	100878	100763
587	61251.3	141630	2755	62	16591	17191	200049	3	2583	100572	101680	100123
588	115595	103737	2723	59	16618	17218	200049	2	2522	100167	100147
589	80192.6	100961	2666	46	16650	17250	200049	3	2526	100629	101647	100450
590	85640.1	147128	2330	21	16938	17538	200049	3	2236	101382	100240	100294
591	100097	96508.9	1410	54	17921	18521	200049	2	1128	100603	101665
592	73288	110103	2298	66	17056	17656	200049	3	2058	101916	101293	100477
593	134117	135552	2624	58	16715	17315	200049	2	2375	101125	101768
594	105060	89757.9	2407	36	16890	17490	200049	3	2211	101606	100568	100891
595	120697	107038	2621	37	16678	17278	200049	5	2490	101738	101111	100090	101227	101757
596	117877	155030	2072	50	17252	17852	200049	2	1810	100444	100551
597	47594.6	116199	2623	58	16716	17316	200049	4	2338	101395	101276	100636	100049
598	101623	156616	2188	55	17145	17745	200049	2	2034	100233	100180
599	104264	45792.9	2474	52	26453	27953	200050	2	2250	101180	101541
600	112698	37341.6	2271	46	26645	28145	200050	2	2035	101221	101440
601	155919	76056.3	1838	43	27072	28572	200050	2	1608	100285	101070
602	204387	21614	2736	60	26207	27707	200050	4	2468	100606	101630	100377	100153
603	178691	78956.9	2549	60	26394	27894	200050	5	2322	100243	101898	101105	101182	100122
604	182353	62264.8	2639	63	26309	27809	200050	5	2462	101270	100688	100997	100363	101302
605	117948	19750.8	2512	64	26438	27938	200050	3	2328	100251	101139	101687
606	160791	91509.4	2510	64	26440	27940	200050	3	2336	101780	101717	100175
607	141955	12072.6	2816	65	26136	27636	200050	6	2630	101655	101690	101645	100778	100080	101974
608	160462	93710.3	2293	64	26657	28157	200050	2	1968	100401	101598
609	167945	31105.5	2726	64	26224	27724	200050	4	2547	101427	100542	100826	101239
610	143349	9394.81	1870	64	27080	28580	200050	2	1538	101874	100050
611	139615	68632.8	2218	64	26732	28232	200050	3	1906	101340	101343	101650
612	192209	49415.4	2369	27	26511	28011	200050	3	2263	101313	101985	100746
613	126743	63921	2360	66	26594	28094	200050	3	2042	101676	101545	100669
614	195584	13529.9	2765	29	26119	27619	200050	6	2660	101808	100584	100702	100473	101008	100218
DIMENSION: 615
SOLVETIME: 222.839
DEPOT_SECTION
1
-1
EOF
