SCHOOLNODENUMBER: 50
SCHNODE_COORD_SECTION
200001	164191	101179	700	710	10
200002	112541	179561	535	550	15
200003	162971	99458.5	835	905	30
200004	40702.1	167757	540	550	10
200005	53534.9	209294	820	840	20
200006	135043	113855	920	945	25
200007	17037.5	106713	715	740	25
200008	156477	73717.3	545	555	10
200009	113924	106750	835	850	15
200010	162951	105783	1045	1100	15
200011	102398	5724.47	820	845	25
200012	169724	100313	605	625	20
200013	201447	21192.9	1020	1035	15
200014	120506	198346	450	520	30
200015	41282.2	170181	955	1020	25
200016	127277	107383	600	625	25
200017	126742	113004	625	650	25
200018	108448	111795	715	740	25
200019	118360	184011	825	855	30
200020	115759	187352	500	525	25
200021	103192	13615.8	815	825	10
200022	116059	209040	700	725	25
200023	95622.7	197552	850	905	15
200024	14439.7	102003	805	825	20
200025	97812.3	196055	540	555	15
200026	98519	195466	625	655	30
200027	102528	1071.64	510	540	30
200028	164233	104762	835	855	20
200029	124035	108587	645	655	10
200030	39743.5	163309	735	750	15
200031	99714.8	186291	1025	1045	20
200032	113232	109621	905	930	25
200033	121218	203142	720	750	30
200034	109949	3841.31	505	530	25
200035	42048.7	161220	620	630	10
200036	98715.9	132797	505	525	20
200037	18067.9	95137.6	810	835	25
200038	46614.1	157105	750	805	15
200039	164386	84195.6	650	715	25
200040	101305	190769	855	920	25
200041	100670	11187.8	1040	1100	20
200042	20320.8	101257	745	810	25
200043	44640.8	168976	945	955	10
200044	102038	3699.25	835	845	10
200045	38424.3	163748	905	920	15
200046	204466	22974	800	830	30
200047	98358.2	193441	450	515	25
200048	13434.8	95326.8	835	855	20
200049	17163.8	102911	555	620	25
200050	167145	79087.2	800	810	10
MAX_RIDING_TIME: 2700
EDGE_WEIGHT_FORMAT: FUNCTION
EDGE_WEIGHT_TYPE: MAN_2D
NODE_COORD_TYPE: TWOD_COORDS
NODE_COORD_SECTION
0	105600	105600	0	0	0	0	0	0	0
1	127391	103293	1653	58	23686	24286	200001	2	1482	100112	100589
2	140365	71259	2194	66	23160	23760	200001	2	1920	100268	100789
3	178110	143795	2502	53	22827	23427	200001	3	2235	100437	100239	100428
4	127896	107339	1701	46	23615	24215	200001	1	1447	100001
5	206741	103989	2499	43	22811	23411	200001	3	2272	100199	100835	100774
6	164981	59952.9	2752	26	22526	23126	200001	4	2648	100660	100917	100104	100066
7	157062	137405	2813	54	22518	23118	200001	3	2661	100776	100471	100424
8	145103	132783	2196	42	23112	23712	200001	4	2062	100560	100315	100834	100581
9	201689	81648.1	2565	29	22719	23319	200001	3	2413	100231	100663	100252
10	116199	103384	2411	51	22914	23514	200001	3	2265	100956	100800	100217
11	152755	156550	2766	30	17420	18320	200002	6	2651	100586	100796	100214	100155	100116	100539
12	63879.3	186418	2703	52	17524	18424	200002	2	2425	100861	100002
13	76376.9	158525	2465	36	17732	18632	200002	2	2258	100958	100319
14	85549.3	149255	2315	62	17931	18831	200002	3	2137	100386	100795	100168
15	117151	129257	2327	43	17883	18783	200002	3	2097	100344	100924	100986
16	156364	189482	2651	29	17533	18433	200002	3	2491	100359	100257	100453
17	130972	148829	2790	42	17418	18318	200002	2	2578	100338	100185
18	93074.4	193727	2039	56	18196	19096	200002	3	1859	100706	100615	100073
19	135293	70619.9	2792	34	28201	30001	200003	3	2670	100743	100640	100003
20	147034	111693	1219	47	29799	31599	200003	1	960	100416
21	185762	98068.8	1132	58	29907	31707	200003	1	824	100084
22	119774	90390.3	2021	13	28932	30732	200003	2	1939	100209	100694
23	196635	104128	2376	47	28642	30442	200003	3	2167	100220	100879	100504
24	142986	134192	2101	42	28907	30707	200003	1	1865	100407
25	159099	138100	2037	60	29006	30806	200003	3	1792	100741	100094	100335
26	183959	67109.3	2127	50	28897	30697	200003	3	1974	100158	100238	100514
27	148313	107443	1618	50	29406	31206	200003	2	1439	100949	100767
28	97102.4	171402	2319	50	18205	18805	200004	1	2046	100161
29	57129.6	207559	1976	3	18458	19058	200004	1	1916	100542
30	80455	182297	1920	5	18518	19118	200004	1	1850	100853
31	40243.4	114519	2799	46	17717	18317	200004	3	2605	100171	100369	100004
32	60998.5	143013	2545	61	17999	18599	200004	2	2369	100483	100524
33	23376.3	146988	1606	58	18933	19533	200004	1	1298	100571
34	81686.3	179276	2518	28	27564	28764	200005	3	2412	100183	100005	100605
35	47246.3	161953	2290	38	27811	29011	200005	2	2090	100348	100529
36	121184	161866	2705	42	31003	32503	200006	3	2565	100886	100645	100414
37	159958	80534.5	2427	19	31238	32738	200006	4	2338	100531	100944	100926	100378
38	148833	157186	2232	53	31497	32997	200006	1	1947	100939
39	119378	72627.7	2274	64	31476	32976	200006	1	1939	100875
40	109268	92371.2	2392	37	31307	32807	200006	4	2209	100336	100950	100193	100915
41	118935	155977	2748	42	30960	32460	200006	2	2556	100783	100856
42	123771	80844.5	2603	20	31064	32564	200006	2	2481	100598	100624
43	157759	117820	2297	61	31447	32947	200006	3	2127	100463	100985	100734
44	107506	137850	2034	47	31684	33184	200006	2	1827	100006	100959
45	139097	122226	753	63	32995	34495	200006	1	423	100412
46	7325.45	56231.1	2108	2	24024	25524	200007	1	2052	100689
47	16169.6	44834.1	2409	8	23735	25235	200007	3	2339	100543	100405	100305
48	54779.8	88138.7	2201	48	24019	25519	200007	2	1945	100513	100098
49	16826	122647	858	58	25381	26881	200007	1	550	100007
50	34825.7	85249.4	2704	35	23491	24991	200007	4	2583	100355	100724	100757	100097
51	53387.3	112576	2254	53	23975	25475	200007	2	2104	100982	100082
52	159920	118246	1953	60	18890	19490	200008	1	1635	100927
53	205728	67020.5	2026	16	18733	19333	200008	1	1907	100827
54	102514	74405.5	2139	51	18686	19286	200008	1	1863	100538
55	169611	52608.6	2374	54	18457	19057	200008	3	2211	100051	100207	100671
56	106801	79903.4	2516	60	18327	18927	200008	3	2256	100008	100599	100811
57	125253	96487.9	1978	20	18789	19389	200008	1	1840	100975
58	192955	90315.2	2498	58	18341	18941	200008	4	2338	100533	100793	100346	100324
59	161603	69193.4	2778	57	18059	18659	200008	2	2617	100649	100808
60	113652	86508.8	2299	66	18555	19155	200008	2	2119	100517	100143
61	163935	111198	2545	20	18222	18822	200008	3	2446	100205	100965	100742
62	149977	27469.7	2169	64	18681	19281	200008	3	1855	100354	100719	100661
63	126746	48361.1	2113	34	18680	19280	200008	3	1994	100127	100643	100067
64	110458	77892.2	1996	53	18833	19433	200008	1	1711	100824
65	122525	160953	2471	63	28577	29477	200009	1	2141	100307
66	55991.9	110728	2315	6	28625	29525	200009	2	2254	100061	100865
67	68289.9	122990	2520	9	28426	29326	200009	2	2442	100279	100900
68	76401.4	86846.7	2647	26	28331	29231	200009	2	2493	100570	100408
69	119862	88760.5	1133	60	29910	30810	200009	1	815	100280
70	78399	96794.8	1845	55	29188	30088	200009	1	1550	100779
71	144333	92892.5	2189	41	28817	29717	200009	3	2059	100059	100611	100864
72	127814	147318	2101	40	28904	29804	200009	2	1975	100578	100721
73	154191	110324	1739	44	29273	30173	200009	1	1494	100009
74	136165	129549	2007	55	29026	29926	200009	2	1853	100969	100847
75	108827	74822.2	2709	60	28334	29234	200009	3	2454	100925	100083	100525
76	160983	70522.7	2069	41	36737	37637	200010	2	1939	100454	100010
77	177857	132996	1741	52	37086	37986	200010	2	1471	100842	100373
78	206820	120504	2211	29	36573	37473	200010	3	2103	100321	100500	100703
79	144626	63384.8	2315	36	36482	37382	200010	3	2124	100489	100898	100974
80	162643	152062	2506	7	36236	37136	200010	3	2443	100547	100360	100548
81	142781	134781	2454	45	36360	37260	200010	3	2319	100390	100544	100385
82	180144	93737.1	2757	39	36046	36946	200010	3	2583	100868	100979	100745
83	117640	107526	2657	42	36151	37051	200010	3	2523	100377	100175	100991
84	178250	62672.6	2195	31	36592	37492	200010	2	2022	100705	100290
85	182172	143120	2755	58	36084	36984	200010	6	2590	100541	100836	100201	100054	100805	100211
86	104997	60344.3	2788	41	27318	28818	200011	3	2645	100691	100563	100826
87	115185	32603.3	2564	10	27484	28984	200011	3	2484	100626	100430	100899
88	84358.7	43224.7	2268	61	27876	29376	200011	4	1978	100555	100696	100577	100556
89	115435	47572.7	2655	60	27488	28988	200011	4	2488	100063	100844	100266	100815
90	135006	34033.5	2736	7	27306	28806	200011	2	2662	100837	100946
91	58944.3	25025.8	2663	64	27487	28987	200011	5	2492	100642	100099	100895	100375	100011
92	51416.4	12825.2	2565	60	27578	29078	200011	3	2398	100431	100326	100849
93	80234.8	33619.3	2825	62	27321	28821	200011	4	2556	100254	100723	100462	100465
94	140948	66267.5	2735	61	19309	20509	200012	3	2427	100091	100674	100708
95	210572	78390.5	2661	63	19387	20587	200012	2	2484	100933	100907
96	157521	150157	2424	40	19581	20781	200012	3	2298	100912	100269	100184
97	141444	128045	2457	58	19582	20782	200012	3	2180	100778	100234	100954
98	188183	137720	2582	33	19409	20609	200012	2	2389	100511	100064
99	186124	124251	2688	50	19336	20536	200012	3	2436	100312	100978	100679
100	155364	107952	2698	65	19354	20554	200012	4	2478	100644	100923	100866	100561
101	158962	96868.6	2719	65	19333	20533	200012	4	2528	100012	100610	100218	100695
102	149705	31844.9	2481	11	34768	35668	200013	3	2408	100707	100784	100839
103	153291	11268.8	2475	64	34875	35775	200013	3	2187	100591	100977	100396
104	168634	7000.47	2637	63	34711	35611	200013	5	2457	100822	100275	100325	100971	100877
105	180483	46358.2	2775	46	34541	35441	200013	3	2638	100656	100318	100718
106	211139	27679.8	2183	65	35169	36069	200013	3	1854	100013	100121	100120
107	154213	172292	2733	20	14734	16534	200014	4	2637	100101	100449	100566	100653
108	168911	204126	2212	32	15277	17077	200014	3	2039	100976	100242	100764
109	127087	155393	1951	44	15561	17361	200014	2	1709	100528	100932
110	112023	169054	1696	65	15856	17656	200014	2	1458	100146	100014
111	139704	169563	1799	26	15679	17479	200014	1	1635	100282
112	42178	109306	2165	3	33569	35069	200015	1	2105	100768
113	4698.81	195149	2352	46	33464	34964	200015	1	2098	100403
114	67682.3	199608	2296	8	33448	34948	200015	3	2226	100803	100474	100457
115	89576.2	177220	2058	24	33716	35216	200015	2	1958	100494	100015
116	6532.63	183895	1947	55	33886	35386	200015	1	1652	100830
117	142127	64570.7	2749	42	18959	20459	200016	4	2578	100075	100016	100243	100906
118	71120	102845	2252	3	19382	20882	200016	2	2194	100967	100108
119	85625.7	125261	2220	32	19469	20969	200016	1	2029	100687
120	134344	145663	2375	50	19349	20849	200016	2	2214	100984	100240
121	114480	63779.6	2159	38	19542	21042	200016	2	1946	100327	100832
122	141979	115489	2388	51	19337	20837	200016	4	2237	100176	100970	100619	100952
123	158758	121544	2359	65	19393	20893	200016	2	2121	100123	100902
124	152459	138222	2713	61	19031	20531	200016	3	2540	100364	100990	100828
125	111802	149399	2313	64	19437	20937	200016	2	2048	100339	100667
126	128925	174161	2224	4	20912	22412	200017	1	2159	100579
127	84001.6	132792	2214	8	20930	22430	200017	1	2131	100017
128	69069.3	117392	2447	7	20695	22195	200017	2	2381	100149	100893
129	147270	103148	1343	58	21896	23396	200017	1	1035	100848
130	103943	149177	2061	1	21069	22569	200017	1	2010	100512
131	118205	67346.7	2705	25	20471	21971	200017	3	2556	100069	100493	100652
132	164420	132421	2326	64	20924	22424	200017	3	2051	100492	100223	100320
133	98065.5	91430.4	2459	55	20774	22274	200017	4	2240	100678	100233	100688	100115
134	142953	149707	2373	43	20837	22337	200017	3	2237	100536	100546	100267
135	118926	76933.9	2602	61	20642	22142	200017	4	2296	100590	100349	100197	100133
136	159117	91336.5	2813	46	20403	21903	200017	3	2567	100603	100613	100942
137	150285	106950	1298	54	21933	23433	200017	1	1008	100144
138	137395	142594	2738	38	23463	24963	200018	2	2616	100752	100131
139	130795	140577	2617	43	23593	25093	200018	3	2421	100720	100722	100641
140	61083.6	104592	2721	7	23421	24921	200018	2	2647	100353	100773
141	127639	77026.9	2197	65	24055	25555	200018	2	1870	100435	100117
142	96942	77021	1628	1	24502	26002	200018	1	1577	100937
143	120229	159050	2744	30	23442	24942	200018	3	2574	100206	100918	100475
144	114848	96220.5	2496	19	23669	25169	200018	4	2407	100441	100393	100818	100018
145	93877.7	119268	2513	21	23655	25155	200018	3	2416	100810	100622	100585
146	71479.5	92681.1	1976	4	24160	25660	200018	1	1911	100553
147	159499	162243	2304	21	28064	29864	200019	2	2207	100429	100859
148	118772	124204	2491	58	27948	29748	200019	2	2237	100575	100802
149	67148.5	189971	2000	1	28330	30130	200019	1	1949	100372
150	73389.8	174348	2175	59	28266	30066	200019	1	1862	100955
151	164898	177412	2181	54	28250	30050	200019	3	2026	100973	100698	100439
152	115493	135670	2095	41	28311	30111	200019	2	1872	100135	100019
153	84039.5	168680	1968	51	28457	30257	200019	1	1692	100901
154	148178	190226	2390	33	28001	29801	200019	3	2275	100995	100221	100210
155	111543	146058	2741	61	27703	29503	200019	2	2571	100272	100881
156	99167.2	203976	1625	50	28799	30599	200019	2	1462	100535	100998
157	105435	166061	1298	40	29107	30907	200019	2	1083	100604	100685
158	169012	195888	2557	56	15578	17078	200020	2	2266	100564	100888
159	175480	188967	2430	42	15678	17178	200020	2	2296	100114	100801
160	146916	159768	2166	26	15912	17412	200020	1	2002	100549
161	94780.8	152849	2239	55	15894	17394	200020	4	2085	100357	100821	100398	100445
162	123734	145721	1918	36	16179	17679	200020	2	1797	100496	100162
163	135522	210914	1716	43	16394	17894	200020	1	1476	100229
164	89201.3	189546	2102	45	16012	17512	200020	3	1962	100460	100583	100843
165	139617	195331	1316	41	16790	18290	200020	1	1085	100288
166	111419	203036	891	36	17206	18706	200020	1	682	100020
167	84556.4	58099.9	2696	57	27141	27741	200021	4	2527	100871	100411	100289	100322
168	103605	14391.6	313	50	29511	30111	200021	1	40	100446
169	67410.3	18137.1	1727	64	28123	28723	200021	2	1397	100401	100361
170	59832.6	25288	2659	51	27166	27766	200021	5	2505	100420	100616	100169	100527	100309
171	116222	26181.9	2675	61	27169	27769	200021	4	2505	100903	100497	100438	100911
172	111913	40311.7	2369	64	27481	28081	200021	4	2198	100180	100470	100181	100552
173	111450	23349.4	2497	43	27313	27913	200021	3	2350	100021	100709	100455
174	89758.2	12982.3	2511	64	27339	27939	200021	7	2335	100058	100657	100780	100725	100869	100422	100730
175	99128.7	57296.5	2668	55	27165	27765	200021	3	2506	100423	100630	100786
176	151011	23937.4	2768	63	27080	27680	200021	2	2588	100068	100756
177	55094.3	4683.72	2279	60	27564	28164	200021	2	2019	100297	100284
178	89623.8	37071.7	1708	65	28144	28744	200021	2	1379	100636	100480
179	75956	185838	2515	61	22829	24329	200022	3	2316	100371	100562	100248
180	63631.4	201149	2561	52	22766	24266	200022	3	2410	100609	100855	100478
181	168947	207754	2444	53	22885	24385	200022	2	2172	100746	100964
182	150364	191773	2106	63	23242	24742	200022	2	1778	100329	100473
183	132416	180982	2322	45	22992	24492	200022	3	2179	100274	100380	100409
184	107188	169403	2607	8	22637	24137	200022	3	2537	100022	100417	100699
185	94363.8	142255	2602	36	29295	30195	200023	2	2473	100807	100941
186	107356	146966	2487	62	29459	30359	200023	3	2229	100858	100947	100874
187	140872	180524	2475	45	29439	30339	200023	3	2335	100905	100148	100425
188	68035.6	166474	2485	14	29370	30270	200023	3	2406	100189	100281	100519
189	84023.4	150807	2646	51	29279	30179	200023	2	2404	100731	100389
190	148839	195755	2630	17	29231	30131	200023	4	2537	100308	100165	100482	100618
191	107887	158169	2345	52	29582	30482	200023	2	2121	100300	100023
192	52495.2	119253	2198	59	27043	28243	200024	1	1885	100222
193	66887	111122	2736	21	26432	27632	200024	5	2636	100464	100682	100448	100840	100271
194	21327.3	76541.3	2020	47	27198	28398	200024	4	1873	100466	100880	100145	100024
195	147477	185951	2587	34	17906	18806	200025	4	2470	100625	100251	100270	100213
196	125312	164964	2766	43	17744	18644	200025	5	2632	100650	100851	100150	100945	100179
197	112377	152253	2217	40	18288	19188	200025	1	1989	100208
198	110326	152883	2120	35	18375	19275	200025	2	1936	100394	100755
199	66066.4	209423	2523	49	17999	18899	200025	4	2302	100382	100340	100787	100302
200	79642.6	190548	1150	62	19396	20296	200025	2	835	100668	100025
201	94866.6	206237	742	55	19791	20691	200025	1	447	100791
202	156083	190811	2434	59	20807	22607	200026	1	2121	100747
203	62172.5	169708	2187	5	20951	22751	200026	1	2117	100771
204	88398.6	146271	2326	57	20911	22711	200026	1	2022	100909
205	130338	170780	2774	64	20476	22276	200026	3	2535	100341	100700	100540
206	68362.4	169334	2248	63	21000	22800	200026	1	1918	100026
207	152495	193445	2621	62	20625	22425	200026	2	2363	100872	100545
208	106205	178287	993	22	22177	23977	200026	1	847	100410
209	114712	171815	1686	54	21545	23345	200026	3	1526	100846	100804	100693
210	105538	208215	1972	56	21263	23063	200026	2	1727	100530	100629
211	89650.7	46266.1	2320	49	16402	18202	200027	5	2177	100432	100738	100188	100833	100884
212	60107	11375	2561	10	16087	17887	200027	4	2489	100140	100602	100673	100258
213	100551	57106.8	2359	48	16361	18161	200027	3	2218	100623	100477	100904
214	109918	53962.1	2345	42	16363	18163	200027	4	2205	100426	100759	100192	100931
215	148357	12944.4	2345	52	16382	18182	200027	6	2192	100421	100750	100633	100717	100498	100027
216	75407.2	35754.5	2501	65	16251	18051	200027	4	2211	100972	100053	100765	100763
217	69719	28335.9	2593	65	16159	17959	200027	3	2417	100809	100520	100819
218	130080	18329.7	2305	57	16432	18232	200027	2	2147	100419	100090
219	200215	79231.8	2395	52	28632	29832	200028	2	2122	100418	100225
220	135137	97869.2	1449	35	29546	30746	200028	2	1325	100702	100085
221	147882	63577.9	2727	44	28285	29485	200028	2	2492	100138	100735
222	184764	69198.3	2600	28	28382	29582	200028	3	2489	100943	100593	100388
223	157240	146593	2147	50	28877	30077	200028	3	1885	100506	100260	100028
224	187312	124697	2635	47	28383	29583	200028	3	2485	100572	100119	100472
225	165194	87303.3	962	64	30088	31288	200028	1	627	100287
226	150803	131136	1705	63	29343	30543	200028	2	1385	100404	100134
227	127233	118194	2085	36	28912	30112	200028	2	1962	100505	100286
228	175039	153930	2623	63	28425	29625	200028	2	2371	100690	100862
229	151898	143278	2766	35	21629	22229	200029	3	2647	100442	100940	100087
230	94980.3	75307	2486	54	21945	22545	200029	3	2334	100814	100172	100988
231	178816	101752	2508	22	21862	22462	200029	3	2417	100259	100655	100459
232	102311	146337	2599	36	21798	22398	200029	6	2463	100317	100727	100523	100301	100029	100983
233	147596	72160.9	2458	9	21888	22488	200029	3	2386	100151	100594	100343
234	103963	110415	2272	44	22140	22740	200029	3	2139	100102	100876	100081
235	26970.9	114055	2170	2	25162	26062	200030	1	2114	100447
236	86652.1	175421	2338	51	25087	25987	200030	3	2077	100957	100294	100328
237	49081	116140	1982	2	25350	26250	200030	1	1926	100831
238	91067.8	158207	2035	10	25313	26213	200030	2	1955	100491	100841
239	32947	207905	2148	39	25255	26155	200030	2	2013	100174	100030
240	12105.2	158275	1183	5	26155	27055	200030	1	1113	100195
241	56745.3	168293	2399	61	35245	36445	200031	1	2078	100383
242	40443.1	187339	2161	13	35392	36592	200031	1	2056	100031
243	150469	184231	2364	48	35256	36456	200031	2	2103	100867	100692
244	71637.9	160275	2147	28	35435	36635	200031	2	2044	100870	100391
245	61172.4	199215	2102	63	35546	36746	200031	2	1915	100996	100929
246	125232	161969	2063	16	35496	36696	200031	2	1957	100456	100751
247	97197.3	144360	1833	60	35810	37010	200031	1	1515	100573
248	113701	205911	1215	5	36323	37523	200031	1	1145	100712
249	94792.1	65100.9	2647	61	30197	31697	200032	3	2471	100713	100395	100256
250	76236	125616	2394	21	30374	31874	200032	3	2268	100351	100292	100427
251	130382	137146	2744	32	30045	31545	200032	3	2629	100930	100295	100627
252	167270	112037	2097	28	30685	32185	200032	1	1924	100118
253	136218	105408	2653	54	30178	31678	200032	2	2490	100413	100961
254	105603	76513.2	2755	20	30012	31512	200032	3	2633	100554	100670	100032
255	105114	142063	1487	13	31266	32766	200032	1	1382	101000
256	159004	115755	2754	65	30098	31598	200032	2	2477	100992	100817
257	76801.6	94986	2680	7	30062	31562	200032	2	2609	100125	100481
258	147677	129588	2131	47	30687	32187	200032	2	1880	100701	100164
259	120657	63154.2	2023	14	30732	32232	200032	2	1939	100241	100999
260	84995.8	129645	2709	59	30132	31632	200032	3	2404	100154	100469	100716
261	113121	148713	2191	3	24243	26043	200033	1	2131	100558
262	175456	200176	2649	46	23867	25667	200033	3	2507	100484	100283	100203
263	81832.6	188369	2517	13	23936	25736	200033	3	2425	100963	100896	100235
264	158748	183194	2271	51	24254	26054	200033	3	2003	100204	100608	100781
265	109267	168597	2792	57	23745	25545	200033	3	2634	100987	100219	100033
266	164802	201621	2303	24	24171	25971	200033	2	2208	100163	100816
267	136757	176150	1699	45	24815	26615	200033	1	1449	100680
268	64079	198242	2463	63	24085	25885	200033	2	2161	100580	100196
269	164398	12338.8	2664	45	15750	17250	200034	2	2479	100103	100356
270	115347	16958	979	63	17469	18969	200034	2	662	100230	100968
271	101863	49631.3	2451	63	15997	17497	200034	2	2271	100829	100659
272	86366.1	30627.8	2135	65	16317	17817	200034	5	1954	100342	100263	100770	100806	100761
273	60725.6	11543.9	2772	54	15659	17159	200034	3	2547	100376	100878	100772
274	108049	54971.7	2038	41	16368	17868	200034	1	1807	100293
275	110132	7356.55	447	61	17997	19497	200034	1	126	100141
276	75706.7	13360.2	2591	50	15833	17333	200034	3	2443	100934	100109	100236
277	106714	40578.9	2403	35	15992	17492	200034	3	2276	100443	100093	100330
278	151959	14942.1	2405	60	16038	17538	200034	2	2238	100515	100601
279	94910.3	30246.4	1756	66	16698	18198	200034	1	1412	100034
280	139525	34926.7	2471	63	15977	17477	200034	4	2294	100132	100261	100177	100631
281	85763.4	20745.9	2739	62	15707	17207	200034	4	2569	100296	100873	100379	100672
282	85513.3	37095	2729	48	15691	17191	200034	2	2588	100788	100797
283	93474.4	47999.8	2403	56	16032	17532	200034	3	2187	100159	100392	100666
284	95288.4	169750	2661	60	20282	20882	200035	2	2492	100187	100247
285	65241.8	189614	2603	3	20231	20831	200035	2	2545	100126	100035
286	52106.9	120748	2035	59	20906	21506	200035	1	1722	100415
287	57266.6	131881	2225	48	20695	21295	200035	2	2063	100314	100890
288	35813.1	113048	2380	63	20568	21168	200035	3	2211	100079	100681	100310
289	74598.8	174535	2146	58	20793	21393	200035	3	1965	100452	100366	100486
290	154245	125485	2193	1	16137	17337	200036	1	2142	100107
291	100906	73058.8	2625	61	15819	17019	200036	3	2460	100072	100070	100647
292	53338.3	122776	2800	46	15616	16816	200036	2	2655	100635	100600
293	83574.8	90806.4	2152	35	16243	17443	200036	1	1947	100852
294	71916.3	160518	2143	53	16286	17486	200036	1	1858	100565
295	127856	137589	2391	11	15958	17158	200036	3	2308	100960	100298	100732
296	107172	173697	2035	64	16415	17615	200036	2	1708	100704	100966
297	114991	102370	1693	8	16651	17851	200036	2	1620	100036	100916
298	79093.4	123755	1889	61	16555	17755	200036	2	1713	100485	100516
299	12575.2	120451	2219	42	27289	28789	200037	2	2087	100086	100936
300	34016.9	50660.2	2380	61	27164	28664	200037	1	2059	100551
301	51109.5	108161	2121	66	27433	28933	200037	2	1935	100838	100467
302	54412.6	68490.1	2731	59	26810	28310	200037	4	2566	100487	100037	100265	100468
303	31314	92794	776	44	28736	30236	200037	1	531	100226
304	3253.22	47619.2	2736	58	26803	28303	200037	4	2552	100345	100684	100620	100080
305	55664.2	85509.7	2618	64	26932	28432	200037	5	2366	100567	100186	100367	100510	100461
306	25554.7	98615.9	717	66	28837	30337	200037	1	373	100124
307	89593.4	176842	2432	51	25893	26793	200038	2	2169	100387	100038
308	42197.3	101706	2300	18	25963	26863	200038	2	2179	100711	100065
309	101099	156474	2064	31	26223	27123	200038	1	1878	100374
310	54995	203426	2563	60	25780	26680	200038	4	2396	100522	100518	100056	100891
311	84759	142518	1997	34	26296	27196	200038	1	1797	100726
312	46211.8	189620	2672	64	25678	26578	200038	3	2441	100062	100365	100178
313	53326.9	101810	2665	63	25683	26583	200038	2	2348	100337	100769
314	191499	120132	2529	66	22225	23725	200039	3	2193	100597	100100	100728
315	119315	95107.1	2158	45	22556	24056	200039	1	1908	100920
316	183716	51495.2	2839	62	21907	23407	200039	4	2612	100074	100889	100039	100246
317	200813	80950.8	2817	66	21937	23437	200039	5	2634	100304	100863	100812	100697	100596
318	175469	113923	2467	64	22283	23783	200039	2	2145	100331	100190
319	115716	82791.9	1975	49	22747	24247	200039	1	1707	100857
320	149802	91760.7	1014	47	23704	25204	200039	1	755	100106
321	141014	100705	2465	49	22257	23757	200039	2	2319	100948	100444
322	205231	88155.5	2526	27	22154	23654	200039	5	2420	100748	100128	100139	100766	100935
323	146292	55976.5	1992	54	22739	24239	200039	2	1832	100794	100156
324	121659	86682.7	2040	56	22695	24195	200039	2	1798	100096	100584
325	162664	145015	2475	61	22269	23769	200039	2	2245	100550	100737
326	144852	172102	2520	34	29673	31173	200040	3	2401	100639	100883	100488
327	112918	142846	2454	42	29754	31254	200040	3	2314	100368	100632	100820
328	97252.3	136987	2719	15	29438	30938	200040	3	2638	100040	100654	100646
329	127777	199735	2378	58	29861	31361	200040	4	2210	100384	100434	100237	100897
330	84761.3	177321	1808	62	30438	31938	200040	2	1638	100938	100245
331	139509	205689	2047	42	30161	31661	200040	1	1811	100166
332	70356.1	176389	1872	58	30367	31867	200040	2	1668	100311	100105
333	127746	201428	2461	62	29785	31285	200040	2	2211	100676	100182
334	100488	163888	2053	65	30199	31699	200040	2	1880	100569	100363
335	87533.1	191854	2714	46	29502	31002	200040	3	2574	100648	100052	100255
336	160873	11460	2524	56	36011	37211	200041	2	2326	100739	100113
337	161231	12884.1	2762	62	35784	36984	200041	2	2444	100714	100277
338	93914.5	36257.1	2317	59	36224	37424	200041	2	2155	100777	100170
339	134512	28725.5	2171	54	36360	37560	200041	3	2008	100559	100076	100198
340	98321	64474.4	2024	18	36439	37639	200041	1	1896	100612
341	60554.6	18158.5	2110	60	36433	37633	200041	3	1946	100710	100362	100665
342	110586	8104.05	1388	66	37166	38366	200041	3	1208	100993	100152	100785
343	107399	33991.2	1336	63	37212	38412	200041	1	1006	100892
344	42158.7	13175.2	2554	31	35933	37133	200041	3	2446	100502	100753	100250
345	107702	54213.3	2565	54	35966	37166	200041	3	2413	100928	100381	100088
346	85859.9	47710.6	2475	64	36075	37275	200041	2	2301	100534	100628
347	101555	32936.3	1052	52	37475	38675	200041	1	771	100754
348	103075	3620.34	1654	65	36898	38098	200041	2	1478	100508	100262
349	118984	51361.1	2338	58	36201	37401	200041	3	2092	100433	100041	100576
350	94309.9	43450.5	1597	52	36930	38130	200041	1	1316	100887
351	76177.9	49119.3	2472	42	36036	37236	200041	5	2301	100316	100997	100736	100358	100451
352	76820	95653.1	2584	38	25417	26917	200042	3	2459	100568	100071	100962
353	51191.9	79653.1	2141	64	25909	27409	200042	2	1970	100042	100278
354	32266.4	80913.7	2294	54	25737	27237	200042	4	2020	100147	100055	100823	100476
355	35258.3	68157.2	2761	47	25257	26757	200042	4	2622	100276	100662	100400	100595
356	26221.9	58465.4	2682	57	25355	26855	200042	5	2448	100669	100129	100499	100914	100333
357	47855.3	111234	2382	57	32855	33455	200043	1	2078	100137
358	84590.7	181173	1974	8	33170	33770	200043	2	1898	100232	100057
359	9530.3	145162	2312	57	32925	33525	200043	1	2008	100592
360	18341.8	184107	2776	49	32446	33046	200043	2	2633	100043	100813
361	58291.8	122871	2372	60	32871	33471	200043	2	2205	100845	100194
362	98050.5	59071.6	2507	64	28543	29143	200044	3	2336	100078	100683	100798
363	121362	44066.5	2329	51	28696	29296	200044	2	2058	100509	100686
364	53464.4	10194.2	2558	61	28486	29086	200044	5	2377	100740	100130	100191	100436	100142
365	97648.4	27552.4	1602	54	29429	30029	200044	2	1439	100825	100285
366	124404	34966.6	2301	61	28743	29343	200044	2	2047	100122	100399
367	119669	36944.7	2055	61	28989	29589	200044	1	1734	100167
368	112575	10796.9	891	54	30140	30740	200044	1	601	100919
369	126365	32988.6	2483	64	28567	29167	200044	3	2312	100675	100994	100634
370	67577.9	19266.2	2044	61	29000	29600	200044	2	1757	100792	100044
371	140871	12948.4	1971	51	29054	29654	200044	2	1820	100760	100729
372	79611.8	39927.1	2656	51	28369	28969	200044	5	2494	100749	100347	100110	100799	100077
373	144233	24364.6	2762	60	28281	28881	200044	2	2447	100790	100089
374	70029.8	132129	2225	5	30513	31413	200045	1	2155	100621
375	45373.9	110672	2309	48	30511	31411	200045	1	2046	100614
376	20875.4	197020	2027	51	30798	31698	200045	2	1764	100173	100582
377	71735.3	160227	2439	41	30367	31267	200045	3	2301	100507	100092	100885
378	15561.6	159240	984	1	31746	32646	200045	1	933	100045
379	143302	25070.9	2659	13	26194	27994	200046	4	2580	100677	100370	100574	100638
380	198795	73971.9	2269	61	26675	28475	200046	2	2099	100733	100046
381	168537	6944.84	2532	66	26422	28222	200046	3	2354	100111	100882	100350
382	171014	37271.4	2524	56	26411	28211	200046	4	2357	100910	100913	100291	100216
383	194945	25752.7	2276	63	26672	28472	200046	2	1948	100095	100587
384	148946	187927	2203	50	15321	16821	200047	2	1985	100458	100253
385	131272	202954	2820	62	14726	16226	200047	2	2642	100227	100479
386	141608	173480	2389	34	15104	16604	200047	3	2270	100850	100249	100047
387	97932.4	148355	2345	39	15158	16658	200047	3	2216	100921	100557	100202
388	82400.9	190225	2571	33	14920	16420	200047	2	2448	100440	100908
389	23284.4	106123	2582	48	28438	29638	200048	2	2436	100981	100537
390	67811.9	89739.9	2324	44	28688	29888	200048	3	2191	100060	100606	100588
391	54401	89276	2699	27	28281	29481	200048	2	2590	100157	100273
392	39438.5	119660	2739	7	28203	29403	200048	2	2673	100048	100953
393	62089.8	107439	2424	40	28581	29781	200048	2	2202	100406	100306
394	40313.5	73623.5	2021	58	29018	30218	200048	2	1723	100264	100224
395	3173.77	79730.7	1953	65	29099	30299	200048	3	1642	100782	100501	100607
396	8408.23	40708.7	2395	66	28659	29859	200048	2	2144	100303	100758
397	29268.7	53699.3	2503	64	28547	29747	200048	3	2181	100402	100664	100526
398	6255.77	51944	2638	11	18711	20211	200049	4	2565	100651	100299	100490	100212
399	70342.9	98207.5	2164	32	19225	20725	200049	1	1973	100352
400	38257.6	82259.3	2454	61	18990	20490	200049	3	2278	100951	100532	100153
401	51619.3	98342.2	1691	62	19755	21255	200049	3	1404	100989	100495	100160
402	56619.1	107586	2723	49	18699	20199	200049	4	2523	100313	100049	100521	100658
403	165545	18568.7	2557	10	26291	26891	200050	2	2488	100397	100200
404	183343	122124	2768	30	26118	26718	200050	4	2658	100244	100775	100854	100637
405	210633	94001.9	2294	53	26635	27235	200050	2	2022	100860	100715
406	202367	60667.6	2715	55	26218	26818	200050	3	2446	100332	100762	100323
407	126134	68033.6	2735	13	26118	26718	200050	5	2650	100334	100450	100922	100050	100228
408	142530	55163.6	2522	66	26432	27032	200050	2	2339	100215	100894
409	175104	36712.7	2791	46	26125	26725	200050	3	2646	100503	100980	100136
410	209574	82808.2	2749	56	26186	26786	200050	2	2460	100617	100744
DIMENSION: 411
SOLVETIME: 62.91
DEPOT_SECTION
1
-1
EOF
