SCHOOLNODENUMBER: 12
SCHNODE_COORD_SECTION
200001	168982	68508.1	910	925	15
200002	112193	167726	715	735	20
200003	167367	65535.3	935	1005	30
200004	157583	65170.5	835	900	25
200005	120651	169332	510	540	30
200006	164066	63136.9	950	1015	25
200007	91000.3	107354	800	825	25
200008	91397.3	107677	945	955	10
200009	118933	165515	535	550	15
200010	90390.9	104656	940	955	15
200011	92382	106996	805	815	10
200012	119160	168121	605	630	25
MAX_RIDING_TIME: 2700
EDGE_WEIGHT_FORMAT: FUNCTION
EDGE_WEIGHT_TYPE: MAN_2D
NODE_COORD_TYPE: TWOD_COORDS
NODE_COORD_SECTION
0	105600	105600	0	0	0	0	0	0	0
1	160766	15752.1	2422	66	30732	31632	200001	1	2078	100064
2	164526	123935	2259	38	30842	31742	200001	1	2041	100385
3	202045	42107	2774	41	30332	31232	200001	4	2626	100410	100095	100206	100436
4	178946	102867	2763	19	30302	31202	200001	5	2666	100017	100465	100022	100449	100472
5	167580	12643.2	2590	38	30511	31411	200001	2	2374	100209	100495
6	175717	118291	2247	61	30897	31797	200001	1	1926	100443
7	161718	16343	2778	59	30363	31263	200001	5	2605	100139	100396	100319	100123	100039
8	124226	67782	1784	22	31286	32186	200001	2	1688	100392	100360
9	129782	55393.7	2218	35	30877	31777	200001	2	2021	100038	100273
10	158614	106766	2098	27	30982	31882	200001	3	1986	100176	100419	100467
11	207554	70132.6	1714	66	31440	32340	200001	1	1370	100001
12	199457	97325.4	2723	41	30383	31283	200001	3	2507	100295	100094	100430
13	156097	160089	2843	62	23403	24603	200002	2	2590	100096	100102
14	158506	153367	2610	66	23644	24844	200002	3	2289	100390	100168	100091
15	125120	130625	2739	55	23494	24694	200002	3	2569	100135	100318	100463
16	153025	146283	2427	49	23795	24995	200002	3	2198	100126	100163	100372
17	95954.6	180751	2042	45	24172	25372	200002	3	1907	100404	100046	100160
18	90388.4	128637	2438	66	23816	25016	200002	2	2263	100002	100393
19	162971	175178	2707	43	23503	24703	200002	7	2576	100129	100107	100310	100227	100460	100454	100119
20	168634	173435	2730	64	23520	24720	200002	4	2554	100166	100111	100329	100146
21	82445.3	140687	2632	5	23506	24706	200002	3	2573	100287	100379	100025
22	110185	210798	2747	56	23488	24688	200002	5	2591	100476	100350	100494	100371	100175
23	114312	128044	1769	66	24485	25685	200002	1	1425	100203
24	153156	185942	2767	66	23487	24687	200002	3	2571	100469	100138	100293
25	113261	123754	2148	54	24083	25283	200002	3	1993	100082	100378	100256
26	128540	191075	2697	63	23551	24751	200002	4	2458	100354	100158	100433	100167
27	114172	176373	706	66	25548	26748	200002	1	362	100016
28	194744	30611.5	2599	58	32040	33840	200003	5	2439	100211	100305	100060	100458	100440
29	159640	11019.2	2465	66	32189	33989	200003	1	2121	100092
30	163217	10432	2835	63	31813	33613	200003	4	2666	100432	100044	100357	100185
31	162017	9942.29	2595	65	32057	33857	200003	4	2323	100468	100302	100340	100173
32	115755	68036.3	2613	20	31954	33754	200003	3	2494	100456	100349	100259
33	172351	107052	2731	15	31826	33626	200003	5	2645	100003	100394	100321	100281	100137
34	178039	19914.3	2263	66	32391	34191	200003	1	1919	100219
35	123319	71475.7	2633	15	31924	33724	200003	5	2547	100208	100398	100487	100408	100217
36	203354	53315.7	2318	52	32309	34109	200003	3	2157	100486	100411	100414
37	207769	58075.9	1975	66	32679	34479	200003	1	1631	100369
38	159170	119200	2531	25	32045	33845	200003	5	2423	100221	100195	100308	100325	100412
39	155807	58180.2	1827	30	32759	34559	200003	2	1709	100351	100190
40	185174	51153.4	2788	64	28262	29762	200004	4	2573	100250	100299	100426	100425
41	142065	108040	2360	64	28690	30190	200004	3	2178	100015	100052	100481
42	106023	57920.4	2237	31	28750	30250	200004	2	2126	100081	100100
43	130006	96919.5	2187	6	28753	30253	200004	2	2121	100187	100018
44	185671	90978.9	2334	39	28669	30169	200004	3	2207	100152	100169	100004
45	155517	6603.67	2616	44	28396	29896	200004	4	2449	100150	100239	100192	100352
46	157256	10553.4	2181	58	28858	30358	200004	1	1873	100323
47	176800	35036	2467	4	28469	29969	200004	2	2410	100272	100286
48	148465	116184	2630	40	28375	29875	200004	2	2405	100122	100057
49	159833	103173	2395	41	28611	30111	200004	4	2265	100170	100090	100235	100479
50	175296	174477	2748	55	15985	17785	200005	5	2505	100248	100359	100300	100389	100422
51	152704	148364	2754	62	15992	17792	200005	3	2579	100316	100058	100124
52	104177	155016	1719	64	17031	18831	200005	2	1540	100241	100423
53	160094	157408	2522	42	16186	17986	200005	2	2393	100043	100282
54	157344	186814	2700	54	16031	17831	200005	7	2485	100115	100210	100403	100034	100061	100249	100328
55	90871.3	161065	1743	66	17011	18811	200005	3	1534	100417	100366	100005
56	104070	207092	2827	56	15908	17708	200005	4	2663	100336	100445	100406	100048
57	134048	131523	2583	49	16139	17939	200005	4	2349	100391	100105	100368	100179
58	122781	208856	2731	55	16002	17802	200005	3	2577	100021	100277	100381
59	111965	188529	2828	58	15911	17711	200005	3	2668	100291	100024	100296
60	148982	135948	2802	49	15920	17720	200005	7	2641	100108	100447	100065	100263	100153	100483	100477
61	123820	123462	2749	46	15967	17767	200005	4	2575	100496	100189	100165	100380
62	85908.7	178526	2842	63	15906	17706	200005	3	2657	100246	100489	100116
63	182772	168390	2709	57	16028	17828	200005	4	2546	100247	100326	100434	100292
64	111476	145792	1315	34	17378	19178	200005	1	1115	100164
65	162425	124371	2227	4	33209	34709	200006	2	2167	100224	100333
66	193113	91889.8	2469	17	32992	34492	200006	2	2376	100304	100220
67	179955	23517.9	2719	65	32833	34333	200006	6	2541	100183	100077	100437	100204	100356	100093
68	133192	35034.4	2334	42	33174	34674	200006	3	2109	100181	100348	100499
69	181955	103341	2210	16	33249	34749	200006	3	2125	100451	100212	100260
70	159594	7035.96	2794	55	32739	34239	200006	5	2629	100076	100231	100023	100222	100275
71	141168	96696.8	2304	11	33145	34645	200006	3	2223	100151	100327	100086
72	150034	21942.2	2222	65	33330	34830	200006	1	1882	100415
73	117001	69153.6	2023	33	33468	34968	200006	2	1838	100480	100284
74	158855	12754.6	2740	64	32810	34310	200006	4	2493	100069	100157	100473	100475
75	149164	39521.4	2639	65	32913	34413	200006	6	2461	100145	100367	100341	100435	100098	100006
76	149461	100739	2503	27	32977	34477	200006	2	2347	100155	100383
77	189415	28788.9	2755	65	32797	34297	200006	4	2517	100298	100280	100315	100279
78	155419	19165.8	2767	53	32762	34262	200006	4	2505	100078	100448	100407	100080
79	205891	48038.6	2698	66	32856	34356	200006	4	2523	100147	100130	100317	100148
80	89615.4	168834	2284	21	26584	28084	200007	1	2143	100149
81	141430	119339	2453	62	26493	27993	200007	1	2127	100101
82	139084	120170	2472	22	26398	27898	200007	3	2370	100452	100428	100330
83	51420.8	129010	2782	38	26119	27619	200007	4	2660	100285	100109	100243	100037
84	136121	123992	2775	64	26175	27675	200007	4	2510	100355	100283	100397	100278
85	89480.3	52259.2	2673	14	26182	27682	200007	5	2594	100485	100497	100087	100154	100066
86	61770.5	90508.6	1716	22	27154	28654	200007	1	1570	100387
87	108901	122481	2290	29	26594	28094	200007	3	2138	100191	100274	100358
88	124838	100682	2584	17	26277	27777	200007	5	2497	100007	100019	100311	100174	100265
89	37064.3	104856	1979	2	26853	28353	200007	1	1923	100103
90	85693.6	132408	2661	11	26188	27688	200007	3	2588	100032	100045	100271
91	105309	61419.9	2362	46	26554	28054	200007	4	2201	100014	100113	100431	100482
92	99760.8	145133	2741	65	32511	33111	200008	4	2563	100474	100339	100297	100365
93	98051.5	162887	2466	65	32786	33386	200008	2	2137	100364	100063
94	56591.6	82932.6	2391	66	32863	33463	200008	2	2159	100455	100112
95	120512	107318	2099	60	33144	33744	200008	4	1930	100223	100054	100462	100131
96	43153.3	114017	2443	37	32756	33356	200008	3	2323	100267	100020	100236
97	69219.1	70095.8	2417	66	32837	33437	200008	3	2143	100067	100051	100395
98	105155	62543.6	2601	17	32560	33160	200008	4	2514	100097	100118	100177	100225
99	139686	107129	2789	37	32410	33010	200008	3	2588	100400	100008	100144
100	64645.4	144078	2506	56	32729	33329	200008	4	2339	100405	100099	100457	100464
101	110579	80614.7	2685	66	32569	33169	200008	4	2356	100121	100294	100344	100488
102	143517	128444	2776	40	17429	18329	200009	3	2647	100313	100450	100062
103	164576	162698	2799	54	17432	18332	200009	3	2605	100059	100399	100453
104	95337.2	130077	2447	30	17739	18639	200009	4	2329	100110	100182	100084	100232
105	168440	178122	2842	66	17412	18312	200009	5	2656	100322	100049	100042	100471	100266
106	178709	168485	2805	59	17436	18336	200009	6	2643	100172	100361	100029	100120	100309	100332
107	152435	135845	2700	63	17548	18448	200009	6	2528	100413	100188	100382	100047	100197	100233
108	66347.4	168606	2053	24	18121	19021	200009	1	1898	100202
109	133899	205279	2268	21	17900	18800	200009	4	2174	100229	100255	100040	100466
110	101285	179692	2695	27	17485	18385	200009	5	2591	100441	100070	100484	100205	100245
111	156246	151173	2525	40	17680	18580	200009	4	2391	100106	100342	100178	100156
112	138425	138436	2825	63	17423	18323	200009	7	2653	100009	100353	100334	100306	100331	100088	100338
113	136876	120804	2846	65	17406	18306	200009	4	2670	100171	100161	100409	100141
114	84998.2	186170	1931	5	18207	19107	200009	1	1861	100079
115	119043	120657	2712	44	17500	18400	200009	4	2579	100240	100373	100027	100228
116	142569	182340	1723	66	18531	19431	200009	1	1379	100162
117	111009	123731	2288	7	17854	18754	200009	2	2217	100335	100030
118	117531	71190.6	2414	63	32534	33434	200010	2	2091	100073	100207
119	141929	93113.6	2819	51	32106	33006	200010	3	2665	100071	100320	100036
120	58888.6	100449	2755	44	32157	33057	200010	3	2570	100010	100442	100324
121	100140	130593	1272	2	33560	34460	200010	1	1216	100376
122	109150	85599.4	2369	12	32482	33382	200010	2	2286	100314	100199
123	100039	57141.5	2027	7	32815	33715	200010	1	1948	100230
124	81733.1	50193.2	2280	10	32568	33468	200010	3	2203	100125	100253	100345
125	48332.6	85114.4	2809	46	32107	33007	200010	5	2630	100424	100215	100104	100258	100033
126	59882.9	121619	2698	33	32193	33093	200010	3	2578	100343	100416	100491
127	85575.2	147716	2483	38	32418	33318	200010	3	2356	100446	100492	100346
128	52555	129687	2446	10	32402	33302	200010	3	2369	100142	100384	100401
129	122742	114271	2605	58	32334	33234	200010	4	2330	100031	100136	100083	100268
130	133289	129126	2528	66	26726	27326	200011	3	2205	100493	100075	100133
131	141316	115577	2456	19	26709	27309	200011	3	2336	100213	100254	100085
132	99654.5	140948	1955	26	27223	27823	200011	3	1835	100026	100011	100375
133	100507	58067.8	2495	36	26702	27302	200011	3	2294	100184	100127	100269
134	64529.2	116043	2686	65	26566	27166	200011	3	2502	100418	100068	100180
135	110160	80555	1865	61	27379	27979	200011	3	1598	100261	100053	100242
136	70775.5	105749	2560	46	26656	27256	200011	4	2415	100226	100374	100307	100370
137	124316	137002	2437	54	26794	27394	200011	3	2285	100074	100244	100257
138	71994.1	91555.5	2622	58	26617	27217	200011	3	2371	100388	100459	100234
139	102789	123848	1273	66	27981	28581	200011	1	929	100055
140	169975	156363	2701	18	19262	20762	200012	6	2612	100194	100262	100238	100363	100117	100276
141	128228	127498	2823	57	19214	20714	200012	7	2662	100498	100312	100444	100140	100347	100402	100216
142	102855	198700	2626	48	19394	20894	200012	3	2386	100303	100251	100013
143	136406	175616	2670	65	19382	20882	200012	7	2403	100072	100290	100041	100478	100114	100420	100196
144	164452	172960	2357	46	19659	21159	200012	5	2212	100461	100377	100429	100288	100143
145	129655	202628	2705	59	19336	20836	200012	6	2532	100035	100427	100134	100337	100028	100193
146	157433	186721	2851	65	19201	20701	200012	5	2667	100132	100500	100270	100301	100362
147	109877	134945	1703	30	20283	21783	200012	3	1544	100159	100128	100050
148	104232	142296	2445	45	19569	21069	200012	5	2224	100089	100490	100200	100439	100470
149	114640	119610	2385	64	19665	21165	200012	2	2055	100012	100289
150	148118	136941	2654	50	19370	20870	200012	6	2426	100421	100186	100252	100214	100264	100198
151	87228.9	177396	2600	47	19418	20918	200012	3	2443	100237	100056	100386
152	152567	140526	2442	62	19604	21104	200012	3	2264	100201	100438	100218
DIMENSION: 153
SOLVETIME: 57.052
DEPOT_SECTION
1
-1
EOF
