SCHOOLNODENUMBER: 25
SCHNODE_COORD_SECTION
200001	160331	185309	1010	1025	15
200002	90487.4	183859	1005	1020	15
200003	120219	97535.6	510	535	25
200004	67871.6	184858	1005	1025	20
200005	173510	20464.1	1045	1055	10
200006	55552.8	164396	600	610	10
200007	119220	97121.1	725	745	20
200008	51501.4	159829	725	740	15
200009	163786	186238	555	605	10
200010	52342.7	160705	650	705	15
200011	69696.6	194663	745	755	10
200012	86822.6	188196	920	945	25
200013	57682.1	187532	835	850	15
200014	44988.2	162830	720	740	20
200015	122486	99881.3	1040	1050	10
200016	88294.2	190750	540	600	20
200017	164516	173672	605	630	25
200018	173675	22603.5	955	1015	20
200019	15344.4	205068	915	930	15
200020	57979.8	191283	545	610	25
200021	161530	186405	810	835	25
200022	85230.2	185436	705	720	15
200023	173839	21411.9	610	620	10
200024	69642.9	193394	505	535	30
200025	97760.4	185709	705	720	15
MAX_RIDING_TIME: 2700
EDGE_WEIGHT_FORMAT: FUNCTION
EDGE_WEIGHT_TYPE: MAN_2D
NODE_COORD_TYPE: TWOD_COORDS
NODE_COORD_SECTION
0	105600	105600	0	0	0	0	0	0	0
1	194554	185833	2569	63	34179	35079	200001	4	2389	100332	100306	100320	100445
2	181628	157795	2483	60	34260	35160	200001	5	2267	100256	100203	100271	100467	100327
3	155639	134952	2468	16	34191	35091	200001	4	2377	100001	100077	100240	100423
4	137177	155347	2287	34	34406	35306	200001	3	2136	100497	100141	100442
5	127576	203822	2253	61	34491	35391	200001	3	2080	100086	100041	100029
6	141397	153256	2082	66	34672	35572	200001	1	1738	100108
7	179120	146680	2625	55	34108	35008	200001	5	2471	100085	100446	100413	100349	100038
8	201649	197650	2696	18	33967	34867	200001	4	2599	100394	100447	100360	100437
9	124343	185360	1827	8	34817	35717	200001	3	1762	100052	100262	100475
10	63035.7	149262	2459	66	33995	34895	200002	1	2115	100051
11	127909	177923	1631	13	34722	35622	200002	2	1554	100112	100401
12	62628.2	187744	2206	54	34225	35125	200002	2	1932	100452	100002
13	92221.7	137589	2591	61	33853	34753	200002	3	2421	100258	100165	100210
14	100978	171946	1093	63	35355	36255	200002	1	763	100314
15	123714	201084	2582	27	33798	34698	200002	4	2468	100036	100090	100375	100299
16	107590	47782.5	2803	63	15945	17445	200003	3	2493	100209	100215	100257
17	135085	63505.8	2408	64	16342	17842	200003	4	2216	100285	100095	100126	100373
18	65527.1	99694.2	2295	65	16457	17957	200003	2	1963	100289	100315
19	172174	89844.5	2793	38	15908	17408	200003	5	2671	100277	100322	100178	100032	100463
20	97812.2	119433	2604	10	16044	17544	200003	4	2535	100438	100003	100450	100249
21	117876	147725	2086	8	16558	18058	200003	3	2021	100326	100455	100030
22	91389.6	114978	2395	50	16329	17829	200003	3	2180	100472	100286	100087
23	152791	81015.3	2566	63	16182	17682	200003	6	2345	100142	100201	100436	100397	100192	100290
24	92065.7	77023.7	2035	62	16711	18211	200003	2	1868	100338	100255
25	148487	112825	2685	63	16063	17563	200003	5	2487	100163	100493	100247	100415	100316
26	116812	67314	1691	13	16962	18462	200003	2	1609	100331	100121
27	67420.1	131877	2490	8	33854	35054	200004	2	2417	100364	100479
28	51289.6	142829	2563	25	33813	35013	200004	3	2466	100441	100301	100110
29	114695	180369	1809	3	34525	35725	200004	1	1749	100406
30	70888.9	134766	1895	3	34439	35639	200004	2	1837	100226	100027
31	94216.2	162898	2026	62	34420	35620	200004	4	1752	100335	100084	100407	100004
32	114828	24041.2	2490	56	36345	36945	200005	2	2261	100422	100005
33	189680	42610.6	2411	62	36435	37035	200005	3	2244	100324	100348	100129
34	157161	51118.2	1928	58	36911	37511	200005	2	1765	100231	100028
35	180769	49774.7	2725	63	36123	36723	200005	3	2509	100426	100313	100252
36	172661	76811.8	2532	66	36322	36922	200005	3	2224	100489	100117	100383
37	135497	2619.77	2544	22	36226	36826	200005	3	2453	100473	100330	100396
38	154447	53556.8	2145	63	36703	37303	200005	3	1864	100154	100354	100200
39	125215	33447.2	2667	22	36103	36703	200005	4	2576	100246	100138	100293	100174
40	168141	70143.9	2747	32	36042	36642	200005	3	2613	100461	100369	100362
41	163595	71441.4	2253	25	36523	37123	200005	2	2101	100053	100079
42	195884	29022.6	2547	61	36297	36897	200005	3	2377	100340	100439	100302
43	188897	40585.9	2661	58	36178	36778	200005	3	2451	100295	100103	100221
44	210196	35600.9	2152	66	36702	37302	200005	2	1894	100069	100334
45	164512	24251.2	779	66	38075	38675	200005	1	435	100170
46	49114.4	117497	2264	36	19433	20033	200006	4	2128	100282	100105	100456	100228
47	64175.1	112330	2318	45	19396	19996	200006	1	2068	100500
48	3541.07	160451	1967	3	19667	20267	200006	1	1907	100387
49	88666.3	148355	1974	24	19700	20300	200006	3	1871	100305	100492	100081
50	72446.4	199680	2300	63	19448	20048	200006	3	2123	100409	100144	100196
51	79098.5	129768	2210	36	19487	20087	200006	2	2037	100150	100425
52	102486	164449	2085	58	19654	20254	200006	2	1782	100186	100074
53	37124.3	128767	2390	56	19345	19945	200006	3	2229	100496	100006	100184
54	96423.9	80468	2779	52	24048	25248	200007	4	2628	100400	100294	100296	100380
55	175042	100349	2272	47	24546	25746	200007	1	2013	100298
56	101375	112781	2843	65	24009	25209	200007	4	2659	100453	100039	100114	100344
57	110415	49821.9	2697	61	24147	25347	200007	5	2404	100135	100094	100123	100435	100381
58	116130	146208	2477	43	24333	25533	200007	3	2302	100128	100083	100477
59	154323	71647.4	2813	61	24031	25231	200007	4	2648	100466	100434	100007	100378
60	143798	75643.8	1914	66	24940	26140	200007	1	1570	100239
61	84958.4	68502.3	2737	35	24058	25258	200007	4	2610	100312	100233	100098	100343
62	125260	110629	942	51	25883	27083	200007	1	666	100100
63	159842	86720.9	2666	64	24184	25384	200007	4	2495	100454	100478	100063	100379
64	68388.7	103881	2653	21	24115	25315	200007	3	2538	100307	100125	100346
65	36246.4	116441	2320	53	24509	25409	200008	3	2165	100158	100026	100191
66	71265.2	122054	2291	63	24557	25457	200008	1	1961	100151
67	4659.92	158631	2485	61	24359	25259	200008	3	2182	100390	100207	100444
68	83071.1	128564	2442	48	24378	25278	200008	3	2194	100278	100265	100284
69	75644.3	138617	1890	66	24964	25864	200008	1	1546	100118
70	21885.4	173507	1535	3	25199	26099	200008	1	1475	100176
71	87685.6	150960	2721	15	24036	24936	200008	5	2638	100120	100250	100008	100449	100134
72	103668	188049	2439	28	18943	19543	200009	2	2273	100287	100263
73	158955	132368	2430	10	18918	19518	200009	3	2358	100363	100152	100139
74	192881	170187	2701	18	18662	19262	200009	3	2609	100157	100182	100188
75	192261	201792	2471	58	18968	19568	200009	3	2274	100168	100088	100219
76	148342	164018	1439	20	19928	20528	200009	2	1330	100204	100147
77	128144	187841	1587	60	19856	20456	200009	1	1269	100384
78	136410	196005	2371	49	19051	19651	200009	4	2163	100115	100167	100337	100308
79	136527	178512	1522	63	19926	20526	200009	1	1192	100365
80	147250	169485	1478	66	19976	20576	200009	1	1134	100172
81	135754	178079	2664	66	18790	19390	200009	2	2478	100009	100399
82	86531.6	186279	2530	64	22220	23120	200010	3	2255	100091	100208	100329
83	50507.6	116702	2685	7	21957	22857	200010	3	2611	100179	100149	100082
84	46947	109245	2587	53	22142	23042	200010	2	2437	100457	100166
85	26635.8	188422	2191	64	22559	23459	200010	3	2017	100010	100465	100136
86	63077.6	202617	1904	14	22751	23651	200010	1	1794	100421
87	13818.4	148097	2039	20	22628	23528	200010	2	1907	100376	100418
88	79103	140014	2791	56	21944	22844	200010	6	2624	100078	100386	100317	100267	100213	100137
89	64653.8	115294	2245	43	22465	23365	200010	3	2020	100058	100057	100431
90	86316.2	160806	1943	5	25995	26595	200011	2	1881	100236	100494
91	66555.8	138271	2373	66	25681	26281	200011	1	2029	100044
92	127248	193067	2784	39	25219	25819	200011	4	2595	100143	100303	100402	100468
93	106525	210466	1881	5	26057	26657	200011	2	1822	100280	100353
94	60159.8	141000	2368	33	25623	26223	200011	2	2235	100367	100232
95	79830.8	154829	2728	31	25259	25859	200011	2	2620	100318	100011
96	119871	161100	2157	9	31489	32989	200012	2	2079	100270	100341
97	40568.3	197872	2165	43	31545	33045	200012	2	2034	100404	100012
98	59198	160574	1934	1	31696	33196	200012	1	1883	100072
99	90647.3	141211	2515	32	31174	32674	200012	2	2400	100484	100311
100	114328	183316	2551	12	28400	29300	200013	4	2479	100350	100427	100104	100319
101	50829.7	139216	2228	63	28820	29720	200013	2	2004	100333	100297
102	34859.8	155426	2216	66	28838	29738	200013	1	1872	100245
103	17493.3	195906	1725	5	29213	30113	200013	1	1655	100013
104	65742.6	136082	2355	34	28638	29538	200013	3	2241	100145	100471	100093
105	27437.9	128437	1938	23	24534	25734	200014	2	1845	100264	100487
106	85817.6	146398	2805	48	23715	24915	200014	5	2656	100382	100067	100483	100234	100014
107	6221.35	142457	2705	8	23739	24939	200014	2	2629	100175	100469
108	49714.8	116399	2741	25	23735	24935	200014	3	2587	100148	100187	100243
109	36353.1	135053	1585	66	24969	26169	200014	1	1241	100448
110	46427.5	177822	1424	47	25094	26294	200014	2	1280	100199	100211
111	130279	44612.8	2841	59	35700	36300	200015	4	2632	100113	100225	100292	100357
112	88906.9	81689.9	1847	4	36589	37189	200015	2	1790	100368	100092
113	103892	142283	2719	23	35753	36353	200015	2	2618	100177	100440
114	153115	71621.2	2351	66	36203	36803	200015	1	2007	100460
115	82357.5	120096	2582	40	35923	36523	200015	4	2393	100031	100244	100481	100206
116	68284.9	104238	2441	64	36109	36709	200015	3	2122	100443	100109	100183
117	94344	69198.3	2711	41	35795	36395	200015	3	2553	100066	100131	100325
118	157649	112183	2402	28	36080	36680	200015	4	2288	100130	100377	100405	100015
119	111487	133515	2766	63	35782	36382	200015	3	2589	100403	100321	100037
120	171007	110100	2587	13	35866	36466	200015	4	2500	100169	100193	100428	100070
121	146506	76579.6	2578	40	35927	36527	200015	4	2410	100458	100470	100485	100291
122	109141	148905	2355	8	18089	19289	200016	2	2282	100242	100392
123	84778.8	132207	2318	30	18168	19368	200016	2	2200	100268	100419
124	49447.3	169750	2354	31	18133	19333	200016	3	2191	100016	100488	100140
125	145634	192590	2195	29	18289	19489	200016	1	2017	100153
126	135290	181880	2746	59	17795	18995	200016	3	2524	100046	100275	100075
127	97463.1	142981	2011	5	18427	19627	200016	1	1941	100272
128	122082	166596	2813	65	17739	18939	200016	2	2585	100047	100366
129	88947.4	195343	1985	15	18472	19672	200016	2	1896	100339	100218
130	204246	152575	2444	18	19519	21019	200017	3	2357	100345	100194	100490
131	117531	187351	2572	19	19393	20893	200017	4	2475	100260	100227	100491	100132
132	108955	177929	2337	52	19690	21190	200017	2	2189	100480	100372
133	147365	131595	2229	28	19753	21253	200017	3	2126	100351	100080	100417
134	137159	146128	2136	13	19817	21317	200017	4	2051	100050	100283	100429	100323
135	144543	207341	2384	50	19640	21140	200017	4	2195	100017	100486	100459	100451
136	202271	183594	2616	62	19430	20930	200017	4	2405	100155	100073	100230	100328
137	181952	162984	1302	66	20752	22252	200017	1	958	100111
138	139529	50331.5	2373	40	33432	34632	200018	3	2239	100189	100059	100309
139	130828	3727.97	2313	36	33484	34684	200018	1	2104	100035
140	194845	54793.6	2285	35	33510	34710	200018	5	2117	100391	100185	100342	100018	100253
141	188584	67605.3	2381	61	33463	34663	200018	2	2185	100054	100279
142	172282	75936.8	2723	52	33104	34304	200018	2	2481	100197	100198
143	173722	76622.2	2187	66	33667	34867	200018	1	1843	100259
144	208250	49251.5	2333	20	33434	34634	200018	2	2240	100106	100116
145	207578	37184.6	1996	66	33858	35058	200018	1	1652	100034
146	161620	57662.1	2327	59	33514	34714	200018	2	2162	100161	100071
147	199148	29939.8	2778	40	33027	34227	200018	4	2649	100224	100159	100310	100205
148	76266.7	206162	2458	66	30996	31896	200019	1	2114	100266
149	25567.3	156941	2547	27	30833	31733	200019	2	2391	100433	100389
150	32554.9	188831	2051	6	31289	32189	200019	2	1979	100495	100019
151	110568	198801	2199	23	18573	20073	200020	1	2049	100241
152	8277.84	181188	2332	25	18444	19944	200020	2	2235	100237	100352
153	48625.9	146951	2156	62	18690	20190	200020	1	1830	100020
154	63970.6	157204	1436	5	19302	20802	200020	1	1366	100388
155	80858.8	183748	2516	12	18235	19735	200020	3	2431	100076	100393	100214
156	194065	157477	2300	27	27180	28680	200021	3	2196	100195	100061	100212
157	109541	194230	2176	12	27275	28775	200021	3	2096	100217	100107	100274
158	183945	148781	2229	22	27241	28741	200021	3	2109	100146	100411	100220
159	163433	130641	2450	32	27039	28539	200021	4	2283	100229	100412	100416	100180
160	122643	204804	2535	33	26956	28456	200021	4	2418	100281	100049	100424	100222
161	134190	162555	2089	66	27465	28965	200021	1	1745	100089
162	196944	201666	2071	66	27483	28983	200021	1	1727	100347
163	137930	165018	2460	62	27086	28586	200021	4	2293	100124	100482	100164	100021
164	137313	175633	1554	66	28000	29500	200021	2	1220	100202	100254
165	91266.7	131818	2591	33	23000	23900	200022	2	2437	100410	100261
166	94919	137554	2135	24	23439	24339	200022	2	2014	100499	100162
167	102074	156292	2329	54	23302	24202	200022	3	2153	100462	100101	100062
168	61456.2	154415	2610	62	23036	23936	200022	3	2404	100498	100042	100160
169	38769.2	178740	1877	4	23659	24559	200022	1	1812	100181
170	138331	177809	2712	30	22874	23774	200022	2	2602	100474	100238
171	124177	184651	1698	66	23956	24856	200022	1	1354	100065
172	77732.3	161131	2733	27	22847	23747	200022	3	2616	100269	100476	100022
173	137031	47397.4	2591	33	19700	20300	200023	4	2476	100385	100033	100064	100056
174	148222	56735.4	2188	10	20060	20660	200023	2	2103	100068	100133
175	174877	82589.2	2443	51	19882	20482	200023	2	2289	100097	100156
176	166667	64859.4	2124	60	20219	20819	200023	3	1957	100355	100119	100300
177	121597	29280.8	2119	5	20119	20719	200023	1	2049	100102
178	139489	3044.79	2148	19	20117	20717	200023	4	2051	100432	100045	100371	100023
179	190672	50795.1	2482	59	19859	20459	200023	3	2312	100248	100288	100122
180	164597	74984.3	2506	63	19842	20442	200023	3	2228	100055	100395	100235
181	188906	56299	2546	55	19787	20387	200023	3	2262	100043	100273	100356
182	204094	27269.7	1787	24	20487	21087	200023	2	1687	100190	100336
183	15280.7	187262	2122	3	16212	18012	200024	1	2062	100024
184	32300	196968	2647	7	15695	17495	200024	3	2581	100276	100408	100359
185	89685.6	160702	2284	38	16117	17917	200024	2	2073	100370	100216
186	112536	183773	1970	9	16376	18176	200024	2	1892	100361	100430
187	54524.6	157174	1918	23	16454	18254	200024	2	1775	100420	100464
188	76130.6	144932	2215	5	23323	24223	200025	2	2156	100173	100060
189	155581	187525	2103	5	23435	24335	200025	1	2033	100304
190	128938	205265	2420	57	23217	24117	200025	4	2259	100251	100096	100171	100025
191	105060	154252	2733	13	22820	23720	200025	2	2659	100374	100099
192	77781.9	179662	2729	20	22838	23738	200025	5	2636	100223	100358	100127	100414	100048
193	106849	169331	2551	3	22983	23883	200025	2	2493	100398	100040
DIMENSION: 194
SOLVETIME: 33.976
DEPOT_SECTION
1
-1
EOF
