SCHOOLNODENUMBER: 12
SCHNODE_COORD_SECTION
200001	75440.3	197766	630	655	25
200002	78110.9	193992	1000	1010	10
200003	190473	163547	1020	1030	10
200004	192244	161698	905	935	30
200005	81207.1	195119	715	740	25
200006	78643.9	191805	630	640	10
200007	79239.9	193784	940	1000	20
200008	77865.2	194346	705	720	15
200009	189226	160044	725	745	20
200010	74397.8	195706	530	555	25
200011	185815	156689	830	900	30
200012	84858.5	197119	515	540	25
MAX_RIDING_TIME: 2700
EDGE_WEIGHT_FORMAT: FUNCTION
EDGE_WEIGHT_TYPE: MAN_2D
NODE_COORD_TYPE: TWOD_COORDS
NODE_COORD_SECTION
0	105600	105600	0	0	0	0	0	0	0
1	64599.6	149613	2574	19	20891	22391	200001	3	2483	100108	100139	100218
2	69716.9	143810	2130	11	21319	22819	200001	1	2034	100093
3	90657.7	185425	1077	20	22390	23890	200001	1	939	100001
4	109542	162853	2795	35	33300	33900	200002	4	2676	100230	100144	100137	100002
5	116832	206363	1919	29	34165	34765	200002	1	1741	100233
6	71382.9	149832	1982	19	34083	34683	200002	5	1888	100067	100031	100111	100083	100136
7	131477	159225	2363	31	34924	35524	200003	2	2255	100172	100018
8	163011	130390	2802	49	34520	35120	200003	4	2651	100064	100068	100124	100245
9	156422	139374	2692	63	34656	35256	200003	3	2515	100053	100196	100227
10	193756	113524	2826	61	34518	35118	200003	2	2656	100100	100247
11	186773	112996	2697	48	34623	35223	200003	5	2543	100114	100097	100030	100132	100166
12	200562	120726	2775	41	34531	35131	200003	6	2645	100203	100135	100133	100073	100228	100103
13	202742	203289	2790	66	34564	35164	200003	4	2586	100080	100241	100168	100229
14	145849	175847	2719	57	34618	35218	200003	5	2553	100197	100091	100141	100161	100193
15	187539	124274	2807	66	34547	35147	200003	4	2611	100109	100094	100222	100003
16	157495	190534	2811	64	34539	35139	200003	3	2562	100118	100099	100069
17	193899	110896	2804	54	34527	35127	200003	2	2641	100116	100244
18	146167	145970	2359	41	34947	35547	200003	2	2229	100089	100039
19	191925	101615	2463	55	30370	32170	200004	3	2244	100049	100220	100188
20	177978	112996	2805	64	30045	31845	200004	5	2634	100129	100152	100202	100054	100150
21	200006	114994	2498	58	30341	32141	200004	6	2338	100194	100028	100179	100013	100086	100147
22	182581	173487	2776	66	30078	31878	200004	4	2515	100234	100231	100090	100088
23	206056	118423	2667	61	30177	31977	200004	5	2494	100062	100045	100167	100212	100206
24	177080	124974	2821	51	30004	31804	200004	5	2667	100217	100127	100138	100059	100182
25	149411	146070	2125	11	30624	32424	200004	3	2047	100025	100128	100126
26	149908	179744	2323	40	30482	32282	200004	3	2186	100213	100038	100004
27	143023	167432	2534	64	30316	32116	200004	2	2355	100191	100237
28	178547	187385	2282	14	30473	32273	200004	2	2190	100020	100023
29	81123.8	136875	2499	16	23660	25160	200005	4	2411	100075	100063	100169	100211
30	109925	179382	2167	17	23994	25494	200005	2	2069	100123	100190
31	99194.4	165740	2494	16	23665	25165	200005	3	2409	100225	100119	100005
32	110479	164162	2580	48	20940	21540	200006	3	2434	100006	100043	100029
33	62491.5	144811	2535	64	21015	21615	200006	3	2359	100183	100014	100058
34	80910.4	139149	2603	35	20892	21492	200006	2	2484	100154	100148
35	65213.2	151735	2848	65	20704	21304	200006	4	2667	100125	100239	100047	100066
36	68250.4	141965	2634	14	32221	33421	200007	3	2550	100041	100186	100145
37	116438	175385	2034	7	32808	34008	200007	2	1968	100195	100249
38	55135.1	154700	2255	8	32589	33789	200007	2	2179	100250	100007
39	55203.9	156112	2767	38	22834	23734	200008	4	2575	100204	100036	100035	100044
40	125105	180705	2267	28	23315	24215	200008	2	2101	100223	100008
41	112593	170239	2103	7	23439	24339	200008	2	2029	100178	100050
42	79668	140811	2462	35	23133	24033	200008	4	2343	100156	100246	100087	100242
43	94894	154659	2106	28	23476	24376	200008	1	1933	100070
44	201361	109806	2412	41	24394	25594	200009	4	2274	100027	100162	100208	100155
45	178374	112598	2741	57	24096	25296	200009	5	2575	100095	100240	100143	100071	100015
46	166319	125529	2786	52	24041	25241	200009	5	2635	100096	100077	100098	100207	100142
47	135294	156698	2717	40	24088	25288	200009	3	2562	100009	100057	100065
48	149563	142817	2464	28	24318	25518	200009	4	2314	100042	100105	100051	100060
49	186821	103093	2612	46	24204	25404	200009	4	2470	100052	100151	100185	100175
50	202981	116970	2517	12	24234	25434	200009	3	2437	100180	100122	100153
51	170099	189185	2684	37	24115	25315	200009	5	2561	100046	100016	100102	100215	100061
52	183355	128946	1604	66	25250	26450	200009	1	1260	100106
53	179205	164438	2748	31	24039	25239	200009	4	2619	100055	100022	100026	100187
54	160030	165991	2654	41	24152	25352	200009	4	2516	100082	100019	100117	100200
55	70050.6	138979	2684	17	17177	18677	200010	3	2602	100216	100084	100177
56	77052.6	157317	1546	18	18317	19817	200010	2	1423	100210	100176
57	50913.6	159378	2770	45	17144	18644	200010	2	2554	100040	100010
58	204560	116096	2528	66	28226	30026	200011	5	2345	100140	100232	100110	100236	100157
59	191580	101512	2801	64	27949	29749	200011	3	2619	100235	100224	100173
60	177903	102142	2725	57	28012	29812	200011	3	2432	100121	100034	100048
61	207201	170581	1379	25	29297	31097	200011	2	1222	100243	100149
62	167974	112290	2486	63	28262	30062	200011	3	2312	100032	100164	100092
63	199207	116149	2685	66	28069	29869	200011	4	2507	100174	100085	100120	100017
64	164443	122780	2762	66	27992	29792	200011	5	2579	100181	100158	100184	100165	100238
65	191663	109852	2697	51	28028	29828	200011	6	2551	100159	100248	100189	100076	100198	100134
66	143419	173214	2759	17	27902	29702	200011	6	2669	100011	100171	100107	100146	100115	100104
67	152916	126736	2628	63	28120	29920	200011	4	2454	100221	100192	100024	100163
68	182233	101357	2584	63	28164	29964	200011	3	2345	100021	100081	100131
69	150764	130146	2744	64	28006	29806	200011	4	2565	100199	100209	100056	100170
70	171812	107395	2691	52	28036	29836	200011	3	2483	100078	100113	100112
71	176303	134970	1404	65	29348	31148	200011	1	1064	100033
72	141279	140662	2750	38	27951	29751	200011	4	2617	100226	100160	100037	100201
73	136844	151401	2661	38	28040	29840	200011	3	2476	100214	100219	100074
74	102369	151379	2504	63	16544	18044	200012	2	2236	100130	100101
75	128023	180109	2590	63	16458	17958	200012	3	2361	100072	100079	100012
76	88080.5	190080	419	5	18519	20019	200012	1	349	100205
DIMENSION: 77
SOLVETIME: 24.826
DEPOT_SECTION
1
-1
EOF
