SCHOOLNODENUMBER: 25
SCHNODE_COORD_SECTION
200001	3786.61	156248	730	755	25
200002	117081	80823.6	1015	1025	10
200003	46831.5	113678	815	840	25
200004	119787	71488.6	705	725	20
200005	12290.6	158266	610	630	20
200006	184444	19831	500	525	25
200007	46008.7	115760	735	805	30
200008	190742	20300.4	540	555	15
200009	137367	55159.8	800	830	30
200010	133421	16183.9	835	845	10
200011	116925	72836.3	605	635	30
200012	10955.6	150391	815	840	25
200013	8384.45	158044	810	830	20
200014	137954	52771.6	455	510	15
200015	42803.2	107942	805	830	25
200016	121111	78682.8	825	850	25
200017	128510	15885.6	915	935	20
200018	47515.1	119425	910	930	20
200019	6902.36	158075	940	1010	30
200020	130299	49429.4	630	655	25
200021	185147	22831.7	915	930	15
200022	136274	55273.6	720	735	15
200023	188217	11642.1	1035	1100	25
200024	51291.5	54059.1	535	600	25
200025	187156	16932	805	830	25
MAX_RIDING_TIME: 2700
EDGE_WEIGHT_FORMAT: FUNCTION
EDGE_WEIGHT_TYPE: MAN_2D
NODE_COORD_TYPE: TWOD_COORDS
NODE_COORD_SECTION
0	105600	105600	0	0	0	0	0	0	0
1	54381.2	150791	2523	39	24580	26080	200001	5	2388	100219	100334	100840	100172	100743
2	48245.9	158312	2730	7	24312	25812	200001	3	2659	100991	100742	100276
3	24060.3	196396	2391	59	24750	26250	200001	2	2088	100263	100366
4	6889.21	101240	2798	42	24310	25810	200001	3	2651	100901	100865	100546
5	38942.5	144068	2223	52	24904	26404	200001	4	2075	100660	100515	100377	100701
6	22215.7	189112	2092	66	25062	26562	200001	1	1748	100500
7	32709.4	137716	2374	19	24691	26191	200001	5	2285	100395	100277	100492	100740	100806
8	9581.13	120109	1768	61	25376	26876	200001	2	1473	100885	100941
9	40005.3	183119	2610	66	24544	26044	200001	2	2370	100709	100714
10	17365.3	110817	2648	60	24495	25995	200001	4	2393	100687	100412	100274	100250
11	1573.17	201678	1883	15	25174	26674	200001	3	1797	100001	100807	100707
12	14130.9	132106	1519	66	25635	27135	200001	1	1175	100451
13	118164	133114	2357	57	34680	35280	200002	3	2194	100238	100571	100545
14	79048.6	93038.5	2604	53	34425	35025	200002	3	2391	100673	100105	100533
15	106377	131829	2806	66	34248	34848	200002	4	2540	100420	100327	100525	100253
16	164789	94042.4	2421	66	34633	35233	200002	1	2077	100463
17	109939	28503	2790	44	34222	34822	200002	3	2649	100371	100728	100112
18	86701.1	54641.9	2701	48	34319	34919	200002	5	2557	100282	100055	100943	100639	100915
19	135039	125331	2736	48	34284	34884	200002	4	2582	100582	100442	100320	100144
20	170658	80143	2799	63	34249	34849	200002	3	2575	100662	100620	100052
21	147281	105666	2296	63	34752	35352	200002	3	2124	100690	100665	100473
22	150451	63950.2	1845	7	35097	35697	200002	4	1779	100079	100387	100158	100273
23	107198	50653	2659	41	34347	34947	200002	5	2529	100333	100820	100069	100838	100846
24	137302	120715	2678	45	34336	34936	200002	3	2535	100453	100225	100199
25	90638.2	72672.9	2544	65	34508	35108	200002	2	2368	100816	100125
26	82607.1	108616	2571	51	34454	35054	200002	3	2417	100200	100074	100002
27	120483	89754.3	764	66	36290	36890	200002	1	420	100899
28	66999.3	96340.2	1613	64	28237	29737	200003	1	1278	100457
29	20382.2	133421	2780	64	27070	28570	200003	6	2604	100347	100357	100505	100459	100616	100212
30	70248.6	100389	2632	66	27222	28722	200003	3	2449	100817	100419	100672
31	48520.9	55217.2	2757	62	27089	28589	200003	4	2585	100089	100763	100509	100440
32	25670.7	78789.9	2254	66	27600	29100	200003	1	1910	100587
33	8221.26	132315	2692	54	27139	28639	200003	4	2527	100497	100346	100003	100856
34	25381.8	76983.8	2646	26	27132	28632	200003	4	2542	100698	100771	100471	100058
35	58820.4	72387.6	2188	64	27662	29162	200003	3	1863	100928	100580	100243
36	83197.5	130918	2462	55	27371	28871	200003	4	2284	100195	100960	100098	100680
37	7308.37	90921.7	2645	28	27137	28637	200003	3	2495	100762	100322	100675
38	58954.6	151744	2821	55	27012	28512	200003	4	2565	100968	100234	100811	100833
39	61072.1	142970	1819	64	28031	29531	200003	1	1484	100487
40	57747.8	140370	1827	64	28023	29523	200003	2	1578	100337	100162
41	36524	154292	2460	65	27392	28892	200003	6	2279	100517	100312	100795	100522	100860	100972
42	60325.2	70570.7	2528	46	27288	28788	200003	4	2295	100945	100168	100121	100131
43	46136.3	78068.6	1581	66	28273	29773	200003	1	1237	100659
44	26014.5	111555	1126	66	28728	30228	200003	1	782	100428
45	82564	99570.1	2750	53	27079	28579	200003	6	2592	100630	100862	100329	100650	100542	100944
46	46382.7	56052.5	2664	62	27182	28682	200003	3	2466	100228	100348	100231
47	121786	132757	2621	19	22944	24144	200004	5	2527	100520	100223	100064	100715	100648
48	130581	116734	2563	66	23091	24291	200004	4	2380	100842	100039	100857	100513
49	174941	78365	2458	66	23196	24396	200004	1	2114	100421
50	108788	20820.2	2446	62	23200	24400	200004	2	2133	100166	100954
51	135401	114661	2644	53	22985	24185	200004	5	2494	100591	100537	100260	100769	100922
52	103072	41151.4	2729	55	22904	24104	200004	3	2572	100946	100100	100056
53	132411	24867.7	2459	61	23185	24385	200004	3	2169	100336	100088	100732
54	102827	104032	2564	59	23077	24277	200004	2	2394	100749	100126
55	85853.8	48778	2752	66	22902	24102	200004	4	2530	100251	100745	100693	100178
56	91171.4	44761.1	2398	62	23248	24448	200004	2	2103	100607	100902
57	87035.3	93105.7	2085	33	23506	24706	200004	3	1929	100390	100323	100004
58	114721	104734	1714	64	23936	25136	200004	3	1509	100434	100848	100406
59	158627	58639.6	2106	66	23548	24748	200004	1	1762	100512
60	159913	60271.5	2641	63	23007	24207	200004	5	2467	100292	100551	100576	100682	100318
61	157441	87796.6	2143	18	23420	24620	200004	2	2059	100306	100724
62	151345	93711.3	2123	54	23508	24708	200004	1	1833	100398
63	112091	89730.8	1228	66	24426	25626	200004	1	884	100801
64	73033.2	59394.7	2710	28	22872	24072	200004	3	2607	100461	100220	100073
65	54366	176555	2662	50	19662	20862	200005	3	2501	100456	100432	100114
66	31660.3	198566	2288	42	20020	21220	200005	2	2065	100115	100235
67	17175.4	103949	2399	46	19917	21117	200005	4	2257	100652	100468	100424	100600
68	65293.7	156657	2591	63	19757	20957	200005	4	2419	100711	100340	100557	100005
69	10955.4	197029	2424	6	19816	21016	200005	2	2352	100783	100161
70	59068.5	168239	2611	49	19711	20911	200005	2	2457	100286	100214
71	10652.6	105569	2445	55	19888	21088	200005	5	2275	100368	100829	100465	100353	100476
72	11696.4	126613	2199	52	20128	21328	200005	4	2043	100237	100145	100852	100637
73	9088.67	131753	1357	66	20997	22197	200005	1	1013	100911
74	18603.9	127009	1704	63	20644	21844	200005	3	1532	100718	100641	100511
75	126484	24549.6	2196	3	15838	17338	200006	1	2136	100208
76	174469	71918.7	2459	66	15695	17195	200006	1	2115	100894
77	143577	245.5	2179	8	15865	17365	200006	3	2106	100814	100667	100947
78	171033	55258.3	2616	56	15519	17019	200006	3	2343	100359	100755	100841
79	186116	63349.4	2529	66	15625	17125	200006	3	2276	100342	100401	100278
80	157957	50104.2	2574	53	15555	17055	200006	6	2419	100808	100425	100550	100549	100080	100006
81	206762	59763.8	2472	44	15640	17140	200006	3	2276	100102	100815	100319
82	100357	106895	2635	44	24777	26577	200007	3	2437	100267	100317	100308
83	50369.5	57909.6	2749	14	24606	26406	200007	5	2665	100007	100907	100458	100538	100363
84	37361.3	95583.9	2323	66	25131	26931	200007	3	2145	100893	100510	100272
85	15843	139170	2813	52	24614	26414	200007	7	2662	100835	100773	100345	100130	100207	100598	100933
86	37477.2	63122.3	2543	65	24909	26709	200007	4	2281	100379	100194	100514	100516
87	54695.5	165326	2563	64	24887	26687	200007	3	2392	100958	100191	100764
88	87275.6	122862	2720	21	24648	26448	200007	5	2626	100310	100378	100040	100394	100151
89	68260.1	79070.6	2715	33	24676	26476	200007	4	2598	100034	100380	100224	100685
90	70489.6	151109	2462	66	24992	26792	200007	3	2274	100733	100147	100722
91	30434.1	156479	2684	66	24770	26570	200007	4	2509	100469	100173	100330	100477
92	50543.6	64786.2	2236	66	25218	27018	200007	1	1892	100782
93	277.14	125379	2804	44	24608	26408	200007	5	2660	100104	100543	100727	100449	100362
94	97642	113232	2159	59	25282	27082	200007	1	1846	100844
95	36205.2	107021	1474	57	25963	27763	200007	5	1256	100563	100482	100350	100435	100602
96	71754.9	101140	2419	14	24936	26736	200007	5	2338	100573	100369	100445	100065	100203
97	90159.6	117302	1901	66	25553	27353	200007	1	1557	100218
98	17612.7	82031.2	2498	66	24956	26756	200007	3	2253	100895	100076	100083
99	16347.2	97604.6	2510	54	24921	26721	200007	3	2355	100886	100903	100072
100	53568.7	142296	2777	65	24675	26475	200007	4	2573	100555	100448	100909	100290
101	34681	112717	833	66	26621	28421	200007	1	489	100770
102	188567	80355.9	2447	54	18084	18984	200008	3	2209	100084	100051	100239
103	162756	52100.4	2229	28	18253	19153	200008	2	2063	100919	100955
104	171124	60290.7	2481	55	18052	18952	200008	3	2202	100712	100008	100037
105	186481	52176.5	2805	47	17713	18613	200008	6	2666	100734	100613	100163	100411	100683	100553
106	136064	18773.3	2379	4	18057	18957	200008	2	2322	100767	100275
107	203509	65369.3	2776	46	17740	18640	200008	3	2639	100063	100780	100480
108	162667	642.45	1800	28	18682	19582	200008	1	1627	100720
109	199600	4154.72	1196	66	19358	20258	200008	1	852	100646
110	96140.7	33141.6	2676	54	26255	28055	200009	4	2513	100635	100059	100009	100621
111	88229	55389.3	2724	9	26122	27922	200009	2	2654	100963	100554
112	164950	89139.7	2301	11	26548	28348	200009	4	2231	100246	100205	100704	100610
113	141562	109266	2341	13	26512	28312	200009	3	2256	100491	100962	100881
114	109519	87872.7	2301	34	26592	28392	200009	3	2124	100614	100556	100503
115	103755	30947.8	2670	22	26200	28000	200009	4	2579	100900	100157	100586	100997
116	138521	10955.4	2706	65	26246	28046	200009	4	2533	100569	100776	100376	100135
117	106614	29752	2258	66	26696	28496	200009	1	1914	100930
118	170206	43428.2	2331	3	26503	28303	200009	2	2276	100887	100328
119	174227	63669.7	2766	39	26137	27937	200009	4	2608	100252	100268	100264	100082
120	115035	93933.9	2202	8	26642	28442	200009	3	2132	100858	100091	100192
121	165007	50966.6	1429	66	27525	29325	200009	1	1085	100181
122	113787	55137.6	2319	46	28697	29297	200010	3	2153	100699	100143	100470
123	165986	37509.7	2410	42	28598	29198	200010	2	2273	100101	100156
124	127800	71183.2	2190	8	28754	29354	200010	2	2117	100679	100973
125	155637	53780.1	2227	19	28738	29338	200010	4	2125	100526	100481	100407	100629
126	136736	64125.4	2269	50	28755	29355	200010	2	2119	100746	100054
127	86430.8	13780.2	2778	59	28263	28863	200010	6	2556	100877	100521	100634	100174	100417	100874
128	166961	42897.9	2755	64	28295	28895	200010	4	2579	100010	100213	100046	100765
129	94062.2	38997.1	2583	58	28456	29056	200010	3	2363	100291	100932	100918
130	110512	24983.3	1412	59	29629	30229	200010	2	1109	100859	100148
131	153313	84254.5	1955	62	20091	21891	200011	1	1629	100462
132	55848.3	72245.4	2675	42	19333	21133	200011	3	2541	100595	100640	100827
133	117078	80270.5	2662	65	19390	21190	200011	3	2471	100626	100787	100976
134	88729.3	105628	2766	66	19288	21088	200011	3	2565	100719	100566	100077
135	83517.4	52738.3	2771	27	19209	21009	200011	3	2628	100949	100226	100289
136	108153	21721.6	2385	66	19669	21469	200011	1	2041	100980
137	109747	25275.7	2491	58	19548	21348	200011	2	2328	100307	100222
138	110519	21514.5	2176	32	19813	21613	200011	2	2040	100150	100605
139	155556	84622.2	2769	29	19215	21015	200011	2	2638	100103	100300
140	163930	63056.1	2293	65	19759	21559	200011	2	1959	100313	100649
141	157898	93680.7	2778	55	19255	21055	200011	4	2598	100248	100956	100011	100190
142	155108	55173.6	2594	49	19428	21228	200011	3	2370	100443	100229	100245
143	108117	27875	2173	65	19879	21679	200011	1	1833	100047
144	143454	99673	2163	66	19891	21691	200011	1	1819	100397
145	89520.5	41252.4	2112	8	19832	21632	200011	2	2039	100452	100030
146	95855.6	85213.9	2704	61	19340	21140	200011	2	2385	100393	100906
147	159626	80319.5	2082	64	19968	21768	200011	3	1760	100609	100655	100339
148	99724.1	113503	2651	59	19390	21190	200011	3	2478	100684	100967	100971
149	138249	107806	2457	57	19580	21380	200011	3	2299	100908	100581	100262
150	105744	108717	1948	66	20106	21906	200011	1	1604	100778
151	127819	121563	2802	49	19220	21020	200011	5	2656	100965	100403	100880	100093	100548
152	150384	45211.1	2475	65	19577	21377	200011	4	2250	100850	100140	100982	100590
153	67583.4	148063	2655	45	27159	28659	200012	3	2429	100668	100796	100735
154	58389.7	165377	2674	62	27172	28672	200012	3	2499	100444	100314	100254
155	14879.2	91146.4	2584	61	27260	28760	200012	3	2286	100855	100560	100388
156	2450.82	100049	2463	66	27391	28891	200012	4	2288	100644	100408	100483	100028
157	15242.1	96368.2	2810	64	27040	28540	200012	4	2574	100890	100797	100696	100891
158	52512.8	128832	2531	66	27323	28823	200012	3	2353	100839	100825	100297
159	29899.7	108337	2778	66	27076	28576	200012	6	2592	100794	100810	100861	100940	100565	100344
160	28937.1	111744	2464	65	27388	28888	200012	4	2286	100050	100736	100661	100916
161	50675.7	158026	2139	56	27696	29196	200012	4	1978	100830	100799	100183	100654
162	37100.2	181159	2281	57	27556	29056	200012	3	2112	100232	100939	100819
163	20442.7	101050	2590	66	27264	28764	200012	4	2415	100475	100447	100959	100299
164	58257.1	140742	2803	66	27051	28551	200012	5	2599	100122	100929	100878	100951	100599
165	3944.64	173595	2421	53	27408	28908	200012	3	2216	100012	100436	100854
166	20087.3	111971	2040	21	27728	29228	200012	4	1943	100439	100053	100625	100043
167	44448.5	175940	2197	65	27355	28555	200013	2	1870	100896	100354
168	24930.6	111955	2714	63	26834	28034	200013	5	2534	100422	100914	100981	100741	100155
169	37451.4	125067	2459	49	27063	28263	200013	3	2251	100995	100657	100691
170	2844.27	118331	1913	64	27637	28837	200013	3	1734	100099	100574	100737
171	41143.4	187058	2330	29	27154	28354	200013	3	2222	100913	100603	100013
172	33234	120558	2469	58	27070	28270	200013	3	2184	100871	100142	100585
173	47471.1	142720	2616	64	26934	28134	200013	3	2437	100266	100416	100529
174	55995.2	161098	2058	51	27467	28667	200013	3	1909	100265	100206	100392
175	54265.3	141906	2517	48	27003	28203	200013	4	2363	100149	100678	100399	100623
176	19063.4	172105	1187	66	28367	29567	200013	1	843	100217
177	46307.9	133168	2485	62	27061	28261	200013	2	2307	100270	100611
178	24907.7	126868	2382	64	27168	28368	200013	2	2057	100977	100664
179	89102.3	40106.8	2651	33	15140	16040	200014	3	2534	100622	100612	100498
180	101247	28658.4	2450	53	15379	16279	200014	3	2180	100127	100964	100950
181	121093	82268.1	1793	33	15998	16898	200014	2	1665	100455	100999
182	117915	70262.5	1547	49	16275	17175	200014	1	1279	100826
183	175301	35530.5	1967	9	15779	16679	200014	2	1892	100129	100302
184	107960	27161	2668	40	15137	16037	200014	3	2531	100872	100869	100788
185	135564	8980.1	2536	62	15310	16210	200014	4	2361	100175	100415	100568	100014
186	116294	89523.2	2362	59	15479	16379	200014	3	2195	100193	100703	100035
187	149040	70789.4	2507	24	15267	16167	200014	4	2378	100527	100279	100752	100182
188	144598	106294	2241	24	15533	16433	200014	3	2138	100876	100078	100038
189	31250.1	56324.5	2768	58	26471	27971	200015	5	2608	100227	100256	100386	100531	100870
190	53198.2	59170.2	2846	64	26404	27904	200015	3	2610	100847	100651	100834
191	12068.2	137016	2442	38	26759	28259	200015	7	2309	100578	100284	100041	100559	100389	100141	100283
192	72439.7	77788	2669	59	26572	28072	200015	5	2504	100697	100618	100015	100688	100187
193	29849.6	77241.4	2828	66	26426	27926	200015	4	2497	100372	100987	100998	100494
194	66249.3	133679	2809	56	26426	27926	200015	4	2645	100293	100518	100884	100097
195	82825.3	101694	2412	53	26817	28317	200015	6	2257	100632	100717	100258	100087	100298	100426
196	59211.8	141132	2034	66	27220	28720	200015	1	1690	100485
197	43907.8	157339	2197	66	27057	28557	200015	2	2022	100985	100216
198	82174.1	112954	2106	65	27146	28646	200015	3	1922	100786	100879	100686
199	35351.2	158247	2778	43	26432	27932	200015	5	2642	100633	100032	100924	100241	100066
200	63799.4	109209	2265	59	26976	28476	200015	3	2100	100708	100957	100615
201	19613.3	98489.6	2572	47	26646	28146	200015	4	2417	100716	100920	100211	100931
202	14173	115918	2697	66	26557	28057	200015	7	2402	100400	100338	100383	100584	100790	100070	100627
203	9922.88	104420	1649	65	27603	29103	200015	3	1330	100873	100910	100169
204	25916.9	132258	2495	37	26704	28204	200015	6	2364	100301	100777	100437	100107	100062	100188
205	49360.6	96348.7	2772	58	26467	27967	200015	4	2609	100060	100261	100921	100936
206	87113.2	68917.4	2646	60	27797	29297	200016	4	2349	100086	100738	100798	100431
207	153605	48103.3	2845	66	27609	29109	200016	2	2511	100152	100081
208	67898.3	69933.2	2620	11	27729	29229	200016	3	2547	100197	100164	100996
209	154263	107451	2789	63	27659	29159	200016	3	2573	100201	100375	100768
210	112866	132022	2485	66	27969	29469	200016	2	2305	100904	100116
211	94905.2	90190.5	2797	49	27625	29125	200016	4	2651	100396	100280	100758	100710
212	139669	103495	2580	65	27872	29372	200016	3	2337	100092	100096	100564
213	143256	56643.9	1815	54	28616	30116	200016	2	1600	100474	100935
214	107544	29071.7	2848	65	27604	29104	200016	4	2667	100177	100604	100355	100552
215	104631	49728.9	1911	66	28543	30043	200016	2	1650	100828	100753
216	138592	101182	1706	66	28748	30248	200016	1	1362	100137
217	123375	114200	2773	60	27670	29170	200016	3	2598	100433	100653	100186
218	152924	58543.6	2457	62	27989	29489	200016	4	2253	100240	100242	100804	100016
219	168690	82014.8	2805	61	27639	29139	200016	3	2640	100721	100271	100210
220	117624	107237	2273	50	28151	29651	200016	3	2050	100624	100044	100154
221	113977	37194.3	1961	65	31491	32691	200017	2	1788	100026	100674
222	135137	40222.7	1661	66	31793	32993	200017	2	1371	100335	100430
223	114168	53830.5	2386	46	31030	32230	200017	3	2231	100110	100601	100495
224	92367.8	31117.4	2114	66	31340	32540	200017	2	1775	100309	100176
225	156185	48458	2315	10	31033	32233	200017	2	2235	100230	100748
226	70594.9	11133	2762	51	30663	31863	200017	3	2499	100912	100128	100572
227	94559.5	44712.9	2569	46	30847	32047	200017	4	2421	100747	100259	100619	100111
228	81389.4	4115.52	2573	61	30871	32071	200017	3	2403	100404	100134	100864
229	101866	30950.8	2842	64	30608	31808	200017	3	2671	100785	100221	100017
230	99276.4	12463.6	2278	66	31176	32376	200017	2	2012	100360	100351
231	15787	102918	2748	66	30406	31606	200018	4	2466	100504	100766	100594	100501
232	72543.8	103234	2833	59	30308	31508	200018	4	2671	100577	100730	100018	100729
233	22967.1	89015.5	2621	49	30501	31701	200018	5	2467	100853	100588	100562	100068	100523
234	29836.8	112559	1166	63	31982	33182	200018	1	836	100215
235	96501.1	128542	2431	55	30702	31902	200018	4	2225	100547	100304	100117	100938
236	45938	179349	2598	56	30537	31737	200018	3	2431	100410	100784	100953
237	76918.9	137903	2833	57	30304	31504	200018	4	2664	100663	100484	100952	100824
238	49242.2	73816.4	2516	64	30634	31834	200018	2	2269	100983	100042
239	8235.5	109697	2251	56	30884	32084	200018	3	2084	100617	100365	100446
240	49861.6	67567.2	2351	65	30801	32001	200018	2	2152	100897	100356
241	59828.9	158493	2797	45	30317	31517	200018	3	2651	100506	100269	100800
242	9994.34	130108	2823	64	30327	31527	200018	3	2595	100948	100832	100986
243	25982.1	107310	2812	52	30315	31515	200018	5	2653	101000	100883	100713	100889	100882
244	15875.4	136061	2780	65	30372	31572	200018	3	2596	100791	100849	100196
245	37304.4	83017.1	1929	65	31223	32423	200018	1	1589	100466
246	12631.5	131107	1931	66	31223	32423	200018	1	1587	100405
247	90533.6	119865	2723	33	30368	31568	200018	6	2603	100726	100925	100090	100478	100802	100905
248	35372.2	77763.5	2816	60	30327	31527	200018	3	2600	100133	100818	100539
249	69221	86798.8	2764	57	30373	31573	200018	3	2551	100670	100821	100067
250	5026.26	107278	2748	64	30402	31602	200018	3	2572	100179	100508	100414
251	26419.4	127917	1352	66	31802	33002	200018	1	1008	100530
252	51468.7	176375	2623	59	30518	31718	200018	4	2456	100247	100851	100325	100739
253	39227.4	140484	2227	65	32725	34525	200019	4	2049	100180	100694	100019	100295
254	50303.6	172548	2298	62	32648	34448	200019	1	1972	100488
255	26733.2	119100	2349	58	32590	34390	200019	3	2189	100402	100118	100757
256	17036.3	110779	2604	66	32350	34150	200019	5	2387	100803	100413	100071	100136	100669
257	44005.5	143220	2102	59	32839	34639	200019	2	1927	100454	100249
258	13377.8	141432	2224	59	32717	34517	200019	3	2018	100534	100917	100631
259	18733.9	116707	2117	49	32805	34605	200019	3	1943	100119	100160	100867
260	51854.9	151927	2279	64	32671	34471	200019	3	2014	100843	100139	100937
261	58646	155132	2245	60	32698	34498	200019	2	1930	100994	100095
262	44651.1	173356	2520	48	32400	34200	200019	3	2379	100643	100441	100589
263	99582	41067.8	2663	36	20834	22334	200020	3	2537	100645	100519	100507
264	91882.1	73895.1	2442	56	21093	22593	200020	1	2143	100109
265	76623.8	58583.1	2224	4	21212	22712	200020	2	2167	100349	100020
266	95801.3	24384.3	2638	66	20916	22416	200020	2	2460	100809	100132
267	108573	13740.7	2619	11	20830	22330	200020	3	2541	100075	100120	100486
268	118675	24179.2	1480	35	22015	23515	200020	2	1353	100544	100061
269	146730	86795.2	2477	64	21073	22573	200020	2	2306	100979	100969
270	160535	71610.1	2737	48	20783	22283	200020	4	2593	100772	100370	100532	100123
271	164671	32063.6	2550	64	21000	22500	200020	2	2379	100391	100775
272	124469	104927	2494	39	21009	22509	200020	2	2281	100700	100689
273	90644.1	29714.5	2766	63	20782	22282	200020	2	2586	100993	100036
274	110510	81264.4	2326	60	21217	22717	200020	4	2151	100570	100146	100606	100761
275	191059	78443.2	2193	11	31156	32056	200021	1	2097	100892
276	167494	63686.8	2286	13	31067	31967	200021	4	2209	100540	100281	100502	100048
277	131526	17934.5	2747	22	30623	31523	200021	4	2627	100382	100970	100450	100536
278	155756	52953.9	2271	30	31115	32015	200021	3	2164	100373	100311	100813
279	202128	55565.1	1870	17	31491	32391	200021	3	1780	100332	100760	100021
280	203579	2282.41	1398	5	31940	32840	200021	1	1328	100898
281	167455	4127.52	1584	66	31870	32770	200021	1	1240	100198
282	73197.8	55397.6	2730	45	23784	24684	200022	3	2595	100984	100429	100705
283	125184	3553.46	2692	66	23862	24762	200022	4	2514	100384	100352	100499	100628
284	119622	97678.7	2473	66	24081	24981	200022	4	2295	100316	100029	100171	100022
285	195372	55422.8	2604	66	23950	24850	200022	2	2273	100942	100805
286	178438	75840.9	2464	54	24067	24967	200022	3	2187	100579	100285	100364
287	102447	44340.6	2482	60	24061	24961	200022	4	2315	100409	100597	100774	100361
288	152950	100646	2655	20	23812	24712	200022	2	2559	100167	100863
289	163237	25174.3	2289	66	24265	25165	200022	1	1945	100575
290	149753	94050.6	1873	6	24567	25467	200022	2	1809	100159	100209
291	112737	30966.8	1975	66	24579	25479	200022	1	1631	100608
292	159925	55935.8	2740	62	23806	24706	200022	4	2523	100326	100124	100751	100460
293	179873	60353.2	2509	15	23948	24848	200022	2	2428	100031	100189
294	103323	27983.6	2777	43	23733	24633	200022	3	2622	100695	100666	100836
295	139696	76256.2	1175	66	25379	26279	200022	1	831	100593
296	187732	54079.5	2160	29	36024	37524	200023	2	1992	100490	100966
297	133727	5868.35	2227	28	35955	37455	200023	1	2054	100418
298	139455	435.41	2347	53	35882	37382	200023	2	2077	100754	100303
299	159536	40354.7	2300	66	35954	37454	200023	1	1956	100185
300	177864	43661.3	1696	11	36453	37953	200023	2	1615	100385	100725
301	150018	35663.1	2483	62	35763	37263	200023	3	2316	100744	100558	100023
302	77411.3	41046.5	2416	66	17838	19338	200024	2	2171	100479	100792
303	20408.6	36391.3	2447	64	17803	19303	200024	4	2276	100367	100988	100658	100596
304	64344.4	7874.8	2835	64	17415	18915	200024	3	2664	100045	100781	100923
305	44744.8	11316.8	2667	59	17574	19074	200024	6	2494	100423	100975	100287	100464	100024	100822
306	85111.5	29314.9	2675	60	17568	19068	200024	2	2500	100165	100636
307	93073.6	33391.2	2734	54	17497	18997	200024	6	2532	100671	100294	100875	100343	100202	100374
308	17958.2	73729.3	2200	53	18029	19529	200024	5	2050	100974	100583	100438	100866	100692
309	74351.1	84834.6	2394	10	17754	19254	200024	4	2325	100990	100321	100535	100170
310	42926.8	2352.78	2803	65	17449	18949	200024	5	2617	100541	100759	100381	100647	100524
311	62419.8	98308.5	2428	66	17826	19326	200024	2	2089	100027	100341
312	4514.12	53323.9	2685	65	17567	19067	200024	5	2512	100677	100823	100731	100113	100992
313	107787	52728.8	2220	15	17937	19437	200024	2	2108	100676	100094
314	16163.4	27186.6	2843	61	17401	18901	200024	5	2613	100427	100493	100723	100257	100358
315	18596	69867.2	2713	65	17539	19039	200024	2	2532	100204	100153
316	31980.6	50828.7	2740	62	17506	19006	200024	3	2568	100296	100561	100989
317	54910	84478.6	2659	43	17551	19051	200024	3	2512	100138	100926	100681
318	49252.6	99590	2710	61	17534	19034	200024	4	2545	100033	100927	100779	100233
319	26066.8	23156.3	2822	61	17422	18922	200024	4	2555	100567	100184	100244	100324
320	41503.6	80774.9	1588	66	18666	20166	200024	1	1244	100315
321	28072.8	26083.2	2372	65	17880	19380	200024	4	2199	100638	100888	100467	100528
322	55079.8	28653.3	1339	66	18915	20415	200024	1	995	100845
323	32107.5	14343.4	2630	55	17603	19103	200024	4	2473	100288	100057	100305	100750
324	169497	59439.5	2767	29	26417	27917	200025	4	2654	100049	100978	100489	100496
325	128571	18292.7	2385	42	26823	28323	200025	3	2193	100108	100085	100592
326	147856	24394.7	2213	50	27011	28511	200025	3	2065	100706	100961	100255
327	137179	8817.36	2609	43	26601	28101	200025	3	2389	100642	100656	100793
328	209284	45450.8	2370	66	26884	28384	200025	2	2195	100934	100472
329	161646	43202.7	2136	44	27076	28576	200025	3	1998	100106	100837	100868
330	194393	254.19	2098	59	27143	28643	200025	3	1923	100025	100756	100702
331	186359	61792	2503	40	26702	28202	200025	4	2374	100789	100236	100812	100331
332	181004	27740.6	922	66	28332	29832	200025	1	578	100831
DIMENSION: 333
SOLVETIME: 128.365
DEPOT_SECTION
1
-1
EOF
