ID	X_COORD	Y_COORD	EP_ID	STUDENT_COUNT
100001	27108.5	19444.1	200001	46
100002	2585.99	139364	200002	5
100003	11304.7	136067	200003	36
100004	83555.2	33896.7	200004	2
100005	22297.7	77757.6	200005	13
100006	128084	15146.5	200006	5
100007	99093.4	50385.6	200007	5
100008	42033.6	7031	200008	14
100009	45743.9	78614.6	200009	4
100010	23872.5	190551	200010	2
100011	35149.7	125609	200011	16
100012	16890	99351.9	200012	19
100013	121413	46620.4	200013	37
100014	114161	66937.7	200014	1
100015	65775.2	97125.5	200015	8
100016	20168.7	75598.5	200016	4
100017	153824	186618	200017	23
100018	202319	1763.21	200018	21
100019	77761.7	103155	200019	4
100020	127237	59190.8	200020	10
100021	44616.5	45334.8	200021	16
100022	126757	109844	200022	21
100023	97864	45513.3	200023	29
100024	41606.5	95621.1	200024	3
100025	45768.4	138690	200025	3
100026	109407	193775	200026	1
100027	108499	206054	200027	11
100028	42013.7	180885	200028	1
100029	46544.7	144772	200029	1
100030	85324.3	40786.5	200030	1
100031	79734.3	149461	200031	18
100032	150063	206979	200032	15
100033	31018.3	140815	200033	2
100034	22992.6	52337.1	200034	4
100035	94427.4	110207	200035	22
100036	85948.1	45758	200036	5
100037	11286	29043.2	200037	26
100038	86249.2	86921.8	200038	34
100039	49893.2	77716.4	200039	1
100040	43446.4	159443	200040	3
100041	110564	190926	200041	1
100042	57050.8	53886.5	200042	41
100043	33259.1	197229	200043	5
100044	5197.56	176661	200044	10
100045	5638.95	85372.8	200045	1
100046	154663	83311.7	200046	3
100047	146197	194695	200047	5
100048	16473.7	124137	200048	5
100049	181598	176673	200049	7
100050	180740	171872	200050	1
100051	130515	95997.1	200051	2
100052	17123.7	178648	200052	20
100053	152871	190651	200053	3
100054	62568.3	37577.3	200054	4
100055	129977	67587.8	200055	2
100056	50311.8	155204	200056	29
100057	39113.2	144275	200057	3
100058	131631	112239	200058	1
100059	5539.21	4073.25	200059	25
100060	28577.9	166841	200060	4
100061	174212	136520	200061	5
100062	201220	160569	200062	4
100063	55305.5	139443	200063	34
100064	15238.6	45151.5	200064	19
100065	188261	81523.5	200065	45
100066	43526.1	19298	200066	14
100067	101259	177137	200067	2
100068	69148.5	23348	200068	4
100069	88295.2	34921.5	200069	1
100070	20093.7	26919.1	200070	1
100071	91089.6	208101	200071	1
100072	80076.2	127828	200072	4
100073	134240	174161	200073	23
100074	175306	131326	200074	1
100075	12885.7	185894	200075	2
100076	94963.6	201164	200076	49
100077	33314.5	83335.5	200077	5
100078	168305	32690.8	200078	48
100079	101253	93512.6	200079	4
100080	118453	127910	200080	3
100081	161513	204553	200081	1
100082	200687	10596	200082	1
100083	186456	93200.6	200083	20
100084	142860	203542	200084	52
100085	196064	70579.7	200085	60
100086	28050.4	64405.6	200086	4
100087	129987	116748	200087	3
100088	86607.7	98231.8	200088	2
100089	117832	203713	200089	5
100090	185378	23175.1	200090	3
100091	52947.4	38820.9	200091	2
100092	11011.3	172112	200092	2
100093	37037.1	107607	200093	46
100094	13925.9	158235	200094	35
100095	54623.4	164769	200095	24
100096	27586.1	121328	200096	2
100097	119043	110961	200097	1
100098	68381.1	159946	200098	2
100099	162140	116199	200099	1
100100	35947.2	5131.36	200100	3
100101	46385.1	128798	200033	1
100102	110112	206840	200047	3
100103	158641	40769.9	200055	5
100104	75637.1	107512	200012	13
100105	170913	3979.35	200090	14
100106	110170	184155	200081	2
100107	5702.74	176709	200045	3
100108	54992.6	82859.8	200057	3
100109	96864.6	154319	200092	4
100110	77408.5	147732	200094	5
100111	17857.5	2449.7	200066	30
100112	144721	204161	200027	40
100113	105757	160082	200027	3
100114	48324.7	151403	200010	4
100115	116863	92543.6	200080	1
100116	158930	204703	200047	40
100117	3671.5	23173.2	200059	46
100118	167226	58323.8	200013	5
100119	7159.19	131950	200015	43
100120	53581.5	50029.4	200042	22
100121	7411.46	144718	200075	11
100122	209604	116248	200085	4
100123	52952.3	43358.1	200036	1
100124	118072	62916.3	200007	15
100125	18395.6	88393.4	200019	15
100126	29424.8	103677	200060	19
100127	55656.7	151061	200003	38
100128	104020	20529.2	200051	3
100129	157111	91428.2	200097	33
100130	72123.7	100102	200030	18
100131	36863.3	125545	200016	1
100132	11313.5	135103	200011	2
100133	42318.3	110773	200086	3
100134	98305.6	49722.9	200023	1
100135	105202	79199.2	200030	4
100136	93173.2	157227	200002	5
100137	44941.7	137286	200098	20
100138	210720	59604.7	200085	4
100139	117580	113970	200088	5
100140	29191.6	16933.3	200021	4
100141	81573.3	41606.6	200023	20
100142	198253	182279	200050	5
100143	91025.8	133358	200097	37
100144	124436	113350	200024	2
100145	162027	207222	200041	5
100146	182600	54097.4	200090	13
100147	176928	39909	200018	29
100148	154205	200064	200026	39
100149	60583.6	87397.8	200005	4
100150	22337.7	118975	200003	3
100151	144222	148764	200099	2
100152	157297	206628	200050	1
100153	74580.4	72892	200039	39
100154	57357.3	32830.9	200021	3
100155	27955	44637.9	200070	4
100156	189067	27384.2	200082	4
100157	190131	163207	200062	24
100158	36845.4	102089	200002	4
100159	15149.6	157764	200010	30
100160	183752	160906	200053	43
100161	173631	149370	200062	1
100162	96499.2	149422	200028	14
100163	71313	142624	200033	6
100164	102707	132921	200030	1
100165	108814	51221.9	200051	4
100166	68981.8	100834	200028	2
100167	195384	127307	200074	3
100168	31686.8	155705	200015	66
100169	91354.4	161396	200098	1
100170	11333.7	94601.9	200075	3
100171	173801	157460	200050	5
100172	29960.1	170322	200002	6
100173	210742	93895.7	200083	6
100174	14348	43595.7	200070	34
100175	128520	204522	200047	1
100176	140860	144702	200097	10
100177	43258.3	123769	200028	56
100178	115560	148219	200089	12
100179	76606.2	2738.72	200054	22
100180	17812.5	122579	200060	4
100181	198222	46641.1	200082	2
100182	111557	91177.8	200020	2
100183	109379	7513.28	200055	4
100184	198691	38935	200082	61
100185	8319.31	145479	200028	48
100186	79778.4	137883	200056	24
100187	143435	8619.57	200069	5
100188	197812	157144	200049	36
100189	91596.7	178567	200028	3
100190	96262.2	43228.2	200007	16
100191	41592.7	159707	200093	11
100192	198047	79408.1	200083	4
100193	139356	56733.3	200020	49
100194	67180.1	112064	200096	4
100195	27472	206117	200040	19
100196	168141	208227	200081	4
100197	96102.3	172941	200044	32
100198	88089.9	137214	200088	5
100199	52841.5	27375	200100	5
100200	94978.5	136154	200097	32
100201	103785	92031.2	200087	2
100202	139743	159309	200050	5
100203	30423.3	150747	200019	4
100204	116314	88980.8	200051	49
100205	91370.4	38827.4	200088	21
100206	80072.5	67475.6	200009	1
100207	33584.1	87513.3	200034	4
100208	127204	165860	200080	47
100209	3992.62	51876.9	200100	6
100210	208472	76324.4	200065	2
100211	21750.5	164838	200077	3
100212	99320.9	195689	200017	1
100213	27428.8	170075	200025	5
100214	74538.7	192038	200026	2
100215	15774.8	151436	200031	9
100216	199025	547.96	200078	2
100217	26288.3	82840.7	200045	5
100218	41196.4	68442.4	200070	9
100219	191631	44100.1	200078	2
100220	123317	90790.1	200079	5
100221	93870	53419.5	200079	32
100222	181299	125396	200022	26
100223	24369.6	26107.7	200001	5
100224	8901.01	4870.5	200008	2
100225	44219.8	136260	200044	30
100226	76336.7	32429.2	200021	1
100227	53538.4	141163	200075	2
100228	73627.2	128002	200096	63
100229	4507.91	95630.7	200093	54
100230	93211.6	90045.1	200099	1
100231	194419	49393.6	200090	16
100232	204699	205637	200062	16
100233	17539.5	39537.2	200064	20
100234	145733	42108.5	200051	40
100235	206918	34098	200078	4
100236	82166.3	78297.8	200005	5
100237	145098	201549	200053	3
100238	178266	8305.16	200078	2
100239	18860.4	166366	200096	11
100240	117938	94784.5	200088	1
100241	99027.1	15250.9	200004	10
100242	65651.2	20768.1	200008	34
100243	150567	36087.3	200018	1
100244	74839.2	54858	200021	1
100245	205361	187966	200073	46
100246	59645.9	151437	200003	4
100247	12169.9	203463	200003	9
100248	181963	184230	200074	24
100249	93874.8	133411	200058	5
100250	88158.8	34316.7	200054	5
100251	97272.3	62564.3	200012	5
100252	268.53	80190.5	200086	3
100253	189874	171142	200050	59
100254	188349	66935.6	200018	1
100255	144177	176539	200053	21
100256	153586	48933.4	200020	8
100257	65517.2	77927.7	200019	2
100258	41778.2	135098	200010	44
100259	111893	81714	200013	4
100260	79781.8	119731	200098	5
100261	39225.9	124770	200072	35
100262	84268	74289.8	200007	26
100263	194078	77130.6	200018	5
100264	67009.6	180101	200028	1
100265	113379	13071.3	200006	4
100266	200278	16698	200018	12
100267	38935.8	165547	200094	37
100268	42603.9	93477.9	200034	5
100269	1809.93	51815.9	200100	40
100270	71853.7	97186	200088	1
100271	86635.9	69632.8	200014	5
100272	164224	146622	200050	12
100273	65611.6	156490	200033	1
100274	108564	55831.2	200006	18
100275	84212.6	184305	200094	43
100276	28924.3	81044.9	200057	24
100277	106613	68502.5	200088	22
100278	157630	30820.5	200055	5
100279	170707	64047.4	200083	37
100280	131903	113661	200097	9
100281	56359.2	99052.5	200031	17
100282	163771	41971.7	200078	61
100283	201802	21930.8	200090	49
100284	108472	134659	200080	46
100285	37295.4	9972.03	200042	4
100286	56987.3	95749.9	200088	5
100287	23715	52845.5	200034	3
100288	7337.79	202144	200048	14
100289	13624.1	98964.8	200048	1
100290	164747	113110	200046	2
100291	138885	117095	200022	17
100292	166315	101191	200065	47
100293	19481.2	56286.2	200009	8
100294	3903.55	85005.7	200093	5
100295	75410.9	120644	200099	1
100296	131163	8219.45	200006	26
100297	27426.1	21247.4	200023	1
100298	135226	137145	200080	3
100299	14048.9	88849.3	200019	1
100300	67616.2	62361	200054	22
100301	166188	64757.8	200013	38
100302	46111.6	98965.9	200095	62
100303	43320.3	121651	200015	52
100304	189298	162047	200073	40
100305	2537.45	192572	200048	14
100306	37984.6	134827	200048	3
100307	34250.4	49196.5	200100	4
100308	126525	103827	200055	5
100309	13451	131721	200093	2
100310	58281.5	165611	200003	4
100311	58842.2	64678.1	200039	2
100312	152864	117231	200080	41
100313	79618.8	76564.1	200088	21
100314	95930.9	131658	200038	23
100315	12197.8	167491	200048	4
100316	77289.9	109949	200024	14
100317	152294	151574	200058	5
100318	29223	41758.8	200100	2
100319	183416	64257.4	200083	17
100320	147545	21763.2	200055	1
100321	181918	112894	200022	4
100322	12873.7	97555.6	200064	18
100323	98292.3	70280.6	200055	2
100324	143555	152259	200080	38
100325	33479.8	195299	200067	4
100326	10507.7	100207	200034	39
100327	119884	91189.9	200022	22
100328	197133	64493.5	200085	7
100329	146508	83985.3	200055	2
100330	98291.2	141068	200029	39
100331	98163.3	147365	200072	4
100332	43768	101751	200012	22
100333	47381.3	167979	200092	2
100334	12346.2	64442.3	200100	11
100335	52379.6	67261	200024	18
100336	34115.1	158475	200031	50
100337	60625	66457.3	200012	12
100338	57798.2	95611.2	200070	49
100339	14617.6	89694.9	200015	5
100340	26369.6	106990	200045	7
100341	45317.6	57841.7	200037	3
100342	19097.2	146620	200098	1
100343	132147	38010.6	200051	29
100344	16712.8	197998	200003	3
100345	89968.2	81850.3	200014	5
100346	151260	64074.6	200085	6
100347	16356.2	154833	200045	5
100348	183062	59363.5	200083	2
100349	194064	48864.4	200090	3
100350	143919	205396	200041	59
100351	9414.54	113920	200003	3
100352	48114.9	93807.4	200019	5
100353	30345.9	132345	200072	1
100354	49170	122100	200030	3
100355	6706.14	67800.6	200100	45
100356	16011	208726	200010	1
100357	15013.8	158414	200002	62
100358	200885	69419.7	200083	4
100359	80003.6	140873	200098	3
100360	83835.9	202671	200071	1
100361	141101	52244.9	200055	3
100362	14976.9	25880.2	200021	4
100363	137246	178336	200053	54
100364	210612	125095	200085	65
100365	88000.3	139370	200072	40
100366	11343	74872.7	200045	34
100367	198745	71234.6	200018	10
100368	64288.9	59584.1	200088	5
100369	143761	107720	200087	1
100370	37379	189049	200076	4
100371	44219.5	115381	200002	2
100372	23345.4	76591.3	200086	15
100373	62387.8	128557	200025	5
100374	45233.5	26112.3	200009	50
100375	187165	134572	200074	4
100376	144689	151371	200053	33
100377	78292.8	121484	200039	1
100378	63644.7	83296.9	200057	66
100379	24599.8	159664	200072	5
100380	57426	118527	200011	55
100381	17302.5	80997.9	200070	24
100382	156768	64912.7	200013	62
100383	77752.5	208560	200071	2
100384	58423.8	108668	200009	37
100385	149970	47724.1	200051	21
100386	1075.83	52043.7	200059	5
100387	178815	11337.3	200078	13
100388	192592	16151.2	200082	2
100389	80607.9	188142	200025	1
100390	54018.7	208898	200025	14
100391	16574	203729	200052	1
100392	110816	190900	200050	3
100393	28567.3	148049	200029	2
100394	32095.1	155317	200052	32
100395	137863	109256	200046	17
100396	58094.3	203179	200041	21
100397	10449	54273.2	200066	5
100398	184234	63726.7	200018	1
100399	51670.1	115439	200064	5
100400	54270.6	165687	200003	24
100401	90373.3	22346.8	200021	16
100402	88676.5	181128	200089	2
100403	43436.1	173673	200048	2
100404	129009	40117.5	200020	23
100405	134501	90177.7	200013	1
100406	87515.2	158574	200096	23
100407	134812	85331	200087	56
100408	21478.5	140666	200028	5
100409	100539	148985	200092	6
100410	71571.7	58956.7	200039	1
100411	54601.7	121583	200005	3
100412	198923	61381.4	200090	23
100413	89075.7	98023.1	200058	2
100414	209205	113346	200061	17
100415	32841.3	123977	200064	2
100416	58434.1	36481.2	200070	10
100417	115804	127582	200038	1
100418	150472	25100.7	200055	4
100419	86268.2	122078	200022	1
100420	201466	40351.7	200090	18
100421	7019.41	128594	200015	1
100422	22257.8	94973.7	200009	5
100423	79755.3	96875.4	200005	4
100424	208868	181469	200053	2
100425	77706.9	39756.1	200004	14
100426	43170.2	154369	200002	26
100427	94393.6	172754	200043	2
100428	26851.6	80871.8	200070	2
100429	193524	208502	200081	66
100430	14718.4	154836	200028	1
100431	78583.7	60827.8	200086	13
100432	120635	170061	200041	20
100433	101544	168957	200056	23
100434	158511	67173.6	200013	19
100435	206093	46061.7	200083	50
100436	172234	145709	200061	3
100437	208.91	173044	200052	45
100438	45703.6	136779	200003	29
100439	53454.8	170993	200095	5
100440	136831	2883.4	200055	35
100441	201244	62484.9	200018	27
100442	10453.7	58505.3	200034	1
100443	12172.2	73134.9	200019	3
100444	66410.8	160536	200098	1
100445	128699	95601.5	200007	10
100446	2422.98	43116.7	200037	5
100447	67879.1	136938	200019	5
100448	62932.7	71823.4	200021	11
100449	200273	51628.5	200082	16
100450	164689	164689	200049	1
100451	34778.2	151322	200028	1
100452	85312.2	14200.4	200036	2
100453	39782.7	145098	200003	3
100454	188740	110996	200065	4
100455	89701	102718	200088	21
100456	173967	197107	200053	22
100457	57158.4	117332	200096	5
100458	69231.3	41569.9	200068	2
100459	50542.3	147766	200025	4
100460	96061.3	63582.2	200030	9
100461	112140	105104	200046	10
100462	56254.5	117699	200045	4
100463	204177	88143.3	200065	41
100464	25315.7	199392	200076	4
100465	105988	106863	200088	2
100466	17980.1	133694	200072	25
100467	151571	200601	200073	2
100468	15779.8	103928	200075	41
100469	78465.2	31996.2	200013	55
100470	69829.3	209300	200071	7
100471	149784	140785	200022	4
100472	130612	158041	200081	1
100473	56440.3	66906.1	200009	15
100474	50548.2	38215.3	200008	4
100475	5948.48	197159	200043	20
100476	39129.5	160899	200033	4
100477	39630.4	122419	200002	4
100478	93313.3	44336.4	200055	5
100479	84623.4	66596.5	200014	21
100480	47694.3	174876	200096	5
100481	71630.6	147304	200044	3
100482	1201.67	194159	200075	3
100483	102736	7276.78	200068	2
100484	120751	179784	200089	1
100485	133164	100194	200035	1
100486	203050	189456	200073	12
100487	134856	95253.4	200039	1
100488	85776.4	62142.7	200042	60
100489	83632.3	34312.6	200054	15
100490	173030	56726.3	200020	4
100491	135861	201984	200089	4
100492	46707.8	75652.6	200070	3
100493	90445.3	36638.8	200023	1
100494	27828.2	151956	200033	2
100495	142617	191049	200041	4
100496	45873.3	53453.4	200008	45
100497	82520.2	132438	200098	2
100498	208824	179861	200074	3
100499	187565	112812	200085	54
100500	68679.9	148698	200010	16
100501	79564.7	44979.4	200086	40
100502	32682.4	157679	200072	19
100503	8835.46	10516.3	200001	9
100504	201659	183119	200074	2
100505	128587	97392.7	200039	2
100506	129341	81797.6	200055	66
100507	27373.9	109105	200015	3
100508	120058	98734.3	200079	5
100509	68942.9	34183.1	200023	36
100510	30664.2	175362	200048	5
100511	33388.6	126187	200096	5
100512	70978.9	177085	200025	22
100513	203718	123601	200083	66
100514	209976	59803.6	200085	36
100515	51615.9	136104	200063	41
100516	120813	204576	200047	2
100517	29135.6	64005.6	200070	4
100518	66888.9	101379	200024	32
100519	175597	43392.8	200085	3
100520	58306.3	166172	200076	2
100521	163515	176743	200050	3
100522	127667	70409.3	200055	21
100523	150861	170570	200049	3
100524	146080	75555.6	200080	9
100525	113736	165305	200080	5
100526	35337.6	204817	200025	23
100527	199316	23711.8	200065	3
100528	41185.1	134493	200098	3
100529	141042	204192	200047	2
100530	195844	123693	200049	61
100531	38600.8	191781	200003	4
100532	138926	209512	200089	3
100533	64117.9	109217	200015	4
100534	209055	94579.4	200083	5
100535	41156	109993	200072	50
100536	10028.2	48771.9	200042	3
100537	36000.9	8754.7	200036	13
100538	203780	89209.8	200018	31
100539	171055	106986	200022	39
100540	41333.5	44556.6	200054	4
100541	151469	107437	200080	66
100542	157057	167955	200017	4
100543	134293	163877	200058	3
100544	80038.4	161921	200044	13
100545	187066	55544.6	200085	5
100546	137251	201785	200089	15
100547	153113	161490	200084	5
100548	11206.1	75604.8	200005	3
100549	189115	1548.26	200090	18
100550	62184.2	117620	200031	20
100551	29421.5	161908	200093	5
100552	180622	185934	200073	10
100553	74876.9	32550.8	200036	21
100554	60472.1	63779.2	200064	4
100555	102292	40518.4	200036	3
100556	87715.7	109631	200079	3
100557	43486	154419	200029	19
100558	10956.4	155964	200060	5
100559	52057.7	173491	200098	1
100560	55179.4	49404.9	200070	2
100561	165526	196729	200081	16
100562	67207.1	47044.3	200009	7
100563	23980.7	154099	200025	4
100564	195006	67356.4	200078	18
100565	141460	59023.7	200013	1
100566	17493.5	147141	200025	3
100567	94421.7	92381.9	200012	1
100568	104931	121109	200022	21
100569	35289.7	95473.8	200045	3
100570	94643.4	52097.8	200079	1
100571	79211.2	107261	200019	1
100572	100866	111481	200099	4
100573	97731.3	147254	200024	38
100574	83924.8	17344.5	200023	4
100575	103599	160526	200098	2
100576	101289	202282	200071	31
100577	9402.97	73549.9	200016	3
100578	121466	65268.3	200097	2
100579	144499	171541	200073	25
100580	53154	47863.2	200086	36
100581	54372.1	148661	200098	4
100582	16327.1	134977	200096	2
100583	82748.9	153569	200035	24
100584	12740	136312	200095	2
100585	75797.6	56627.6	200030	2
100586	106246	71298.8	200030	2
100587	20706.9	21889.8	200086	4
100588	105018	135089	200058	16
100589	173223	173594	200081	5
100590	68837.5	42107.2	200034	2
100591	69550	89285.7	200079	4
100592	69221.3	141906	200035	33
100593	71059.6	58879.7	200034	2
100594	21678.9	96575.4	200009	3
100595	81812.8	69741	200024	2
100596	142018	79539.3	200099	1
100597	86534.7	105844	200019	1
100598	67712.4	112515	200060	5
100599	32768.7	161159	200096	4
100600	35407.3	141832	200002	3
100601	58798.1	87560.3	200009	5
100602	165954	186679	200073	37
100603	138310	123000	200058	4
100604	209357	42019.7	200090	66
100605	130952	183887	200027	1
100606	110143	103301	200014	9
100607	160416	129145	200058	7
100608	74785.6	56370.6	200005	14
100609	173491	55608.2	200055	34
100610	184489	138353	200061	3
100611	204169	114236	200049	2
100612	192876	43491.4	200018	47
100613	141132	41136.1	200013	1
100614	131164	102077	200024	1
100615	168971	36770.6	200007	1
100616	195716	43716	200090	19
100617	16513.9	94449.5	200057	10
100618	161140	17119.4	200082	5
100619	210472	201094	200050	2
100620	11550.7	38399.2	200100	4
100621	72151	206629	200056	9
100622	4789.2	66367.3	200009	16
100623	44784.5	134278	200015	3
100624	29363.3	102524	200077	3
100625	49792.6	81707.3	200015	23
100626	22213.1	72030.5	200015	6
100627	201563	49846.8	200018	1
100628	194358	48217.2	200090	2
100629	115607	6281.58	200020	5
100630	38165.6	194935	200052	18
100631	204098	124043	200061	4
100632	29458.2	79174.7	200070	49
100633	73607.8	53935.3	200054	1
100634	43515.9	134897	200045	13
100635	141287	122767	200099	3
100636	63859.9	206496	200071	34
100637	78741.5	123245	200029	12
100638	26339	158049	200003	33
100639	97540.1	159610	200056	1
100640	120304	185225	200026	1
100641	95205.2	171763	200063	7
100642	39512.7	98092.8	200014	66
100643	155583	51500.1	200051	2
100644	26883.9	82018.8	200009	38
100645	172647	37675.3	200090	1
100646	53390.8	117516	200070	5
100647	39535.3	148138	200031	5
100648	173818	186763	200032	3
100649	22864.7	36571.2	200100	3
100650	127568	162474	200073	11
100651	36354.3	121287	200096	13
100652	25935.1	175265	200072	22
100653	147224	204484	200047	3
100654	165073	34827.1	200090	2
100655	22806	72624.7	200057	5
100656	203551	207749	200081	50
100657	117276	113305	200030	5
100658	90044.8	77925.4	200020	15
100659	114173	77490.2	200039	3
100660	8441.08	164075	200044	4
100661	28685.5	40445.2	200042	3
100662	96849.2	123301	200097	1
100663	15677.8	79141.9	200086	7
100664	42128.9	106858	200064	63
100665	5239.83	55548.7	200100	1
100666	142698	79292.5	200058	1
100667	172607	142258	200050	8
100668	36843.3	122935	200098	4
100669	167338	99737.2	200046	39
100670	50444	78877.9	200024	36
100671	105661	198883	200084	3
100672	138041	105601	200038	1
100673	96328.6	138151	200058	59
100674	12046.6	196910	200094	45
100675	71009.4	2995.98	200069	5
100676	65384.9	149709	200029	12
100677	98607.6	21438.6	200004	27
100678	9392.07	84653.3	200037	27
100679	197429	208943	200049	38
100680	10205.3	142927	200019	4
100681	112055	34122.6	200004	3
100682	12485.2	110840	200045	3
100683	41865.3	130064	200048	30
100684	191680	8430.11	200018	16
100685	41052.8	80218.7	200038	2
100686	73198	12234.1	200008	3
100687	204520	52505.6	200065	33
100688	54392.8	44722.6	200009	1
100689	141644	192296	200050	10
100690	135435	192928	200032	1
100691	79465.8	151974	200079	8
100692	82379	56013.4	200009	29
100693	41977.1	18734	200086	14
100694	52154.8	183302	200067	13
100695	190906	54537.3	200082	5
100696	66339.8	88113.9	200012	59
100697	38043.2	98597.4	200093	4
100698	49449.4	93394.8	200019	2
100699	129025	68608.1	200022	5
100700	189888	583.97	200082	5
100701	193083	67181.1	200082	5
100702	160577	29249.4	200055	34
100703	117715	173198	200081	9
100704	183188	34289.5	200078	2
100705	179405	157080	200074	4
100706	55576.3	72408.2	200012	3
100707	157159	157067	200050	5
100708	59140	94588.3	200060	1
100709	49590.8	78994.3	200093	42
100710	72485.2	78236.4	200086	37
100711	90913.1	143375	200011	15
100712	167913	175986	200084	16
100713	96194	145305	200024	10
100714	30182.5	57937.9	200070	4
100715	52346.3	116250	200024	11
100716	162119	199494	200053	4
100717	98879.3	150981	200031	5
100718	41079.1	1615.57	200066	27
100719	41624.1	106344	200002	4
100720	6476.46	56848.9	200064	33
100721	37819	155154	200057	1
100722	104967	110438	200097	4
100723	16017.6	20386.1	200059	52
100724	153163	190881	200032	2
100725	134093	92769.6	200035	4
100726	207447	60068.2	200090	17
100727	47077.1	65433	200057	9
100728	26117.5	149261	200093	3
100729	43573.9	13533.5	200042	43
100730	65026.4	132355	200039	41
100731	190032	46890.8	200085	25
100732	59230.3	117771	200077	10
100733	4764.85	109538	200003	4
100734	81168.7	196511	200027	22
100735	180507	28707.1	200078	25
100736	112703	30046.6	200004	24
100737	68492.6	172569	200096	2
100738	60841.4	91399.9	200098	32
100739	68511.6	165025	200092	1
100740	66668.3	102726	200098	23
100741	112846	32775.6	200023	5
100742	20672.3	107261	200064	21
100743	202978	80374.8	200085	11
100744	1961.8	105582	200045	5
100745	79470.3	164153	200094	2
100746	144243	35639.4	200082	3
100747	67603	53656.2	200007	5
100748	86036	40578.5	200030	35
100749	183197	3664.69	200078	3
100750	123914	152890	200046	4
100751	74114.3	137916	200011	2
100752	88057.3	143427	200063	4
100753	12314.3	173418	200003	11
100754	103610	78160.3	200097	2
100755	45712.4	125075	200025	15
100756	48670.3	118752	200016	42
100757	182136	179790	200053	2
100758	37126.4	115862	200034	2
100759	16167.6	179680	200016	22
100760	162254	184280	200017	38
100761	185466	5513.74	200082	35
100762	88349.9	157119	200031	11
100763	183673	135733	200062	19
100764	43825.6	39672.3	200023	4
100765	181149	113155	200065	5
100766	135362	81738.2	200088	56
100767	129008	83675.8	200014	1
100768	82074.6	132220	200058	3
100769	199861	191407	200049	3
100770	2128.93	191995	200094	54
100771	185756	123012	200049	3
100772	112428	126517	200046	35
100773	174775	116008	200080	4
100774	34616.3	106212	200072	25
100775	55378.1	208089	200026	2
100776	52662.1	174187	200056	18
100777	26134.8	109684	200095	8
100778	122431	72551.8	200058	4
100779	16614.5	79115.1	200019	1
100780	135711	202770	200073	4
100781	66565.6	156324	200096	12
100782	206145	58862.9	200018	1
100783	4800.32	115966	200045	28
100784	186976	52808.8	200083	42
100785	71192.9	197629	200043	19
100786	9226.96	32159.6	200037	38
100787	52526.1	41544.3	200064	10
100788	85873.7	145699	200011	1
100789	40693.8	200624	200076	3
100790	59168.8	44518.7	200100	31
100791	36386.5	63216.2	200005	1
100792	159082	20925	200078	62
100793	201293	116688	200061	5
100794	162881	98649	200097	2
100795	149027	198853	200032	5
100796	57139.9	24197.8	200037	20
100797	152081	104764	200087	17
100798	110878	160187	200089	4
100799	204414	117925	200061	27
100800	58846.3	191801	200028	2
100801	209521	67692.6	200090	22
100802	34707.4	13539.9	200091	1
100803	106233	37474.2	200023	2
100804	27482.3	53224.9	200019	20
100805	13607.3	143525	200096	16
100806	192324	173436	200073	4
100807	188012	31947.3	200078	3
100808	120622	79260.4	200055	10
100809	74259.4	69957.5	200004	9
100810	14652.9	15781.8	200054	26
100811	1366.9	194940	200075	4
100812	186049	27833.1	200085	4
100813	6372.65	107516	200011	4
100814	17720.8	178352	200077	66
100815	18385.3	114654	200045	25
100816	131289	81639.2	200038	1
100817	24220.4	88877.3	200015	4
100818	102505	119331	200022	8
100819	77437.2	188769	200010	13
100820	61796.6	190319	200010	3
100821	141315	177127	200084	48
100822	115768	79918.6	200024	5
100823	4338.27	11569.8	200091	2
100824	120311	144941	200046	9
100825	49230.5	3396.74	200004	12
100826	162491	183622	200049	3
100827	174570	64392.2	200083	5
100828	84936.4	147606	200038	23
100829	147004	39237.6	200051	49
100830	120601	66985.1	200051	4
100831	133157	83664.3	200022	13
100832	38892.5	155375	200075	48
100833	128705	97855.1	200035	3
100834	15225.3	163426	200060	1
100835	80188.4	151867	200035	35
100836	15575.6	142937	200063	5
100837	5023.08	65532.1	200034	5
100838	27057.2	65657.9	200093	51
100839	8532.05	53332.8	200086	35
100840	72195.8	94880.3	200057	20
100841	49125.3	79110.1	200079	1
100842	111993	198479	200041	3
100843	186438	192569	200053	17
100844	2974.8	91488.8	200086	20
100845	124743	114554	200046	38
100846	27222.3	34181.5	200091	49
100847	26804.4	123171	200060	18
100848	102094	54947.4	200024	5
100849	152021	110812	200046	18
100850	198572	184270	200073	6
100851	35813.1	163396	200060	17
100852	50908.5	155120	200063	5
100853	106136	206862	200071	2
100854	64346	71058.6	200024	26
100855	31130.4	122805	200034	4
100856	145281	196076	200073	3
100857	58324.9	116730	200002	4
100858	156465	205153	200026	1
100859	103821	94082.3	200007	20
100860	110689	73001	200099	53
100861	120477	72573.2	200055	43
100862	44004.2	154340	200029	31
100863	126224	133311	200099	5
100864	87102	181085	200094	8
100865	203490	184829	200062	1
100866	128901	114869	200035	1
100867	53802.1	135071	200015	19
100868	164019	95273.4	200097	16
100869	21380	56555.4	200086	11
100870	26903.4	9198.92	200037	1
100871	167130	199720	200032	40
100872	52628.7	196359	200098	4
100873	197315	40691.6	200083	2
100874	209620	42854.1	200082	2
100875	94866.9	133224	200058	1
100876	43833.2	105708	200060	3
100877	50876.7	37406.9	200054	17
100878	152360	111744	200080	5
100879	86988	69783.6	200039	13
100880	84846.2	141423	200011	5
100881	55129.2	30867	200064	4
100882	37400	78734.6	200015	1
100883	27464.5	80511.6	200064	2
100884	1940.81	120026	200075	6
100885	61698.4	148929	200063	22
100886	64659.7	153280	200011	7
100887	103867	172053	200047	38
100888	153871	85491.6	200087	40
100889	153539	50137.2	200065	1
100890	33266.1	10578.8	200091	2
100891	34595.3	197309	200033	2
100892	38724.2	4682.04	200059	17
100893	188423	1415.32	200078	14
100894	6504.26	80447.3	200064	1
100895	57298.5	96080.1	200014	54
100896	130275	88532.8	200058	2
100897	149007	209030	200026	36
100898	88086.5	117259	200014	3
100899	10610.2	209511	200048	3
100900	33005	110103	200072	42
100901	65479.5	69086.5	200054	2
100902	118730	196840	200053	1
100903	71659.9	186935	200096	2
100904	17807.4	101482	200015	1
100905	1963.93	54134.9	200059	54
100906	49356	185680	200056	4
100907	91898.3	129964	200035	23
100908	12682.8	100575	200003	1
100909	33964.4	32560.8	200070	34
100910	94052.8	118692	200030	5
100911	36706.8	17010.9	200066	35
100912	10716.5	117984	200003	4
100913	135848	167528	200050	7
100914	29486.4	151054	200040	21
100915	89876.9	137071	200035	1
100916	23469.1	210597	200052	2
100917	124075	93223	200030	1
100918	50848.2	106969	200072	3
100919	210730	3160.66	200082	2
100920	154781	71847.7	200013	5
100921	31031.7	69687.1	200005	37
100922	16498.1	165497	200010	10
100923	183505	39780.4	200090	1
100924	35221.3	133443	200016	36
100925	45906.1	190810	200092	19
100926	161795	57401.7	200007	5
100927	177412	2691.2	200090	1
100928	48902.4	137807	200010	1
100929	83815.8	131380	200046	2
100930	45204.6	127616	200056	25
100931	208689	165782	200050	51
100932	205398	79981.4	200065	5
100933	19342.9	92175.7	200064	17
100934	110445	73722.1	200013	4
100935	69266.3	58860.1	200079	13
100936	92321.1	51168.6	200069	47
100937	123707	22768	200055	6
100938	5758.95	181183	200075	20
100939	76596.8	81655.3	200009	47
100940	17844.3	145886	200056	21
100941	77848.6	49047.4	200042	2
100942	92978	167554	200076	26
100943	17576.9	40168.7	200066	23
100944	180640	49084.4	200065	24
100945	180092	85439.5	200083	3
100946	192387	33132.1	200083	4
100947	66706.1	86458.6	200070	29
100948	101118	89311.8	200007	18
100949	22218.1	149712	200093	2
100950	138356	29533.2	200007	8
100951	142537	197940	200089	2
100952	77261.9	111962	200022	1
100953	141864	110156	200097	29
100954	84503.2	167843	200071	11
100955	117274	157148	200080	15
100956	86682	98910.9	200087	4
100957	55397.2	72213.9	200086	21
100958	21182.2	104926	200048	5
100959	153321	112162	200046	33
100960	54399.1	74557.8	200057	12
100961	87213.5	90044	200097	17
100962	114156	123640	200030	24
100963	91523	178925	200031	54
100964	94665.6	52900.7	200023	4
100965	49764.8	86410.8	200042	3
100966	43350.5	136550	200093	1
100967	2716.03	143967	200075	10
100968	82983.1	105033	200057	24
100969	74117.5	126201	200058	34
100970	86328.4	120514	200024	2
100971	83373.6	101873	200093	7
100972	4943.1	121913	200057	2
100973	153846	28313.9	200090	1
100974	59589.6	156866	200092	3
100975	43497.2	30462.3	200100	37
100976	11017.5	119862	200095	30
100977	128837	92135.4	200088	5
100978	87962	189732	200044	5
100979	115184	25949.7	200023	1
100980	188005	173794	200050	13
100981	86648.3	31902.7	200036	53
100982	76047.3	144465	200035	25
100983	115411	121519	200080	23
100984	43524.5	105864	200092	4
100985	23446.1	197672	200010	15
100986	208453	65426.2	200090	18
100987	19146.1	61448.2	200005	19
100988	184007	122791	200083	34
100989	96423.8	36589.7	200013	4
100990	204153	29023.1	200065	2
100991	209924	120795	200049	5
100992	26805.3	128958	200057	1
100993	10744.6	111581	200016	4
100994	208717	57660.6	200083	4
100995	18005.7	18120.3	200001	4
100996	57349.6	171570	200003	28
100997	141189	193327	200032	4
100998	45560.6	98293.3	200039	4
100999	17757.1	162214	200077	23
101000	25300.3	164477	200077	40
101001	109594	72643.2	200079	4
101002	63922.7	68252.8	200064	2
101003	22777.7	108895	200042	29
101004	88308.4	187130	200043	46
101005	109459	209272	200017	10
101006	193629	57100.5	200065	22
101007	147663	197246	200041	4
101008	28237	176934	200056	18
101009	42163.7	115410	200009	40
101010	34247.4	140830	200045	23
101011	88835.4	156414	200067	4
101012	143927	141607	200032	4
101013	197159	112344	200065	41
101014	49798.6	164787	200094	5
101015	170019	207449	200026	1
101016	187971	186338	200050	5
101017	197132	71123.1	200078	38
101018	112119	57.76	200004	18
101019	96616.1	104057	200035	28
101020	190706	33917.1	200065	33
101021	153974	88280.6	200080	2
101022	132392	80183.3	200020	38
101023	93136.9	188451	200067	40
101024	100793	159524	200047	51
101025	68499.1	144623	200011	66
101026	72484.2	105242	200093	1
101027	45946	19723	200100	5
101028	37604.1	159236	200072	23
101029	181273	23601.9	200078	2
101030	145592	44210.4	200020	5
101031	14972.3	184031	200043	17
101032	81109	46588.7	200036	5
101033	82103.2	134070	200095	1
101034	167386	56849.3	200020	53
101035	103171	108362	200046	16
101036	56764.1	98073.6	200035	2
101037	139894	62399.6	200020	23
101038	13430.9	162364	200075	3
101039	116666	200633	200081	8
101040	5536.77	42261.4	200042	5
101041	68335.1	76154.1	200086	16
101042	115457	183045	200041	3
101043	20438.4	108745	200070	66
101044	131018	72561.4	200097	5
101045	84842.4	83203.5	200024	2
101046	13972.3	25501.2	200037	36
101047	201950	31685.7	200065	1
101048	105873	122691	200079	12
101049	133102	81550.4	200088	2
101050	61250	107192	200019	8
101051	68761.3	189510	200089	8
101052	43936.4	109480	200093	33
101053	37939.3	104854	200086	53
101054	94062.4	31740.2	200006	2
101055	153305	69959.2	200055	35
101056	64046.1	133755	200031	5
101057	25160.7	42732.8	200034	1
101058	81805.6	50440.5	200021	19
101059	110365	106692	200046	2
101060	107406	43358.9	200036	4
101061	86945.8	189121	200026	8
101062	75348.4	170711	200063	2
101063	49471.4	13832	200005	12
101064	42614.3	96753.5	200064	11
101065	67239.3	209560	200026	1
101066	28565.9	24169.5	200005	1
101067	9750.8	125715	200016	18
101068	147661	79819.8	200080	2
101069	8748.95	64956.1	200070	4
101070	86433.2	101452	200035	19
101071	18210.4	158889	200029	5
101072	140653	94529.9	200030	3
101073	112406	4591.04	200023	2
101074	128315	88401.9	200080	2
101075	22799.4	107522	200042	42
101076	172634	158077	200062	4
101077	59550.1	157383	200056	3
101078	60016.9	121268	200088	5
101079	56796.1	30041.4	200021	12
101080	189460	1282.48	200090	5
101081	26312.1	99980	200070	34
101082	35525.1	66926.6	200064	34
101083	87625.9	139488	200011	3
101084	175230	125655	200087	10
101085	69394.9	161740	200076	37
101086	116365	170955	200047	45
101087	189706	77473.2	200082	50
101088	66684.2	51858	200086	3
101089	29386.1	41572.5	200008	13
101090	57419.3	160023	200031	12
101091	26767.1	62946.7	200070	22
101092	146086	196482	200026	17
101093	33058.2	174227	200011	39
101094	116890	176267	200053	4
101095	135380	33313.7	200013	5
101096	88895	107560	200080	13
101097	15414.2	148600	200015	2
101098	75449.6	204681	200071	50
101099	113018	97439.3	200087	12
101100	73929.9	109053	200014	4
101101	36233.9	48082	200042	49
101102	131928	92473.4	200035	4
101103	21406.7	113469	200003	6
101104	167375	38470.8	200018	2
101105	103798	195211	200067	3
101106	183338	194835	200032	24
101107	201645	78200.1	200078	2
101108	145487	157338	200049	5
101109	114903	74244.7	200038	4
101110	8295.34	148487	200060	51
101111	64372.3	118623	200038	14
101112	98304.5	207117	200017	3
101113	39953.4	193158	200043	2
101114	38967.1	164920	200011	14
101115	38631.9	92320.7	200002	4
101116	138098	183861	200027	3
101117	5604.37	175698	200092	10
101118	58396.2	29363.2	200091	3
101119	52994.6	184341	200076	6
101120	3785.11	124629	200045	23
101121	112800	30741	200023	35
101122	82245.2	75928	200005	5
101123	74495.3	113731	200019	23
101124	28493.7	65526.8	200037	9
101125	103243	70392.5	200035	22
101126	143133	125989	200099	4
101127	115228	154959	200097	11
101128	16291.4	108369	200042	3
101129	14303.8	160370	200044	2
101130	19082.3	100448	200075	1
101131	44266.6	54871.5	200054	4
101132	122236	196481	200032	1
101133	142169	194378	200041	66
101134	113855	78863.9	200013	2
101135	114209	74998.7	200035	5
101136	16375.2	53580.9	200086	5
101137	56280	71709.2	200054	4
101138	150105	69000.7	200051	1
101139	13021	116843	200095	5
101140	162694	88971.9	200087	2
101141	58390.2	89184.5	200057	4
101142	200941	88708.8	200065	12
101143	40758.2	161980	200040	66
101144	134108	113738	200058	2
101145	22069.4	162273	200028	5
101146	36256.2	186810	200098	1
101147	25711.5	105483	200060	4
101148	206870	43707.1	200085	4
101149	45220.1	139677	200003	3
101150	95238.1	137436	200029	51
101151	479.47	49508.5	200066	7
101152	102602	62514.1	200014	4
101153	57373.4	78692.5	200019	5
101154	12424.5	76006.1	200005	44
101155	202049	65190.5	200018	3
101156	99706.2	816.1	200068	7
101157	145709	190775	200017	11
101158	19889.9	63922.7	200093	4
101159	57671.2	79640.3	200057	2
101160	129519	14152.9	200023	3
101161	28.4	50738	200070	5
101162	120308	22175.2	200051	5
101163	107156	147307	200098	5
101164	159004	204648	200053	44
101165	99327.9	143088	200099	2
101166	24226	78741.5	200016	42
101167	210601	92871.5	200083	1
101168	161587	194086	200050	1
101169	197535	72643.1	200085	7
101170	52364.7	144444	200063	15
101171	194384	174481	200061	3
101172	161377	203131	200027	4
101173	136969	100082	200099	4
101174	190627	48787.7	200083	10
101175	105078	63275.3	200012	40
101176	42328.1	166108	200002	1
101177	200836	179234	200050	7
101178	70472.8	73753.1	200064	7
101179	73368.3	177520	200010	1
101180	75582.3	140368	200011	4
101181	25392.5	105672	200045	3
101182	132617	154144	200087	4
101183	48793.3	50106.2	200070	23
101184	36606.1	138873	200002	35
101185	195266	60059.6	200065	5
101186	41437.1	126722	200025	4
101187	168370	144525	200053	4
101188	130384	70802.8	200080	12
101189	9834.86	135970	200015	66
101190	142967	195391	200047	19
101191	80007.6	173042	200040	4
101192	193313	48644.6	200082	3
101193	122337	150367	200098	37
101194	157827	208140	200089	1
101195	162527	192153	200089	25
101196	67540	63314.4	200042	25
101197	61715.7	60711.2	200024	6
101198	192093	53630	200083	23
101199	127849	98787.2	200088	5
101200	118468	200409	200076	1
101201	185814	32742.3	200090	51
101202	54258.6	143858	200040	4
101203	70618.9	91370.4	200070	5
101204	196083	203302	200053	5
101205	163849	39035.7	200090	3
101206	25565.7	169822	200048	1
101207	122009	198171	200084	30
101208	61402.6	185925	200033	1
101209	179038	13992	200078	4
101210	104910	138062	200035	5
101211	48437.5	54659.3	200070	5
101212	12610.5	128644	200011	1
101213	139576	84882.9	200007	2
101214	91007.7	125587	200030	5
101215	40792.7	105007	200034	39
101216	28019.9	197376	200052	3
101217	87383.2	180134	200043	17
101218	70641.5	65293.3	200021	5
101219	82316.9	42293.4	200035	4
101220	58873.9	72116.4	200064	43
101221	186617	67699.5	200018	4
101222	44740.6	4120.4	200001	2
101223	90063.5	164021	200033	3
101224	47128.7	151057	200093	21
101225	83050.1	51841.4	200069	10
101226	194356	53767	200018	32
101227	72356.3	29775.1	200036	10
101228	84660.5	40564.8	200039	3
101229	22034	111592	200019	4
101230	19501.4	99779.3	200019	48
101231	132840	206485	200027	12
101232	92130.5	108661	200030	46
101233	173223	50249.8	200085	15
101234	41997.5	64133.2	200005	5
101235	116956	106513	200007	9
101236	58941.8	194513	200027	5
101237	175069	43864.3	200020	1
101238	16480.4	40676.5	200064	57
101239	30083.9	125519	200048	8
101240	146949	80287.3	200097	1
101241	145133	201120	200084	12
101242	129978	18261.6	200036	18
101243	100616	163762	200031	5
101244	27495	64790.1	200005	3
101245	48786	82173.8	200030	7
101246	43495.7	85762	200086	20
101247	192969	19792.7	200065	4
101248	103543	2306.45	200069	5
101249	54171.9	76543.8	200039	1
101250	81098.1	49045.7	200069	51
101251	77246.2	88978.7	200030	17
101252	1840.63	198311	200052	5
101253	42574.3	124365	200044	3
101254	22346.9	192185	200025	2
101255	14283.6	209687	200052	8
101256	83899	149778	200030	5
101257	160100	146878	200053	39
101258	58737.5	194451	200010	29
101259	21950.7	127672	200002	6
101260	111183	185183	200041	15
101261	6928.8	43414.7	200064	10
101262	39969.2	49700.5	200009	3
101263	47949	69588.8	200034	15
101264	86367.2	42952.8	200006	5
101265	27816.8	19343.1	200054	5
101266	15263.8	151588	200044	5
101267	203028	87770.5	200085	28
101268	109096	117445	200030	27
101269	66814.5	31108.6	200091	14
101270	80734.6	43896.5	200013	3
101271	48941.6	23426.5	200069	3
101272	89915.9	134253	200080	48
101273	57855.3	138801	200003	1
101274	54289.3	188644	200095	36
101275	172961	91101.2	200085	5
101276	93340.2	142885	200098	17
101277	141161	192302	200071	8
101278	134477	209089	200032	14
101279	89756.1	62738.7	200007	5
101280	33715.3	113837	200070	1
101281	167663	150665	200049	5
101282	74274.6	203355	200040	21
101283	86043.9	78078.1	200035	5
101284	18125.2	79701.6	200070	5
101285	47854.3	104771	200019	55
101286	130363	117013	200079	2
101287	7575.9	175738	200094	44
101288	196620	24461.2	200078	1
101289	75813.8	120528	200039	3
101290	11647.9	51492.9	200001	1
101291	12357.2	157482	200092	2
101292	18291.9	82760.3	200015	3
101293	108840	159972	200028	8
101294	58525.8	61865.1	200086	5
101295	88837.9	102034	200097	14
101296	156105	88321	200022	1
101297	53577.4	142673	200019	11
101298	165324	130095	200058	12
101299	14481.8	89870.1	200042	2
101300	126765	100581	200007	9
101301	39306.9	114353	200043	66
101302	189258	96428.3	200083	8
101303	140454	102670	200058	5
101304	74582.7	169340	200002	11
101305	31577.7	123154	200075	63
101306	59442.4	156592	200048	12
101307	207141	126514	200049	1
101308	60899.5	33698.1	200091	2
101309	46244	103901	200011	2
101310	100760	140650	200060	5
101311	71367.2	80238.1	200038	5
101312	27024.6	171975	200095	5
101313	79888.1	197972	200025	36
101314	78314.3	120622	200080	9
101315	118467	66306.7	200087	52
101316	163879	99906.7	200080	48
101317	136688	102073	200099	14
101318	194690	11320.4	200078	1
101319	39728.8	111517	200064	59
101320	128850	87362.8	200030	53
101321	60860	90960.9	200098	3
101322	67657.1	115898	200095	41
101323	12829	94278.6	200009	4
101324	27839.8	96513.8	200086	2
101325	31941.1	107182	200039	2
101326	48822.4	95936.5	200012	66
101327	64252.8	55936	200009	5
101328	65911.6	177319	200096	42
101329	84587.2	125924	200039	46
101330	204762	63801.3	200078	43
101331	2127.2	54084.2	200001	3
101332	55467.8	16582.8	200037	32
101333	44006.8	201891	200043	14
101334	11412.5	81890.6	200009	1
101335	36706.2	104882	200045	2
101336	95599.7	79716.7	200080	4
101337	38567	151910	200075	11
101338	103798	130613	200011	3
101339	39868.1	161012	200010	43
101340	26051.1	188018	200056	1
101341	142458	195246	200027	7
101342	34745.1	126395	200040	16
101343	67407.2	194674	200063	6
101344	65573.8	134972	200045	39
101345	10084.5	108415	200011	12
101346	44835.5	125158	200033	21
101347	52205	77025.8	200042	10
101348	34655.1	116738	200028	2
101349	164257	172332	200081	4
101350	83554	42043.6	200012	13
101351	200100	82429.1	200078	21
101352	85359.5	52358	200088	44
101353	139463	89824.4	200058	5
101354	37872.6	94207.9	200015	4
101355	194204	185.57	200078	13
101356	187859	73139.9	200082	1
101357	176436	73448.4	200065	5
101358	6927.78	128499	200048	5
101359	89441.6	75235.8	200042	1
101360	60240.4	208806	200071	4
101361	186586	208092	200032	3
101362	206560	12292.8	200090	3
101363	159819	156979	200053	4
101364	16560.9	116228	200095	3
101365	189740	83394.5	200085	24
101366	65176	150222	200029	24
101367	151512	68346	200020	4
101368	194660	50921.1	200078	5
101369	41296.4	163800	200025	49
101370	42469.1	195952	200043	38
101371	91716.6	163888	200067	12
101372	177071	173659	200017	33
101373	158105	199538	200050	3
101374	19219.7	45329.8	200005	58
101375	184082	24191.5	200082	4
101376	187111	52319.5	200082	2
101377	157502	134198	200099	2
101378	19778.8	71820.6	200019	4
101379	15493.2	130165	200072	10
101380	21824	134308	200028	31
101381	93814.8	130659	200079	3
101382	69753.4	116065	200092	25
101383	65161.5	30448.5	200006	2
101384	55224.8	194960	200029	20
101385	109691	191004	200050	3
101386	85827.3	6959.98	200021	1
101387	89783.9	55801.5	200035	4
101388	65766.9	52831.4	200007	23
101389	40459.4	118177	200012	51
101390	27266.7	172808	200010	17
101391	32170.4	103513	200015	41
101392	10630.1	110046	200045	1
101393	119560	205391	200081	37
101394	104128	68960.5	200035	13
101395	34994.6	209451	200025	1
101396	145809	44143.4	200055	32
101397	161561	112525	200058	5
101398	34649.4	111062	200095	3
101399	48287.9	101515	200086	1
101400	11962.7	113838	200011	9
101401	92743.6	61007.6	200088	4
101402	98407.8	99011.2	200079	2
101403	88884.8	48547.2	200014	3
101404	140282	197003	200050	23
101405	95071.6	119316	200096	24
101406	32216.3	12695.8	200006	19
101407	74997.7	202981	200067	17
101408	99456.2	82799.9	200080	5
101409	150128	188981	200047	21
101410	40519.3	31524.6	200008	3
101411	74688	17066.2	200023	3
101412	74204.2	155071	200011	57
101413	172305	83768.4	200083	31
101414	50185.5	125182	200040	1
101415	165115	172166	200032	5
101416	77001	126540	200029	2
101417	37409.3	157377	200072	12
101418	63235.3	183526	200043	25
101419	28085.2	130991	200096	34
101420	49727.2	122971	200048	5
101421	124020	208682	200032	48
101422	112810	23554	200004	1
101423	186752	160651	200061	2
101424	10286.7	206906	200044	5
101425	146111	183708	200026	8
101426	63958	204810	200010	2
101427	65620.8	61023.5	200009	4
101428	53439	169623	200075	5
101429	125986	79678.4	200013	42
101430	33288.7	123248	200096	8
101431	183536	67911.8	200090	17
101432	47404.2	146116	200063	4
101433	51772.5	120312	200096	3
101434	73539.4	96265.1	200096	37
101435	148101	104787	200046	22
101436	89917.6	122769	200088	3
101437	166007	112472	200022	16
101438	148120	122108	200087	1
101439	67837.3	58827	200068	4
101440	118968	166981	200046	4
101441	124397	66607.9	200088	37
101442	58234.4	122182	200029	20
101443	140629	189069	200026	1
101444	58937.8	37606.9	200034	13
101445	184290	118120	200083	53
101446	60678.7	50866.3	200070	5
101447	38835.3	112841	200030	5
101448	24304	180009	200003	13
101449	57259.9	85337.6	200030	3
101450	193334	180669	200049	4
101451	202854	59304.1	200083	4
101452	52074.5	97619.2	200030	4
101453	136526	130228	200087	3
101454	18169.1	98345.5	200019	4
101455	54405.7	98282.1	200012	66
101456	35985.8	81831.8	200042	6
101457	118368	83332.1	200024	4
101458	172087	58260.7	200082	5
101459	49207.2	67814.2	200070	5
101460	143473	203066	200017	18
101461	34235.3	115958	200096	3
101462	52780.8	156504	200025	4
101463	53459.3	125371	200002	1
101464	51246.6	141426	200056	4
101465	196995	72942.3	200090	1
101466	133047	96787.2	200097	2
101467	9363.26	63726.2	200100	8
101468	21897.6	186129	200056	1
101469	42248.8	128368	200033	33
101470	65723	104319	200079	2
101471	170893	32169.5	200018	1
101472	22676.9	28585.4	200009	3
101473	151754	34325.8	200018	4
101474	63900.6	137486	200098	23
101475	189109	181056	200061	29
101476	159467	113265	200099	20
101477	89514.5	93641.5	200079	3
101478	37106	139112	200075	2
101479	206392	49575.9	200082	66
101480	105262	15604	200055	3
101481	117791	153465	200087	37
101482	123956	110746	200079	24
101483	97176.7	61010.1	200005	32
101484	62566.7	36963.4	200006	3
101485	190314	48282	200082	1
101486	163350	174603	200074	32
101487	86216.6	102144	200057	36
101488	159564	155889	200053	32
101489	88570.5	179435	200067	4
101490	191318	32421.4	200082	50
101491	36585.6	156066	200043	4
101492	2254.36	195211	200094	45
101493	76909.9	71961.3	200079	9
101494	56711	122605	200038	1
101495	30278.8	91300	200019	28
101496	5670.58	142891	200015	3
101497	57546.4	186256	200052	53
101498	80747.9	38305.4	200006	6
101499	183768	133526	200062	1
101500	138198	155999	200022	7
101501	200630	19083.3	200085	3
101502	179765	173648	200074	2
101503	10973.7	164326	200092	4
101504	159406	195207	200050	2
101505	11432.8	101436	200045	1
101506	26550.5	53483.3	200042	19
101507	16963.1	187670	200003	2
101508	181616	195008	200053	9
101509	48612	181418	200092	3
101510	26464.5	37760.6	200059	1
101511	23622.3	98834.6	200034	19
101512	112420	176503	200041	2
101513	105275	108107	200014	22
101514	101180	156303	200071	2
101515	84591.3	51705.2	200013	20
101516	47846.6	198228	200076	7
101517	45567.7	193839	200033	1
101518	190572	64335.1	200090	3
101519	62331	21159.4	200091	5
101520	182026	132227	200073	3
101521	39582.3	163319	200025	4
101522	52622.7	94383.2	200029	32
101523	41321	126468	200031	5
101524	153951	191667	200073	3
101525	1549.43	210102	200052	2
101526	10448.9	106178	200048	2
101527	96766.9	165167	200047	1
101528	192159	137279	200062	16
101529	11978.8	111553	200003	49
101530	96530.3	28987.9	200036	1
101531	123189	29383.3	200004	3
101532	151275	199076	200047	6
101533	67282.9	110983	200030	4
101534	155586	163986	200081	1
101535	23536.5	64209.3	200093	3
101536	108262	7237.27	200021	1
101537	197350	145376	200062	6
101538	28771.7	122860	200011	3
101539	30045	138370	200096	2
101540	67641	130333	200072	9
101541	25602.4	54938.9	200005	8
101542	28521.7	53925.2	200034	26
101543	198676	7614.4	200078	19
101544	191478	124731	200074	39
101545	13958.3	99636.6	200016	15
101546	60971.1	128532	200002	12
101547	99976.6	144070	200095	4
101548	24201.8	104178	200086	2
101549	85540.9	158119	200056	2
101550	28023	193757	200025	4
101551	138739	193814	200089	4
101552	17119.4	127867	200077	4
101553	46626	90328.6	200005	40
101554	119664	75579.5	200039	1
101555	20569.3	78104	200034	3
101556	163252	198465	200089	39
101557	62249	179874	200076	25
101558	189177	105752	200085	49
101559	104503	65756.5	200038	11
101560	79875.3	156377	200094	17
101561	53917.5	94047.6	200028	49
101562	12052.1	107701	200011	34
101563	94580.9	101710	200022	1
101564	57671.7	95316	200030	34
101565	58898.9	67521.5	200035	1
101566	82990	137563	200060	1
101567	130166	170744	200053	33
101568	107949	91782.6	200012	26
101569	125246	123266	200014	18
101570	129843	198004	200050	53
101571	44008.9	116957	200040	2
101572	78577.1	52589.5	200009	5
101573	37671	53684	200054	11
101574	195591	68675.5	200078	5
101575	2033	46719.2	200059	3
101576	146595	188850	200081	2
101577	7440.54	45929.4	200059	9
101578	86054.3	118817	200097	3
101579	128905	157784	200026	2
101580	75807.6	98381.1	200088	31
101581	163164	79319	200085	4
101582	83934.6	40923.8	200051	35
101583	88767.4	207235	200027	4
101584	192808	12911.4	200065	2
101585	71016.2	141015	200056	5
101586	126905	127981	200058	8
101587	38168.3	171891	200048	21
101588	87668.4	137799	200092	1
101589	178419	118056	200022	2
101590	169332	156081	200050	3
101591	3544.83	48332.1	200042	4
101592	91773.2	53924.9	200051	17
101593	93252.1	148684	200038	5
101594	76613.5	57956.7	200024	5
101595	75648.6	74177.9	200088	32
101596	52368.3	97654.9	200070	49
101597	188721	167981	200073	3
101598	125145	194520	200053	45
101599	148210	78781.7	200097	27
101600	28793.3	16573.4	200008	3
101601	58010.6	184040	200043	2
101602	28419.6	98129.3	200012	3
101603	56059.3	136569	200028	66
101604	34563.2	202111	200067	3
101605	110580	141093	200097	14
101606	11019	34481	200037	5
101607	211026	68641.8	200082	1
101608	200303	182736	200049	8
101609	48383	92401.6	200086	5
101610	39726.7	185891	200056	3
101611	34775.5	8863.63	200023	18
101612	107457	73969.4	200058	5
101613	80904.6	107137	200039	2
101614	29039.6	138636	200028	14
101615	39221.8	120707	200057	42
101616	48624.7	200269	200052	1
101617	123791	74089.2	200087	2
101618	80613.9	159961	200040	13
101619	189382	62512.3	200085	3
101620	146675	58903.4	200020	2
101621	16607.8	42669.9	200100	23
101622	143489	193164	200071	10
101623	42125.1	24181.1	200054	1
101624	167541	128303	200058	1
101625	24685.9	145106	200095	12
101626	142990	198647	200050	18
101627	51757.3	78238.6	200042	5
101628	112622	123474	200046	2
101629	59372.8	141646	200096	5
101630	46939.3	95196.5	200002	1
101631	103105	27347.2	200055	50
101632	205173	42169.8	200065	5
101633	128477	85252.2	200038	3
101634	156585	28839.7	200018	1
101635	188510	2005.1	200018	3
101636	36769.8	145418	200033	1
101637	105019	184690	200010	10
101638	173685	62025.2	200065	3
101639	10325.9	112567	200015	3
101640	111721	133613	200039	19
101641	199330	81508.2	200078	1
101642	50634.6	108208	200002	9
101643	61940.1	87840	200035	8
101644	200878	70518.5	200078	3
101645	120599	188806	200084	19
101646	115772	188159	200067	3
101647	64433.3	108816	200028	66
101648	17795.3	91586.6	200019	4
101649	125031	91283.4	200038	5
101650	41385.9	99789.2	200019	4
101651	133099	31408.9	200051	15
101652	182262	42516	200083	3
101653	190011	3662.99	200090	5
101654	133253	88566	200058	3
101655	18117	107512	200005	3
101656	97245.4	147483	200014	12
101657	40674.8	174844	200043	11
101658	122460	102329	200030	51
101659	4035.81	63326.8	200042	19
101660	198090	108628	200065	4
101661	12240.1	12218.9	200008	19
101662	142664	55689.6	200051	3
101663	32067.7	124422	200057	45
101664	147398	19505.6	200069	8
101665	162331	51958.3	200051	3
101666	41399.9	45118.9	200054	36
101667	98842.1	175250	200010	3
101668	75118.1	55082.7	200035	4
101669	122721	14830.4	200004	20
101670	162917	99030.1	200065	4
101671	189090	42533.7	200078	29
101672	51266.1	171232	200092	1
101673	86047.5	153308	200092	16
101674	143717	185989	200073	11
101675	133958	104138	200097	1
101676	65061.4	167304	200025	1
101677	27500.7	34753.1	200009	4
101678	21858	135451	200052	4
101679	201785	11310.1	200078	19
101680	85368.3	155368	200098	4
101681	61876.9	104413	200039	63
101682	198709	138067	200083	51
101683	92886.7	155850	200056	5
101684	197621	115452	200049	17
101685	93904.8	150605	200096	21
101686	162306	60511.6	200085	1
101687	67134	90346.8	200042	1
101688	53543	21730	200100	40
101689	117208	184738	200089	32
101690	33967.1	53241.6	200042	29
101691	9405.99	152555	200045	51
101692	69072.2	50913.2	200055	2
101693	32404	70354.3	200015	2
101694	42043.2	16074.4	200006	8
101695	40395.4	163211	200028	4
101696	112279	90568.1	200039	37
101697	70901.4	80454.1	200070	2
101698	143924	114505	200099	52
101699	123933	60342.4	200055	5
101700	7306.86	66450.3	200064	2
101701	49332.3	165053	200002	4
101702	142373	33219.5	200013	2
101703	69619.3	52704.8	200005	21
101704	148246	154533	200058	9
101705	103459	14830.2	200004	2
101706	63028.9	106950	200060	12
101707	36688.4	123472	200005	4
101708	165508	67885.4	200083	2
101709	129771	60470.9	200080	1
101710	48143.5	206114	200025	38
101711	138981	52550	200055	1
101712	103861	209210	200067	1
101713	112487	126435	200012	5
101714	27101.8	152232	200057	3
101715	192062	79197	200065	5
101716	11977.5	185659	200045	20
101717	83767.1	186953	200041	53
101718	206873	75117.4	200082	38
101719	43681.8	42992.3	200068	21
101720	61818.1	82229.2	200057	40
101721	120216	57919.8	200013	13
101722	75488.1	127685	200057	21
101723	58857.5	7308.99	200006	23
101724	161886	198776	200050	55
101725	207411	59560.4	200065	1
101726	41570.9	36006.5	200100	46
101727	31104.8	58710.8	200037	44
101728	154996	67747.4	200065	37
101729	73242.6	133372	200031	5
101730	29593.3	104397	200015	23
101731	21631.6	39462.8	200100	23
101732	10966.8	32469.3	200064	44
101733	46702.5	188432	200067	4
101734	78283.2	43453.3	200088	3
101735	51614.3	34733.9	200036	4
101736	125357	24444.1	200020	7
101737	117636	74174.8	200030	3
101738	142146	193223	200053	3
101739	40134.2	162386	200011	22
101740	195580	94928.3	200085	3
101741	8522.78	68499.2	200100	1
101742	77672.8	147084	200002	2
101743	58910.8	184032	200096	4
101744	50495.4	134431	200060	13
101745	181980	44090.4	200090	41
101746	64328.1	41527.2	200034	7
101747	89717.8	164765	200098	2
101748	194892	177643	200073	3
101749	204980	50472.5	200090	28
101750	177101	180009	200049	5
101751	152381	109349	200058	4
101752	6701.46	119199	200019	3
101753	209791	143998	200049	8
101754	2600.14	194071	200010	20
101755	158550	123439	200053	14
101756	119163	145431	200028	32
101757	196913	175942	200053	5
101758	200093	179899	200053	4
101759	109198	193899	200089	29
101760	43972.3	68895.1	200011	17
101761	66303.4	177703	200025	9
101762	52554.7	51459.9	200091	3
101763	183061	110669	200065	1
101764	58295.9	102673	200034	14
101765	111186	70036.7	200088	37
101766	39186.9	25075.6	200091	35
101767	73032.7	59575.6	200039	4
101768	15075.6	83306	200086	20
101769	5730.24	71673	200015	5
101770	123699	76381.1	200087	5
101771	173434	52463.2	200082	1
101772	12210	91435.8	200077	1
101773	19274.5	66.74	200091	2
101774	96150.4	36291.2	200036	2
101775	139778	67306.9	200065	22
101776	30429.3	131387	200077	7
101777	65298.8	90562.1	200096	37
101778	57072.4	82371.2	200093	2
101779	97002.8	88381.3	200013	5
101780	116045	65591.3	200024	1
101781	57588.6	92891	200096	3
101782	28449.7	32979.5	200064	44
101783	28670.5	15222	200100	4
101784	37158.1	39478.1	200037	2
101785	121116	90771.3	200039	1
101786	92312.5	153137	200060	2
101787	168771	97868.3	200058	4
101788	89723.1	28565	200023	4
101789	160012	119378	200022	3
101790	48548.8	143067	200098	7
101791	139177	55699.3	200007	4
101792	88457.9	131577	200080	15
101793	48723.9	143817	200072	20
101794	6762.99	61884.2	200037	1
101795	76987.1	122353	200012	5
101796	211068	2463.73	200082	2
101797	3075.04	88929.6	200077	5
101798	171714	44154.9	200020	1
101799	61880.6	67462	200021	35
101800	137885	165229	200022	1
101801	46402.9	160615	200048	5
101802	136263	176070	200026	48
101803	181179	189058	200084	4
101804	178959	4135.85	200082	6
101805	189004	46243.5	200083	3
101806	147793	183293	200032	2
101807	140524	83007.6	200013	4
101808	28943.7	169845	200016	3
101809	61426.1	1834.41	200001	5
101810	162836	170204	200084	1
101811	107380	28966.9	200020	1
101812	61261.7	112583	200063	7
101813	154305	195602	200071	5
101814	83736.7	53453.4	200024	20
101815	32663.8	6323.1	200068	4
101816	78196	45181.8	200035	52
101817	92154.2	59317.9	200038	59
101818	47300.2	142194	200025	44
101819	85911.4	62517.8	200079	1
101820	22584.4	208821	200043	4
101821	141998	186723	200053	4
101822	79517.1	158161	200095	5
101823	62647.5	96574.9	200088	8
101824	49856.1	75348.6	200035	18
101825	43172.1	14585.1	200023	45
101826	57152.5	112148	200019	13
101827	171936	58497.2	200007	42
101828	176576	137112	200074	4
101829	106761	158126	200099	2
101830	17882.8	142359	200095	1
101831	74462.7	41018.4	200069	21
101832	25430.5	199355	200003	3
101833	90733.4	97107.9	200039	17
101834	128916	87812.1	200035	41
101835	202608	68434.6	200065	3
101836	131255	175894	200053	3
101837	73127.4	21166.1	200004	1
101838	105727	172986	200071	2
101839	78926.1	56000.6	200079	52
101840	158609	95287.1	200087	18
101841	190574	49196.5	200078	3
101842	93500.7	52215.8	200055	55
101843	70341.2	147044	200063	11
101844	72947.2	108387	200039	3
101845	210696	46733	200078	35
101846	4052.59	120276	200077	16
101847	113485	134527	200046	3
101848	507.59	62389.8	200086	27
101849	63131.6	119071	200029	7
101850	129144	24773.9	200020	1
101851	18951	22694.9	200100	56
101852	15164	130151	200072	12
101853	21049.2	194350	200010	1
101854	129429	92249.3	200080	46
101855	104046	135920	200039	10
101856	149213	178199	200053	1
101857	65200.8	162883	200031	29
101858	36262.3	96990.4	200009	3
101859	59835.5	164840	200043	5
101860	139473	203110	200027	5
101861	154414	43285.6	200051	21
101862	89900.3	197620	200032	5
101863	85559.4	177023	200047	2
101864	108973	102077	200046	42
101865	55418.9	172635	200067	33
101866	62291.1	178128	200044	3
101867	93199.6	136083	200011	5
101868	174320	204027	200032	2
101869	15147.3	146368	200075	1
101870	105905	19333.8	200054	25
101871	192646	243.51	200082	5
101872	29602.2	137207	200016	4
101873	26529.4	12347.7	200008	4
101874	12619.1	111631	200093	4
101875	149884	60174.4	200020	1
101876	44912.8	169836	200063	4
101877	40170.2	50642.6	200042	1
101878	91844.6	44562.2	200051	6
101879	207987	192986	200053	20
101880	49639.7	110485	200063	18
101881	209111	119942	200085	5
101882	199672	87545.3	200083	6
101883	40445.6	16908.2	200066	3
101884	58872.9	109320	200019	4
101885	38841.4	126426	200045	5
101886	31295.7	201451	200040	4
101887	71170.3	64258.5	200021	66
101888	154185	133369	200053	5
101889	39823	116101	200098	3
101890	23014.8	73938.8	200093	5
101891	92208.8	79831.3	200007	2
101892	208929	61099.3	200083	1
101893	61768.3	76039.6	200005	3
101894	47432.6	163485	200056	19
101895	44103	115287	200016	3
101896	48395.8	102102	200030	33
101897	28911.9	70593.3	200086	57
101898	117090	91488.9	200046	4
101899	161452	121683	200080	29
101900	183838	57327.7	200082	66
101901	3922.58	65.09	200059	11
101902	130533	80770.8	200007	31
101903	128435	87569.2	200079	1
101904	56460.1	8613.62	200008	5
101905	143175	129278	200046	20
101906	117820	11019	200023	10
101907	38167.1	108615	200077	4
101908	24529	15281.7	200004	30
101909	125162	196265	200071	57
101910	200278	81476.9	200065	3
101911	186650	12534.7	200018	2
101912	101408	97281.2	200022	32
101913	113927	67793.9	200058	31
101914	29370	25361.7	200023	4
101915	11755.7	85480	200034	5
101916	64639.6	143881	200040	2
101917	58159.5	124517	200096	11
101918	39018.2	85290.3	200072	3
101919	21305.7	207249	200075	5
101920	93722.6	66163.5	200034	2
101921	19147.2	71046.8	200070	36
101922	85154.4	5276.91	200008	1
101923	104461	9012.94	200055	3
101924	145969	205111	200026	1
101925	104094	98803.9	200087	5
101926	50541.4	83669.4	200011	17
101927	114271	65067.8	200013	2
101928	37527.4	156443	200056	1
101929	30139.7	109669	200009	3
101930	57501.8	179765	200043	12
101931	180719	70128.7	200018	19
101932	206411	130877	200085	7
101933	55973.4	185837	200031	3
101934	79303.3	101004	200019	2
101935	168345	45577.6	200020	47
101936	161973	208966	200073	61
101937	9464.03	75989.8	200009	2
101938	34738.3	145988	200043	2
101939	79594.2	182719	200010	18
101940	9611.83	153369	200060	20
101941	50549.5	189214	200094	23
101942	147318	192312	200071	2
101943	87882.4	168405	200041	2
101944	147862	146451	200050	5
101945	45559.7	130339	200096	5
101946	186414	37787.3	200078	4
101947	24635.7	135245	200040	4
101948	157028	43559	200051	1
101949	39520.1	15588	200004	4
101950	196764	5998.16	200082	36
101951	149598	66897.8	200085	26
101952	175280	45876.1	200078	2
101953	154112	21983.8	200082	4
101954	5099.92	132152	200092	23
101955	169685	41800.1	200051	5
101956	34212.3	146569	200092	5
101957	164605	162307	200061	1
101958	198860	40067.4	200018	26
101959	200184	201107	200049	16
101960	140017	171253	200046	38
101961	72392.1	126947	200046	2
101962	167032	208929	200071	19
101963	191796	69205.8	200082	5
101964	148886	92016.6	200099	3
101965	46383.2	104938	200005	29
101966	166560	173345	200049	57
101967	11393.2	106724	200045	1
101968	189545	17868.4	200065	1
101969	61034.9	155412	200094	4
101970	94315	82005.8	200038	5
101971	2063.62	190254	200075	14
101972	77938.6	151832	200076	1
101973	188015	5292.45	200018	48
101974	103820	84614.9	200007	3
101975	73112.6	162126	200092	18
101976	115301	16398.2	200069	31
101977	50316.5	75769.3	200064	36
101978	181966	49159.6	200013	54
101979	50857.5	171166	200060	4
101980	67743.9	185411	200052	5
101981	115682	198991	200032	5
101982	192362	129849	200049	4
101983	146560	84027.3	200051	47
101984	88116.7	151871	200002	24
101985	45626.2	166629	200040	1
101986	208014	122853	200085	13
101987	148605	137869	200080	4
101988	61228.4	130906	200060	3
101989	95244	61956.7	200070	5
101990	162184	101427	200099	24
101991	58917.3	41422.8	200034	4
101992	98747.1	166600	200028	27
101993	60330.6	46475.4	200021	5
101994	34416.7	13121.2	200036	5
101995	73790	146910	200094	57
101996	199610	199542	200061	66
101997	69080.6	129612	200088	36
101998	115178	139826	200096	5
101999	99525.9	11397.4	200055	2
102000	165156	79112.2	200085	37
