SCHOOLNODENUMBER: 50
SCHNODE_COORD_SECTION
200001	164191	101179	700	710	10
200002	112541	179561	535	550	15
200003	162971	99458.5	835	905	30
200004	40702.1	167757	540	550	10
200005	53534.9	209294	820	840	20
200006	135043	113855	920	945	25
200007	17037.5	106713	715	740	25
200008	156477	73717.3	545	555	10
200009	113924	106750	835	850	15
200010	162951	105783	1045	1100	15
200011	102398	5724.47	820	845	25
200012	169724	100313	605	625	20
200013	201447	21192.9	1020	1035	15
200014	120506	198346	450	520	30
200015	41282.2	170181	955	1020	25
200016	127277	107383	600	625	25
200017	126742	113004	625	650	25
200018	108448	111795	715	740	25
200019	118360	184011	825	855	30
200020	115759	187352	500	525	25
200021	103192	13615.8	815	825	10
200022	116059	209040	700	725	25
200023	95622.7	197552	850	905	15
200024	14439.7	102003	805	825	20
200025	97812.3	196055	540	555	15
200026	98519	195466	625	655	30
200027	102528	1071.64	510	540	30
200028	164233	104762	835	855	20
200029	124035	108587	645	655	10
200030	39743.5	163309	735	750	15
200031	99714.8	186291	1025	1045	20
200032	113232	109621	905	930	25
200033	121218	203142	720	750	30
200034	109949	3841.31	505	530	25
200035	42048.7	161220	620	630	10
200036	98715.9	132797	505	525	20
200037	18067.9	95137.6	810	835	25
200038	46614.1	157105	750	805	15
200039	164386	84195.6	650	715	25
200040	101305	190769	855	920	25
200041	100670	11187.8	1040	1100	20
200042	20320.8	101257	745	810	25
200043	44640.8	168976	945	955	10
200044	102038	3699.25	835	845	10
200045	38424.3	163748	905	920	15
200046	204466	22974	800	830	30
200047	98358.2	193441	450	515	25
200048	13434.8	95326.8	835	855	20
200049	17163.8	102911	555	620	25
200050	167145	79087.2	800	810	10
MAX_RIDING_TIME: 5400
EDGE_WEIGHT_FORMAT: FUNCTION
EDGE_WEIGHT_TYPE: MAN_2D
NODE_COORD_TYPE: TWOD_COORDS
NODE_COORD_SECTION
0	105600	105600	0	0	0	0	0	0	0
1	127391	103293	1653	58	23686	24286	200001	2	1482	100112	100589
2	206741	103989	5064	66	20290	20890	200001	6	4793	100199	100835	100774	100231	100660	100066
3	116199	103384	2411	51	22914	23514	200001	3	2265	100956	100800	100217
4	140365	71259	2194	66	23160	23760	200001	2	1920	100268	100789
5	147191	109068	5141	66	20213	20813	200001	6	4885	100581	100428	100104	100917	100663	100252
6	127896	107339	1701	46	23615	24215	200001	1	1447	100001
7	146768	119601	4717	62	20629	21229	200001	6	4539	100315	100560	100776	100471	100437	100239
8	149797	113866	2429	53	22900	23500	200001	2	2276	100834	100424
9	72156.2	159017	4594	66	15660	16560	200002	5	4419	100319	100861	100002	100706	100615
10	85549.3	149255	2897	44	17315	18215	200002	3	2753	100386	100958	100168
11	130972	148829	5104	66	15150	16050	200002	5	4846	100338	100586	100453	100257	100359
12	117151	129257	4852	66	15402	16302	200002	6	4578	100344	100986	100214	100796	100155	100116
13	115816	149498	2915	46	17301	18201	200002	3	2778	100924	100539	100073
14	89457.3	151280	2094	62	18152	19052	200002	2	1792	100795	100185
15	147034	111693	1219	47	29799	31599	200003	1	960	100416
16	148313	107443	3990	61	27054	28854	200003	4	3791	100949	100504	100879	100220
17	159099	138100	2037	60	29006	30806	200003	3	1792	100741	100094	100335
18	185762	98068.8	1132	58	29907	31707	200003	1	824	100084
19	119774	90390.3	5181	58	25858	27658	200003	5	5013	100209	100743	100238	100158	100514
20	142986	134192	2894	51	28131	29931	200003	2	2641	100407	100694
21	142827	64638.1	3577	66	27477	29277	200003	3	3399	100640	100003	100767
22	97102.4	171402	4856	58	15683	16283	200004	3	4568	100161	100853	100542
23	70843.8	156279	1717	56	18818	19418	200004	1	1418	100524
24	40243.4	114519	2771	44	17741	18341	200004	2	2581	100171	100369
25	60998.5	143013	3093	65	17459	18059	200004	3	2909	100483	100571	100004
26	47246.3	161953	5346	66	24808	26008	200005	5	5093	100348	100183	100005	100605	100529
27	145432	132943	3254	66	30500	32000	200006	3	3037	100734	100856	100414
28	111071	85406.5	3020	66	30734	32234	200006	2	2842	100950	100875
29	157030	95497.6	4777	66	28977	30477	200006	4	4594	100926	100944	100463	100939
30	115085	109151	3592	65	30160	31660	200006	3	3411	100915	100959	100985
31	107506	137850	3840	62	29906	31406	200006	4	3605	100006	100783	100886	100645
32	139097	122226	753	63	32995	34495	200006	1	423	100412
33	110511	93980.6	5539	60	28204	29704	200006	6	5362	100193	100336	100598	100624	100531	100378
34	54779.8	88138.7	2665	53	23564	25064	200007	4	2400	100513	100355	100724	100098
35	16826	122647	858	58	25381	26881	200007	1	550	100007
36	38154.5	74484.9	5107	40	21098	22598	200007	6	4913	100757	100097	100689	100405	100543	100305
37	53387.3	112576	2254	53	23975	25475	200007	2	2104	100982	100082
38	110458	77892.2	1996	53	18833	19433	200008	1	1711	100824
39	147844	63764.4	5464	66	15390	15990	200008	8	5281	100067	100643	100661	100051	100207	100827	100793	100346
40	106801	79903.4	2516	60	18327	18927	200008	3	2256	100008	100599	100811
41	192955	90315.2	4532	63	16316	16916	200008	4	4363	100533	100742	100808	100649
42	126746	48361.1	3664	62	17182	17782	200008	3	3492	100127	100354	100719
43	159920	118246	1953	60	18890	19490	200008	1	1635	100927
44	102514	74405.5	2139	51	18686	19286	200008	1	1863	100538
45	163935	111198	3041	66	17813	18413	200008	3	2855	100205	100965	100324
46	113652	86508.8	2299	66	18555	19155	200008	2	2119	100517	100143
47	125253	96487.9	2707	66	18147	18747	200008	2	2482	100975	100671
48	55991.9	110728	5081	49	25941	26841	200009	4	4938	100061	100279	100900	100721
49	69950.4	105104	2458	60	28585	29485	200009	2	2283	100865	100779
50	119862	88760.5	1159	61	29885	30785	200009	2	840	100280	100864
51	116407	85825.9	4079	64	26971	27871	200009	4	3861	100525	100083	100611	100059
52	76401.4	86846.7	3139	62	27907	28807	200009	3	2917	100570	100408	100925
53	136165	129549	4052	65	27000	27900	200009	3	3879	100969	100578	100307
54	154191	110324	1739	44	29273	30173	200009	1	1494	100009
55	138503	115272	1418	54	29613	30513	200009	1	1128	100847
56	145562	112014	2660	63	36188	37088	200010	2	2436	100991	100385
57	168448	144087	4308	65	34544	35444	200010	9	4096	100211	100805	100054	100541	100836	100201	100548	100360	100547
58	144626	63384.8	4400	64	34450	35350	200010	4	4156	100489	100290	100705	100979
59	117640	107526	5355	59	33486	34386	200010	5	5188	100377	100390	100544	100373	100842
60	194860	114158	3850	64	35000	35900	200010	5	3674	100703	100321	100500	100745	100868
61	121507	100550	4975	65	33877	34777	200010	5	4760	100175	100898	100010	100454	100974
62	80234.8	33619.3	4153	64	25997	27497	200011	5	3880	100254	100642	100099	100431	100895
63	104997	60344.3	2873	52	27254	28754	200011	5	2709	100691	100563	100696	100577	100556
64	98749.8	51944.9	4468	65	25684	27184	200011	4	4295	100826	100723	100462	100326
65	115435	47572.7	2696	65	27456	28956	200011	5	2520	100063	100844	100626	100266	100815
66	84358.7	43224.7	3283	65	26869	28369	200011	3	2985	100555	100465	100849
67	135006	34033.5	4316	54	25815	27315	200011	6	4153	100837	100430	100946	100899	100375	100011
68	141444	128045	2563	63	19485	20685	200012	2	2277	100778	100269
69	137474	93932.8	3578	65	18474	19674	200012	3	3405	100674	100091	100012
70	155364	107952	3372	65	18680	19880	200012	4	3152	100644	100866	100312	100561
71	202526	102847	3628	66	18426	19626	200012	3	3302	100907	100933	100679
72	152799	102053	3116	63	18932	20132	200012	5	2944	100954	100708	100610	100218	100695
73	146287	131018	5229	49	16793	17993	200012	5	5062	100234	100912	100064	100511	100978
74	158303	124148	1554	64	20496	21696	200012	2	1276	100923	100184
75	187222	54232.5	2452	57	34885	35785	200013	4	2286	100318	100718	100121	100877
76	162184	35100.4	4252	66	33102	34002	200013	7	4069	100784	100839	100977	100591	100275	100822	100120
77	149705	31844.9	2974	64	34376	35276	200013	4	2800	100707	100396	100971	100325
78	180483	46358.2	2576	62	34770	35670	200013	2	2409	100656	100013
79	127087	155393	4248	60	13295	15095	200014	3	3975	100528	100101	100566
80	124874	163599	5301	62	12245	14045	200014	7	5134	100932	100282	100449	100653	100764	100242	100976
81	112023	169054	1696	65	15856	17656	200014	2	1458	100146	100014
82	42178	109306	2914	25	32862	34362	200015	3	2812	100768	100457	100015
83	67682.3	199608	4718	53	31111	32611	200015	3	4563	100803	100474	100403
84	89576.2	177220	5037	58	30802	32302	200015	2	4872	100494	100830
85	111035	101303	4743	62	17003	18503	200016	5	4576	100108	100327	100075	100243	100906
86	141979	115489	3173	53	18556	20056	200016	3	3018	100176	100240	100984
87	71120	102845	3506	34	18187	19687	200016	2	3389	100967	100687
88	126416	74330.1	5179	63	16569	18069	200016	3	5007	100832	100016	100619
89	111802	149399	2313	64	19437	20937	200016	2	2048	100339	100667
90	143694	120414	3650	64	18100	19600	200016	4	3474	100970	100364	100990	100828
91	120734	120062	3282	66	18472	19972	200016	3	3008	100902	100123	100952
92	120745	93120.8	4277	59	18964	20464	200017	5	4115	100688	100197	100613	100942	100144
93	103943	149177	5447	48	17773	19273	200017	5	5306	100512	100579	100536	100546	100267
94	92217.8	92028.5	4002	66	19252	20752	200017	4	3819	100233	100590	100349	100652
95	118205	67346.7	5115	66	18139	19639	200017	4	4888	100069	100493	100603	100133
96	147270	103148	1343	58	21896	23396	200017	1	1035	100848
97	157452	116831	3087	64	20163	21663	200017	3	2872	100223	100492	100320
98	84001.6	132792	5033	65	18219	19719	200017	5	4842	100017	100149	100893	100678	100115
99	71479.5	92681.1	3644	31	22543	24043	200018	5	3528	100553	100353	100773	100810	100585
100	103052	142951	5481	65	20771	22271	200018	8	5303	100475	100722	100641	100720	100018	100818	100393	100441
101	144210	136003	5069	66	21185	22685	200018	5	4800	100131	100752	100206	100918	100622
102	96942	77021	3266	66	22988	24488	200018	3	3091	100937	100435	100117
103	111543	146058	4728	61	25716	27516	200019	4	4558	100272	100685	100439	100995
104	118772	124204	2491	58	27948	29748	200019	2	2237	100575	100802
105	115493	135670	5453	62	24993	26793	200019	5	5190	100135	100859	100429	100973	100698
106	107237	185427	663	42	29745	31545	200019	1	427	100998
107	84039.5	168680	3383	59	27058	28858	200019	2	3091	100901	100535
108	105435	166061	4643	66	25811	27611	200019	3	4379	100604	100210	100221
109	73389.8	174348	3030	60	27413	29213	200019	2	2715	100955	100372
110	114008	137310	2955	61	27489	29289	200019	2	2785	100019	100881
111	94780.8	152849	3704	61	14440	15940	200020	5	3539	100357	100843	100583	100460	100398
112	146916	159768	3482	65	14670	16170	200020	2	3244	100549	100801
113	106784	186663	1729	59	16412	17912	200020	2	1510	100445	100020
114	123734	145721	3576	43	14534	16034	200020	2	3442	100496	100288
115	99011.5	182995	4003	59	14138	15638	200020	2	3802	100821	100229
116	169012	195888	2895	59	15246	16746	200020	3	2598	100564	100888	100114
117	117028	153027	1413	34	16680	18180	200020	1	1213	100162
118	89623.8	37071.7	1708	65	28144	28744	200021	2	1379	100636	100480
119	67410.3	18137.1	1727	64	28123	28723	200021	2	1397	100401	100361
120	103605	14391.6	940	59	28901	29501	200021	2	650	100446	100911
121	91485	25000.6	3315	65	26537	27137	200021	2	3059	100322	100455
122	91788.9	53179.7	3744	65	26108	26708	200021	6	3571	100630	100169	100411	100289	100527	100309
123	59832.6	25288	3341	66	26513	27113	200021	4	3158	100420	100616	100297	100284
124	84556.4	58099.9	3884	66	25970	26570	200021	7	3698	100871	100780	100725	100869	100422	100730	100657
125	111913	40311.7	2369	64	27481	28081	200021	4	2198	100180	100470	100181	100552
126	111450	23349.4	2612	60	27231	27831	200021	4	2432	100021	100709	100497	100438
127	99128.7	57296.5	2707	57	27130	27730	200021	3	2541	100423	100058	100786
128	116222	26181.9	4062	66	25792	26392	200021	3	3882	100903	100068	100756
129	107188	169403	1979	39	23324	24824	200022	2	1850	100022	100409
130	132416	180982	4406	63	20942	22442	200022	5	4229	100274	100380	100473	100964	100746
131	75956	185838	3585	66	21769	23269	200022	4	3376	100371	100609	100855	100478
132	150364	191773	2084	62	23262	24762	200022	1	1758	100329
133	94933.1	183222	3178	52	22149	23649	200022	4	3022	100417	100562	100248	100699
134	107887	158169	2345	52	29582	30482	200023	2	2121	100300	100023
135	94363.8	142255	2602	36	29295	30195	200023	2	2473	100807	100941
136	107356	146966	2487	62	29459	30359	200023	3	2229	100858	100947	100874
137	130130	188428	4379	62	27567	28467	200023	7	4201	100425	100148	100905	100308	100165	100482	100618
138	100835	150688	4407	65	27545	28445	200023	5	4203	100389	100731	100189	100281	100519
139	53822.5	106613	4519	63	24729	25929	200024	8	4345	100682	100448	100840	100271	100466	100880	100145	100024
140	66887	111122	3006	64	26244	27444	200024	2	2824	100464	100222
141	112377	152253	5521	65	15031	15931	200025	6	5246	100208	100945	100150	100213	100787	100302
142	110326	152883	5159	62	15387	16287	200025	6	4924	100394	100650	100851	100625	100251	100270
143	79642.6	190548	1150	62	19396	20296	200025	2	835	100668	100025
144	101136	196042	1357	63	19191	20091	200025	2	1170	100755	100791
145	112521	167392	5273	66	15281	16181	200025	3	5022	100179	100382	100340
146	124589	175287	2160	63	21088	22888	200026	3	1910	100700	100545	100693
147	130338	170780	3785	63	19463	21263	200026	2	3548	100341	100872
148	114712	171815	4527	63	18721	20521	200026	2	4350	100846	100747
149	68362.4	169334	2248	63	21000	22800	200026	1	1918	100026
150	106205	178287	2622	62	20624	22424	200026	3	2400	100410	100540	100530
151	111611	176638	3056	66	20198	21998	200026	2	2766	100804	100629
152	88398.6	146271	4155	62	19091	20891	200026	2	3842	100909	100771
153	109918	53962.1	4266	66	14488	16288	200027	3	4080	100426	100090	100027
154	102361	54340.8	5401	65	13351	15151	200027	7	5186	100477	100419	100421	100750	100633	100717	100498
155	75407.2	35754.5	4299	64	14451	16251	200027	8	4011	100972	100809	100520	100140	100602	100673	100258	100763
156	100551	57106.8	3260	63	15488	17288	200027	7	3091	100623	100432	100738	100188	100833	100884	100765
157	109526	43665.4	2071	66	16683	18483	200027	3	1810	100759	100192	100904
158	104733	16524.5	2279	64	16471	18271	200027	3	2108	100931	100053	100819
159	127233	118194	4936	50	26088	27288	200028	4	4786	100505	100572	100119	100472
160	165194	87303.3	962	64	30088	31288	200028	1	627	100287
161	154123	123951	2855	51	28170	29370	200028	3	2701	100134	100506	100260
162	135137	97869.2	4316	66	26738	27938	200028	3	4133	100702	100138	100388
163	178414	127219	3450	66	27604	28804	200028	3	3199	100862	100690	100028
164	150803	131136	1669	59	29372	30572	200028	1	1356	100404
165	136817	98754.5	2547	64	28503	29703	200028	2	2298	100085	100286
166	159324	56204.1	4673	62	26373	27573	200028	5	4498	100735	100593	100943	100418	100225
167	103963	110415	3924	54	20507	21107	200029	8	3772	100102	100876	100523	100317	100727	100301	100029	100983
168	165495	100140	5484	57	18953	19553	200029	6	5323	100459	100655	100259	100940	100442	100087
169	111294	97996.9	959	26	23419	24019	200029	1	795	100081
170	94980.3	75307	5019	63	19429	20029	200029	6	4850	100814	100172	100151	100594	100343	100988
171	49081	116140	4077	9	23269	24169	200030	3	4007	100831	100447	100195
172	79033.8	159999	5434	49	21988	22888	200030	4	5280	100841	100294	100174	100030
173	91067.8	158207	3062	51	24363	25263	200030	3	2905	100491	100957	100328
174	61172.4	199215	5245	48	32375	33575	200031	3	5086	100996	100031	100391
175	71637.9	160275	3203	62	34443	35643	200031	2	3036	100870	100383
176	125232	161969	4091	64	33559	34759	200031	4	3894	100456	100751	100867	100692
177	97197.3	144360	1833	60	35810	37010	200031	1	1515	100573
178	113701	205911	2273	60	35370	36570	200031	2	2098	100712	100929
179	130382	137146	4693	64	28157	29657	200032	3	4517	100930	100295	100992
180	75067.2	114576	4792	66	28062	29562	200032	4	4617	100427	100351	100716	100961
181	105603	76513.2	4589	39	28214	29714	200032	6	4431	100554	100713	100999	100241	100670	100032
182	67932.6	113117	3903	66	28951	30451	200032	4	3723	100481	100292	100154	100469
183	105114	142063	4349	66	28505	30005	200032	3	4143	101000	100627	100701
184	141016	126583	4313	60	28530	30030	200032	4	4144	100164	100118	100817	100413
185	104967	79106.4	3594	60	29249	30749	200032	3	3295	100256	100395	100125
186	96548.9	188253	3253	60	23290	25090	200033	4	2969	100219	100963	100896	100235
187	109267	168597	5037	64	21513	23313	200033	3	4866	100987	100580	100196
188	178102	197938	2792	66	23762	25562	200033	3	2510	100283	100203	100816
189	113121	148713	4378	60	22165	23965	200033	5	4209	100558	100680	100608	100781	100033
190	158748	183194	3414	52	23113	24913	200033	3	3144	100204	100484	100163
191	93474.4	47999.8	2902	63	15546	17046	200034	2	2673	100159	100263
192	108049	54971.7	2038	41	16368	17868	200034	1	1807	100293
193	110132	7356.55	447	61	17997	19497	200034	1	126	100141
194	85513.3	37095	3292	63	15156	16656	200034	4	3123	100788	100873	100379	100770
195	86366.1	30627.8	3579	54	14852	16352	200034	4	3419	100342	100934	100109	100236
196	101863	49631.3	2479	65	15973	17473	200034	3	2295	100829	100392	100659
197	115347	16958	979	63	17469	18969	200034	2	662	100230	100968
198	139525	34926.7	3546	64	14904	16404	200034	3	3367	100132	100515	100601
199	94910.3	30246.4	1756	66	16698	18198	200034	1	1412	100034
200	121679	40234.9	2220	56	16215	17715	200034	2	1999	100093	100666
201	106714	40578.9	3555	63	14893	16393	200034	3	3375	100443	100261	100177
202	87589.4	12537.4	3763	59	14678	16178	200034	4	3590	100806	100376	100878	100772
203	111899	23116.1	4629	50	13795	15295	200034	4	4476	100330	100356	100103	100631
204	85763.4	20745.9	2294	64	16156	17656	200034	4	2120	100296	100672	100797	100761
205	57266.6	131881	2225	48	20695	21295	200035	2	2063	100314	100890
206	91186.9	157989	2089	57	20848	21448	200035	1	1785	100247
207	52106.9	120748	2035	59	20906	21506	200035	1	1722	100415
208	35813.1	113048	2380	63	20568	21168	200035	3	2211	100079	100681	100310
209	95288.4	169750	5167	64	17783	18383	200035	6	4991	100187	100452	100126	100035	100366	100486
210	127856	137589	5202	64	13248	14448	200036	4	5018	100960	100298	100966	100565
211	97874.8	114949	950	59	17491	18691	200036	1	637	100647
212	79093.4	123755	3752	51	14673	15873	200036	3	3595	100485	100635	100600
213	154245	125485	5305	65	13147	14347	200036	3	5132	100107	100732	100704
214	114991	102370	3874	64	14576	15776	200036	3	3695	100036	100916	100516
215	100906	73058.8	3393	37	15006	16206	200036	3	3273	100072	100070	100852
216	55664.2	85509.7	1800	32	27689	29189	200037	1	1609	100567
217	46497.8	76909.7	2797	66	26757	28257	200037	5	2611	100367	100510	100037	100265	100468
218	12575.2	120451	5315	60	24228	25728	200037	5	5148	100086	100684	100345	100620	100080
219	54412.6	68490.1	3711	63	25837	27337	200037	2	3539	100487	100551
220	31314	92794	776	44	28736	30236	200037	1	531	100226
221	51109.5	108161	2121	66	27433	28933	200037	2	1935	100838	100467
222	48640.9	77704.1	2004	63	27544	29044	200037	3	1785	100186	100461	100936
223	25554.7	98615.9	717	66	28837	30337	200037	1	373	100124
224	89593.4	176842	2432	51	25893	26793	200038	2	2169	100387	100038
225	63897.8	159248	3132	64	25218	26118	200038	3	2870	100178	100365	100062
226	53326.9	101810	2421	58	25918	26818	200038	1	2113	100337
227	42197.3	101706	2300	18	25963	26863	200038	2	2179	100711	100065
228	101099	156474	3187	65	25165	26065	200038	2	2936	100374	100726
229	56294.4	130670	5128	65	23224	24124	200038	5	4944	100769	100522	100518	100056	100891
230	119315	95107.1	5087	65	19665	21165	200039	4	4799	100920	100139	100128	100748
231	149802	91760.7	1014	47	23704	25204	200039	1	755	100106
232	146292	55976.5	1992	54	22739	24239	200039	2	1832	100794	100156
233	191499	120132	2529	66	22225	23725	200039	3	2193	100597	100100	100728
234	156175	65378.9	3615	66	21139	22639	200039	5	3357	100039	100889	100074	100596	100935
235	121659	86682.7	2040	56	22695	24195	200039	2	1798	100096	100584
236	175673	124320	2106	64	22644	24144	200039	2	1924	100190	100331
237	115716	82791.9	1975	49	22747	24247	200039	1	1707	100857
238	200813	80950.8	2817	66	21937	23437	200039	5	2634	100304	100863	100812	100697	100246
239	162664	145015	3096	64	21654	23154	200039	3	2860	100550	100737	100766
240	141014	100705	2465	49	22257	23757	200039	2	2319	100948	100444
241	127746	201428	2461	62	29785	31285	200040	2	2211	100676	100182
242	117077	207627	2433	53	29796	31296	200040	3	2275	100237	100434	100384
243	112918	142846	2721	65	29531	31031	200040	3	2537	100368	100632	100488
244	89464.8	184510	952	64	31298	32798	200040	1	617	100363
245	100488	163888	2797	61	29447	30947	200040	2	2632	100569	100245
246	97252.3	136987	5313	66	26941	28441	200040	5	5135	100040	100311	100052	100255	100648
247	102189	157571	3218	50	29006	30506	200040	3	3055	100646	100938	100105
248	110070	157105	5256	63	26992	28492	200040	6	5076	100654	100820	100639	100883	100166	100897
249	76177.9	49119.3	3900	66	34654	35854	200041	5	3683	100316	100997	100736	100250	100665
250	107399	33991.2	1336	63	37212	38412	200041	1	1006	100892
251	98321	64474.4	4565	62	33981	35181	200041	3	4354	100612	100559	100113
252	85859.9	47710.6	2475	64	36075	37275	200041	2	2301	100534	100628
253	115294	9845.53	1287	66	37267	38467	200041	3	964	100785	100152	100993
254	101555	32936.3	1052	52	37475	38675	200041	1	771	100754
255	78436.6	23108.5	4324	66	34230	35430	200041	5	4149	100358	100710	100502	100753	100362
256	103986	15661.2	2118	66	36436	37636	200041	3	1943	100198	100508	100262
257	93914.5	36257.1	2317	59	36224	37424	200041	2	2155	100777	100170
258	135900	19063.4	3529	65	35023	36223	200041	2	3234	100076	100739
259	94309.9	43450.5	1620	53	36909	38109	200041	2	1337	100887	100451
260	107702	54213.3	2842	59	35699	36899	200041	4	2680	100928	100433	100041	100576
261	115241	36550.3	1683	53	36846	38046	200041	2	1522	100381	100088
262	161231	12884.1	2762	62	35784	36984	200041	2	2444	100714	100277
263	76820	95653.1	2824	65	25228	26728	200042	2	2648	100568	100278
264	53226.2	102352	4509	66	23545	25045	200042	5	4256	100962	100276	100129	100669	100499
265	60906.2	93636.7	3827	64	24223	25723	200042	5	3645	100071	100042	100400	100662	100147
266	33654.1	109465	4369	65	23683	25183	200042	6	4105	100595	100333	100914	100055	100823	100476
267	58291.8	122871	2372	60	32871	33471	200043	2	2205	100845	100194
268	9530.3	145162	3367	58	31872	32472	200043	2	3061	100592	100043
269	84590.7	181173	3783	56	31452	32052	200043	3	3616	100232	100057	100813
270	47855.3	111234	2382	57	32855	33455	200043	1	2078	100137
271	67577.9	19266.2	3261	66	27793	28393	200044	3	2964	100792	100740	100191
272	121362	44066.5	3396	65	27656	28256	200044	3	3098	100509	100825	100110
273	141437	9669.21	5224	65	25828	26428	200044	3	4929	100729	100142	100130
274	126365	32988.6	3851	64	27199	27799	200044	4	3680	100675	100790	100089	100760
275	119669	36944.7	2055	61	28989	29589	200044	1	1734	100167
276	98050.5	59071.6	3184	63	27864	28464	200044	3	3015	100078	100285	100044
277	119908	21496.1	2317	65	28735	29335	200044	3	2141	100686	100994	100634
278	79611.8	39927.1	3301	66	27753	28353	200044	5	3110	100749	100347	100799	100077	100436
279	124404	34966.6	2301	61	28743	29343	200044	2	2047	100122	100399
280	99558.8	52799.1	2219	63	28829	29429	200044	2	2042	100683	100798
281	112575	10796.9	891	54	30140	30740	200044	1	601	100919
282	71735.3	160227	5509	57	27328	28228	200045	4	5340	100507	100045	100173	100582
283	70029.8	132129	3339	41	29467	30367	200045	3	3201	100621	100092	100885
284	45373.9	110672	2309	48	30511	31411	200045	1	2046	100614
285	143302	25070.9	4418	62	24528	26328	200046	6	4246	100677	100370	100574	100111	100882	100587
286	198795	73971.9	2552	65	26400	28200	200046	2	2374	100733	100095
287	171014	37271.4	2068	66	26886	28686	200046	3	1882	100910	100638	100046
288	168093	33334.1	3055	66	25899	27699	200046	4	2786	100913	100291	100350	100216
289	102157	161672	1858	64	15692	17192	200047	3	1674	100557	100202	100047
290	141608	173480	2976	53	14553	16053	200047	3	2821	100850	100458	100253
291	97932.4	148355	4559	36	12938	14438	200047	3	4436	100921	100440	100908
292	120003	178492	4070	65	13482	14982	200047	3	3892	100249	100479	100227
293	10459.9	80419.4	3819	66	27235	28435	200048	2	3553	100758	100303
294	52841.3	93325	3169	65	27883	29083	200048	3	2980	100588	100264	100224
295	23284.4	106123	3421	56	27614	28814	200048	3	3260	100981	100501	100537
296	65328.8	92561.4	3395	66	27659	28859	200048	4	3129	100606	100157	100273	100607
297	39438.5	119660	4063	61	26981	28181	200048	3	3895	100048	100953	100782
298	62089.8	107439	2424	40	28581	29781	200048	2	2202	100406	100306
299	67811.9	89739.9	5068	65	25984	27184	200048	4	4895	100060	100402	100664	100526
300	29912	78118.5	4327	64	17123	18623	200049	5	4021	100153	100212	100490	100299	100651
301	56619.1	107586	2723	49	18699	20199	200049	4	2523	100313	100049	100521	100658
302	51619.3	98342.2	1691	62	19755	21255	200049	3	1404	100989	100495	100160
303	70342.9	98207.5	3999	40	17406	18906	200049	3	3792	100352	100951	100532
304	142530	55163.6	2522	66	26432	27032	200050	2	2339	100215	100894
305	170151	129140	4959	60	23984	24584	200050	5	4795	100854	100775	100244	100860	100715
306	165545	18568.7	4937	62	24009	24609	200050	6	4770	100397	100503	100762	100332	100323	100980
307	154564	82231.1	3786	56	25149	25749	200050	2	3622	100744	100617
308	131025	73049.6	1863	29	27021	27621	200050	4	1758	100922	100050	100228	100637
309	126134	68033.6	4113	56	24822	25422	200050	4	3946	100334	100450	100200	100136
DIMENSION: 310
SOLVETIME: 61.447
DEPOT_SECTION
1
-1
EOF
