SCHOOLNODENUMBER: 12
SCHNODE_COORD_SECTION
200001	75440.3	197766	630	655	25
200002	78110.9	193992	1000	1010	10
200003	190473	163547	1020	1030	10
200004	192244	161698	905	935	30
200005	81207.1	195119	715	740	25
200006	78643.9	191805	630	640	10
200007	79239.9	193784	940	1000	20
200008	77865.2	194346	705	720	15
200009	189226	160044	725	745	20
200010	74397.8	195706	530	555	25
200011	185815	156689	830	900	30
200012	84858.5	197119	515	540	25
MAX_RIDING_TIME: 5400
EDGE_WEIGHT_FORMAT: FUNCTION
EDGE_WEIGHT_TYPE: MAN_2D
NODE_COORD_TYPE: TWOD_COORDS
NODE_COORD_SECTION
0	105600	105600	0	0	0	0	0	0	0
1	69716.9	143810	4160	50	19364	20864	200001	5	3989	100093	100108	100139	100218	100001
2	71382.9	149832	2689	21	33379	33979	200002	5	2592	100067	100031	100111	100083	100002
3	96131.9	158204	4921	62	31225	31825	200002	5	4691	100144	100137	100230	100233	100136
4	163011	130390	3161	66	34193	34793	200003	3	2978	100064	100196	100229
5	156422	139374	3606	66	33748	34348	200003	6	3423	100053	100245	100141	100161	100193	100069
6	146167	145970	3528	63	33820	34420	200003	5	3356	100089	100094	100103	100003	100222
7	145849	175847	5106	65	32246	32846	200003	6	4925	100197	100091	100168	100099	100080	100241
8	163931	128623	2458	66	34896	35496	200003	2	2194	100068	100227
9	181907	116055	3686	66	33668	34268	200003	5	3506	100030	100166	100109	100203	100244
10	131477	159225	4360	62	32986	33586	200003	3	4193	100172	100018	100118
11	170910	124345	3246	63	34102	34702	200003	2	3066	100124	100247
12	183321	127459	1836	66	35518	36118	200003	2	1593	100132	100039
13	186773	112996	3852	58	33487	34087	200003	8	3679	100114	100097	100100	100116	100135	100133	100073	100228
14	177978	112996	3241	39	29562	31362	200004	5	3117	100129	100202	100217	100127	100138
15	149411	146070	3966	66	28888	30688	200004	5	3783	100025	100191	100234	100004	100231
16	160134	157198	1601	62	31245	33045	200004	2	1280	100237	100126
17	149908	179744	5021	62	27825	29625	200004	6	4843	100213	100038	100020	100023	100090	100088
18	168962	146945	2152	61	30692	32492	200004	3	1976	100128	100182	100188
19	185398	109306	3776	63	29072	30872	200004	8	3607	100152	100194	100062	100045	100167	100179	100086	100059
20	199134	123308	2185	66	30669	32469	200004	4	2002	100028	100013	100212	100206
21	191925	101615	2768	65	30084	31884	200004	5	2530	100049	100220	100054	100150	100147
22	81123.8	136875	3319	29	22865	24365	200005	6	3206	100075	100063	100169	100211	100119	100005
23	99194.4	165740	3029	20	23138	24638	200005	3	2936	100225	100123	100190
24	110479	164162	2580	48	20940	21540	200006	3	2434	100006	100043	100029
25	80910.4	139149	2761	65	20791	21391	200006	4	2585	100154	100014	100058	100066
26	88364.1	166055	1404	33	22087	22687	200006	1	1209	100148
27	62491.5	144811	3181	66	20373	20973	200006	4	3001	100183	100125	100239	100047
28	81974.8	141370	4842	22	30028	31228	200007	5	4751	100186	100041	100250	100145	100007
29	116438	175385	2034	7	32808	34008	200007	2	1968	100195	100249
30	112593	170239	3091	33	22500	23400	200008	3	2968	100178	100223	100008
31	79668	140811	4010	46	21606	22506	200008	7	3870	100156	100246	100087	100044	100035	100036	100204
32	94894	154659	2932	57	22705	23605	200008	3	2704	100070	100050	100242
33	181698	109305	4536	64	22314	23514	200009	9	4360	100240	100185	100052	100151	100027	100162	100180	100122	100153
34	178374	112598	2856	59	23985	25185	200009	5	2686	100095	100143	100071	100015	100175
35	164596	133592	3522	66	23332	24532	200009	6	3295	100077	100055	100117	100022	100026	100200
36	166319	125529	2911	66	23943	25143	200009	7	2733	100096	100098	100207	100142	100208	100155	100060
37	135294	156698	3964	66	22890	24090	200009	6	3760	100009	100057	100042	100105	100065	100051
38	183355	128946	1604	66	25250	26450	200009	1	1260	100106
39	160030	165991	4955	64	21895	23095	200009	8	4773	100082	100019	100046	100016	100102	100215	100061	100187
40	77052.6	157317	1765	33	18126	19626	200010	3	1614	100210	100176	100177
41	70050.6	138979	4163	47	15755	17255	200010	4	4024	100216	100084	100040	100010
42	152916	126736	2639	65	28113	29913	200011	4	2461	100221	100024	100165	100163
43	191663	109852	3223	66	27531	29331	200011	6	3048	100159	100248	100174	100120	100017	100198
44	181930	98660.7	2627	59	28114	29914	200011	2	2410	100081	100224
45	157398	125251	3136	59	27605	29405	200011	4	2971	100192	100181	100134	100157
46	167974	112290	2492	64	28258	30058	200011	3	2316	100032	100164	100238
47	141279	140662	3116	48	27604	29404	200011	6	2964	100226	100160	100037	100201	100074	100112
48	150764	130146	2869	66	27885	29685	200011	5	2686	100199	100209	100184	100158	100092
49	182233	101357	2559	63	28189	29989	200011	3	2320	100021	100131	100173
50	136844	151401	3911	50	26813	28613	200011	8	3703	100214	100219	100011	100171	100107	100146	100115	100104
51	185613	131664	3626	62	27120	28920	200011	3	3365	100056	100149	100243
52	176303	134970	1404	65	29348	31148	200011	1	1064	100033
53	171812	107395	3001	65	27751	29551	200011	3	2768	100078	100113	100170
54	198581	110631	3168	64	27582	29382	200011	7	2992	100189	100140	100085	100232	100110	100076	100236
55	177903	102142	2944	62	27802	29602	200011	4	2642	100121	100235	100034	100048
56	91850.8	171248	2157	65	16895	18395	200012	3	1924	100101	100205	100012
57	102369	151379	4286	66	14768	16268	200012	3	4012	100130	100072	100079
DIMENSION: 58
SOLVETIME: 23.561
DEPOT_SECTION
1
-1
EOF
