SCHOOLNODENUMBER: 25
SCHNODE_COORD_SECTION
200001	3786.61	156248	730	755	25
200002	117081	80823.6	1015	1025	10
200003	46831.5	113678	815	840	25
200004	119787	71488.6	705	725	20
200005	12290.6	158266	610	630	20
200006	184444	19831	500	525	25
200007	46008.7	115760	735	805	30
200008	190742	20300.4	540	555	15
200009	137367	55159.8	800	830	30
200010	133421	16183.9	835	845	10
200011	116925	72836.3	605	635	30
200012	10955.6	150391	815	840	25
200013	8384.45	158044	810	830	20
200014	137954	52771.6	455	510	15
200015	42803.2	107942	805	830	25
200016	121111	78682.8	825	850	25
200017	128510	15885.6	915	935	20
200018	47515.1	119425	910	930	20
200019	6902.36	158075	940	1010	30
200020	130299	49429.4	630	655	25
200021	185147	22831.7	915	930	15
200022	136274	55273.6	720	735	15
200023	188217	11642.1	1035	1100	25
200024	51291.5	54059.1	535	600	25
200025	187156	16932	805	830	25
MAX_RIDING_TIME: 5400
EDGE_WEIGHT_FORMAT: FUNCTION
EDGE_WEIGHT_TYPE: MAN_2D
NODE_COORD_TYPE: TWOD_COORDS
NODE_COORD_SECTION
0	105600	105600	0	0	0	0	0	0	0
1	10026.8	112225	2080	63	25068	26568	200001	3	1895	100274	100885	100740
2	40005.3	183119	2610	66	24544	26044	200001	2	2370	100709	100714
3	45905.7	173417	4484	63	22664	24164	200001	4	4312	100742	100263	100001	100807
4	22215.7	189112	2092	66	25062	26562	200001	1	1748	100500
5	6889.21	101240	2875	55	24258	25758	200001	4	2703	100901	100865	100546	100250
6	17365.3	110817	3809	64	23341	24841	200001	7	3547	100687	100412	100277	100492	100395	100941	100806
7	54381.2	150791	3391	47	23727	25227	200001	9	3241	100219	100334	100991	100172	100840	100701	100276	100366	100707
8	14130.9	132106	1519	66	25635	27135	200001	1	1175	100451
9	41094.6	143575	2463	62	24683	26183	200001	4	2296	100515	100660	100377	100743
10	106377	131829	2779	64	34271	34871	200002	3	2517	100420	100327	100525
11	82607.1	108616	4559	60	32484	33084	200002	6	4387	100200	100673	100074	100943	100055	100282
12	164789	94042.4	2421	66	34633	35233	200002	1	2077	100463
13	88976.5	76427.6	2904	66	34150	34750	200002	4	2716	100915	100816	100639	100002
14	126674	115671	3814	55	33219	33819	200002	6	3631	100144	100453	100582	100442	100320	100238
15	107198	50653	4792	60	32251	32851	200002	8	4625	100333	100112	100728	100371	100820	100069	100387	100158
16	147281	105666	2519	62	34527	35127	200002	3	2349	100690	100665	100253
17	101071	98192.2	2686	52	34341	34941	200002	3	2481	100105	100846	100838
18	115094	106917	1658	54	35373	35973	200002	2	1454	100545	100571
19	110028	101397	2986	49	34036	34636	200002	4	2832	100533	100473	100225	100199
20	75852.1	79671.1	1774	63	35274	35874	200002	1	1444	100125
21	157536	89363.7	4132	66	32922	33522	200002	5	3892	100052	100620	100662	100079	100273
22	120483	89754.3	764	66	36290	36890	200002	1	420	100899
23	74944.6	102996	3733	64	26117	27617	200003	5	3551	100862	100322	100616	100675	100212
24	81790.8	109123	1849	64	28001	29501	200003	3	1678	100650	100329	100972
25	25670.7	78789.9	2254	66	27600	29100	200003	1	1910	100587
26	48520.9	55217.2	2757	62	27089	28589	200003	4	2585	100089	100763	100509	100440
27	58820.4	72387.6	2174	65	27678	29178	200003	2	1847	100928	100121
28	83197.5	130918	2135	50	27689	29189	200003	3	1966	100195	100960	100098
29	66999.3	96340.2	1613	64	28237	29737	200003	1	1278	100457
30	39308.6	124936	4659	66	25195	26695	200003	10	4484	100860	100522	100459	100497	100346	100505	100357	100347	100795	100162
31	57507.2	82535.5	3996	65	25856	27356	200003	5	3820	100580	100168	100228	100348	100231
32	82623.9	114903	3439	66	26415	27915	200003	4	3261	100542	100944	100680	100337
33	46136.3	78068.6	1581	66	28273	29773	200003	1	1237	100659
34	61072.1	142970	1819	64	28031	29531	200003	1	1484	100487
35	55628.6	85978.3	4928	65	24924	26424	200003	4	4752	100243	100762	100003	100856
36	26014.5	111555	1126	66	28728	30228	200003	1	782	100428
37	60325.2	70570.7	4158	66	25696	27196	200003	6	3887	100945	100471	100771	100698	100058	100131
38	82564	99570.1	3074	65	26778	28278	200003	3	2893	100630	100817	100672
39	64651.7	101407	5290	66	24564	26064	200003	7	5104	100419	100833	100811	100968	100517	100312	100234
40	130671	52535.1	4271	65	21381	22581	200004	4	4090	100732	100088	100336	100682
41	174941	78365	2458	66	23196	24396	200004	1	2114	100421
42	103072	41151.4	2810	65	22842	24042	200004	4	2634	100946	100100	100056	100004
43	137512	95520.6	2746	66	22908	24108	200004	3	2571	100260	100398	100769
44	102827	104032	4753	66	20901	22101	200004	5	4570	100749	100323	100607	100745	100073
45	110423	70564.9	4234	66	21420	22620	200004	3	4048	100954	100166	100178
46	110386	63485.1	888	55	24745	25945	200004	1	593	100126
47	122199	118379	2766	64	22884	24084	200004	3	2590	100715	100039	100842
48	116558	42576.4	1896	63	23752	24952	200004	3	1631	100693	100318	100902
49	158627	58639.6	2106	66	23548	24748	200004	1	1762	100512
50	157441	87796.6	3546	64	22104	23304	200004	5	3375	100306	100724	100292	100551	100576
51	114721	104734	1714	64	23936	25136	200004	3	1509	100434	100848	100406
52	112091	89730.8	1228	66	24426	25626	200004	1	884	100801
53	117682	115732	4446	62	21200	22400	200004	9	4271	100648	100520	100223	100064	100537	100591	100857	100513	100922
54	87035.3	93105.7	4741	63	20907	22107	200004	4	4528	100390	100461	100220	100251
55	56133.6	151590	2084	62	20262	21462	200005	3	1878	100340	100214	100005
56	65293.7	156657	3744	53	18585	19785	200005	4	3591	100711	100456	100432	100235
57	18603.9	127009	2504	66	19850	21050	200005	5	2326	100718	100641	100476	100852	100637
58	59068.5	168239	5307	52	17020	18220	200005	5	5148	100286	100114	100115	100161	100783
59	17175.4	103949	2843	66	19511	20711	200005	5	2663	100652	100468	100424	100465	100353
60	39935.7	151994	3813	63	18535	19735	200005	3	3535	100557	100600	100145
61	9088.67	131753	1357	66	20997	22197	200005	1	1013	100911
62	10652.6	105569	2320	64	20030	21230	200005	4	2133	100368	100829	100237	100511
63	180761	61227.5	3786	52	14341	15841	200006	5	3625	100841	100401	100102	100815	100319
64	186116	63349.4	2260	65	15892	17392	200006	3	2009	100342	100278	100006
65	174469	71918.7	2459	66	15695	17195	200006	1	2115	100894
66	126484	24549.6	5290	53	12839	14339	200006	6	5135	100208	100814	100667	100947	100549	100080
67	157957	50104.2	2942	60	15201	16701	200006	5	2773	100808	100550	100425	100359	100755
68	71754.9	101140	4015	66	23439	25239	200007	7	3835	100573	100449	100727	100435	100362	100350	100482
69	87275.6	122862	2340	56	25095	26895	200007	4	2179	100310	100151	100290	100909
70	52209.8	92646.8	3608	65	23844	25644	200007	4	3430	100685	100903	100076	100514
71	68260.1	79070.6	5191	64	22259	24059	200007	8	5015	100034	100380	100224	100363	100194	100895	100886	100083
72	59769.8	119527	950	64	26500	28300	200007	2	633	100722	100308
73	97642	113232	2159	59	25282	27082	200007	1	1846	100844
74	50543.6	64786.2	2236	66	25218	27018	200007	1	1892	100782
75	22497.7	133739	4529	66	22925	24725	200007	10	4351	100598	100207	100130	100345	100773	100835	100543	100104	100933	100602
76	98737.1	118692	4460	64	22990	24790	200007	6	4263	100317	100378	100040	100555	100477	100764
77	83633.4	129593	4742	50	22682	24482	200007	5	4576	100394	100733	100958	100448	100191
78	59139.7	133494	4380	66	23074	24874	200007	4	4200	100147	100330	100173	100469
79	90159.6	117302	1901	66	25553	27353	200007	1	1557	100218
80	72433.2	92675.9	2364	58	25075	26875	200007	3	2196	100369	100065	100072
81	70015.8	89177.3	5387	56	22048	23848	200007	8	5228	100445	100538	100458	100907	100007	100379	100516	100203
82	100357	106895	3114	50	24310	26110	200007	2	2904	100267	100563
83	40468.8	100402	2594	66	24860	26660	200007	3	2419	100272	100893	100510
84	34681	112717	833	66	26621	28421	200007	1	489	100770
85	188567	80355.9	2447	54	18084	18984	200008	3	2209	100084	100051	100239
86	171124	60290.7	2362	55	18171	19071	200008	3	2083	100712	100008	100734
87	162756	52100.4	4121	61	16423	17323	200008	6	3893	100919	100955	100037	100163	100683	100553
88	136064	18773.3	3864	32	16625	17525	200008	3	3754	100767	100275	100720
89	203509	65369.3	2875	60	17668	18568	200008	5	2711	100063	100613	100780	100480	100411
90	199600	4154.72	1196	66	19358	20258	200008	1	852	100646
91	112125	61660.2	5289	28	23593	25393	200009	8	5175	100556	100963	100554	100059	100635	100900	100586	100157
92	141562	109266	5492	59	23449	25249	200009	10	5319	100491	100962	100205	100704	100246	100268	100264	100252	100610	100082
93	115035	93933.9	3520	41	25386	27186	200009	6	3388	100858	100614	100881	100091	100192	100503
94	106614	29752	2258	66	26696	28496	200009	1	1914	100930
95	104740	49323.7	5097	65	23855	25655	200009	5	4916	100009	100621	100997	100328	100887
96	142405	25866.8	3082	65	25870	27670	200009	4	2909	100135	100376	100776	100569
97	165007	50966.6	1429	66	27525	29325	200009	1	1085	100181
98	166961	42897.9	3036	66	28018	28618	200010	5	2856	100010	100213	100101	100407	100156
99	94062.2	38997.1	2583	58	28456	29056	200010	3	2363	100291	100932	100918
100	127479	62968	4879	61	26165	26765	200010	5	4706	100973	100526	100481	100046	100765
101	127800	71183.2	2878	56	28157	28757	200010	4	2714	100679	100746	100054	100629
102	113787	55137.6	2319	46	28697	29297	200010	3	2153	100699	100143	100470
103	103987	11854.3	3289	59	27752	28352	200010	6	3124	100174	100521	100877	100634	100417	100874
104	110512	24983.3	1412	59	29629	30229	200010	2	1109	100859	100148
105	88729.3	105628	5065	59	16976	18776	200011	6	4877	100719	100566	100906	100595	100640	100827
106	157898	93680.7	2469	66	19585	21385	200011	2	2268	100248	100262
107	99724.1	113503	2651	59	19390	21190	200011	3	2478	100684	100967	100971
108	108153	21721.6	2385	66	19669	21469	200011	1	2041	100980
109	141925	64722.6	3428	65	18624	20424	200011	4	3161	100982	100140	100850	100976
110	159626	80319.5	2059	63	19989	21789	200011	2	1739	100609	100655
111	155556	84622.2	3745	66	18309	20109	200011	6	3544	100103	100443	100229	100245	100590	100649
112	143454	99673	2163	66	19891	21691	200011	1	1819	100397
113	147100	98423	3726	65	18326	20126	200011	4	3446	100956	100300	100339	100548
114	117078	80270.5	2625	61	19419	21219	200011	2	2442	100626	100787
115	117885	92595.4	979	50	21045	22845	200011	1	706	100077
116	96393.9	55740.4	4020	62	18026	19826	200011	3	3845	100030	100307	100222
117	105744	108717	1948	66	20106	21906	200011	1	1604	100778
118	95855.6	85213.9	1458	60	20585	22385	200011	1	1140	100393
119	75393	62612.8	5175	63	16873	18673	200011	6	4985	100289	100226	100949	100452	100150	100605
120	123132	115258	2854	45	19160	20960	200011	4	2714	100403	100965	100093	100880
121	138249	107806	4734	66	17320	19120	200011	4	4559	100908	100581	100011	100313
122	108117	27875	2173	65	19879	21679	200011	1	1833	100047
123	153313	84254.5	1978	63	20070	21870	200011	2	1650	100462	100190
124	67583.4	148063	3322	61	26522	28022	200012	5	3066	100668	100122	100929	100796	100735
125	28937.1	111744	3968	66	25886	27386	200012	6	3788	100050	100736	100053	100625	100939	100819
126	52512.8	128832	2531	66	27323	28823	200012	3	2353	100839	100825	100297
127	19248.4	104476	2336	65	27516	29016	200012	6	2152	100810	100439	100861	100940	100565	100344
128	20442.7	101050	2590	66	27264	28764	200012	4	2415	100475	100447	100959	100299
129	38917.4	137980	1662	49	28160	29660	200012	2	1397	100878	100599
130	42686.5	143902	1896	60	27947	29447	200012	3	1732	100951	100183	100043
131	15242.1	96368.2	3019	65	26833	28333	200012	4	2781	100890	100644	100408	100797
132	58389.7	165377	2863	64	26987	28487	200012	4	2684	100444	100314	100254	100799
133	2342.57	117548	1854	65	27998	29498	200012	4	1673	100483	100696	100891	100028
134	29927.7	138689	1426	60	28417	29917	200012	3	1202	100661	100916	100654
135	29899.7	108337	3724	66	26130	27630	200012	4	3538	100794	100855	100560	100388
136	50675.7	158026	4616	61	25228	26728	200012	5	4446	100830	100232	100436	100012	100854
137	22148.7	110735	2463	66	27091	28291	200013	3	2280	100981	100741	100611
138	51362.1	145611	3565	64	25985	27185	200013	3	3303	100678	100206	100013
139	24907.7	126868	1974	63	27574	28774	200013	2	1651	100977	100623
140	24930.6	111955	2913	59	26628	27828	200013	5	2740	100422	100914	100155	100099	100574
141	33234	120558	2497	60	27046	28246	200013	4	2208	100871	100142	100657	100585
142	54265.3	141906	2467	60	27076	28276	200013	3	2290	100149	100416	100399
143	37451.4	125067	2889	60	26654	27854	200013	4	2660	100995	100691	100664	100529
144	19063.4	172105	1187	66	28367	29567	200013	1	843	100217
145	55995.2	161098	3891	65	25661	26861	200013	4	3715	100265	100896	100913	100603
146	46307.9	133168	2623	64	26927	28127	200013	2	2441	100270	100737
147	47471.1	142720	2887	56	26648	27848	200013	3	2723	100266	100392	100354
148	144598	106294	3516	64	14334	15234	200014	5	3337	100876	100078	100038	100527	100999
149	116294	89523.2	2556	59	15285	16185	200014	3	2389	100193	100455	100826
150	117004	74659.3	3961	66	13893	14793	200014	5	3734	100703	100035	100279	100752	100182
151	85817.4	54225.6	4476	65	13376	14276	200014	4	4295	100498	100612	100622	100788
152	109035	44573.6	5095	66	12759	13659	200014	7	4920	100950	100964	100127	100872	100869	100175	100415
153	140278	42651.2	3703	66	14151	15051	200014	4	3520	100014	100568	100129	100302
154	25761.8	115939	4853	63	24395	25895	200015	11	4676	100141	100301	100777	100437	100107	100241	100924	100032	100633	100066	100627
155	53198.2	59170.2	3586	65	25666	27166	200015	4	3348	100847	100651	100227	100834
156	29003.9	121457	4400	66	24854	26354	200015	10	4220	100062	100188	100041	100578	100284	100584	100383	100790	100070	100338
157	59211.8	141132	2034	66	27220	28720	200015	1	1690	100485
158	9922.88	104420	1649	65	27603	29103	200015	3	1330	100873	100910	100169
159	79748.6	111207	4489	62	24757	26257	200015	6	4317	100879	100293	100097	100884	100518	100957
160	70573.5	102945	2356	66	26898	28398	200015	3	2139	100087	100688	100187
161	25463.9	109411	3944	65	25308	26808	200015	6	3766	100283	100389	100559	100400	100920	100716
162	71343.7	101835	5529	66	23725	25225	200015	9	5349	100258	100697	100921	100256	100386	100531	100998	100987	100494
163	82174.1	112954	2879	60	26364	27864	200015	3	2704	100786	100298	100931
164	65212.7	82286.5	3033	65	26219	27719	200015	5	2849	100618	100015	100261	100936	100060
165	82825.3	101694	1948	64	27302	28802	200015	3	1772	100632	100717	100686
166	43907.8	157339	2197	66	27057	28557	200015	2	2022	100985	100216
167	28808.1	93791	2467	66	26787	28287	200015	3	2287	100211	100372	100870
168	63799.4	109209	2565	61	26679	28179	200015	3	2397	100708	100615	100426
169	168690	82014.8	3804	64	26646	28146	200016	4	3633	100721	100271	100240	100242
170	153605	48103.3	2845	66	27609	29109	200016	2	2511	100152	100081
171	136809	83239.7	963	50	29461	30961	200016	1	690	100186
172	151775	76165	1421	54	29010	30510	200016	1	1131	100210
173	112866	132022	2485	66	27969	29469	200016	2	2305	100904	100116
174	112836	54838.4	1855	66	28599	30099	200016	2	1578	100552	100710
175	97876.9	76688.6	3853	63	26595	28095	200016	6	3681	100280	100431	100798	100738	100828	100758
176	138592	101182	1706	66	28748	30248	200016	1	1362	100137
177	139669	103495	2558	64	27892	29392	200016	2	2317	100092	100096
178	135119	81211.9	3010	60	27433	28933	200016	5	2846	100564	100474	100935	100804	100016
179	107544	29071.7	2813	57	27624	29124	200016	4	2647	100177	100604	100355	100753
180	117624	107237	2944	58	27495	28995	200016	4	2706	100624	100433	100653	100154
181	94905.2	90190.5	4204	65	26248	27748	200016	5	4028	100396	100996	100164	100197	100086
182	121235	110569	3737	65	26715	28215	200016	4	3561	100044	100375	100201	100768
183	94559.5	44712.9	5247	63	28201	29401	200017	7	5067	100747	100221	100128	100912	100404	100134	100572
184	120443	10282.7	801	64	32649	33849	200017	1	466	100674
185	95761.8	24523.9	1701	37	31698	32898	200017	2	1570	100259	100111
186	114168	53830.5	3077	64	30373	31573	200017	2	2888	100110	100864
187	92367.8	31117.4	2114	66	31340	32540	200017	2	1775	100309	100176
188	99276.4	12463.6	2278	66	31176	32376	200017	2	2012	100360	100351
189	133124	49441.1	3186	51	30239	31439	200017	3	3040	100601	100230	100335
190	113977	37194.3	2951	64	30499	31699	200017	4	2780	100026	100495	100430	100748
191	101866	30950.8	2843	66	30611	31811	200017	3	2668	100785	100619	100017
192	57473.5	141466	4631	61	28513	29713	200018	7	4406	100800	100506	100269	100247	100410	100784	100739
193	30572.6	97984	3879	66	29275	30475	200018	6	3675	100068	100594	100501	100414	100948	100986
194	83271.4	109326	2927	53	30202	31402	200018	2	2772	100802	100729
195	38435	143461	2593	65	30559	31759	200018	3	2415	100196	100849	100889
196	69221	86798.8	3036	52	30091	31291	200018	2	2833	100670	100983
197	93878.6	111595	3248	52	29879	31079	200018	6	3089	100925	100726	100547	100018	100117	100938
198	85917.9	111499	3325	53	29804	31004	200018	3	3159	100478	100523	100882
199	55920.3	98094.2	4473	65	28679	29879	200018	5	4289	100067	100766	100179	100617	100365
200	74930.2	100768	1974	64	31176	32376	200018	2	1727	100821	100539
201	88254.8	112160	3844	63	29304	30504	200018	3	3654	100090	100663	100824
202	45365.8	76672.8	2079	59	31062	32262	200018	2	1779	100356	100818
203	12631.5	131107	1931	66	31223	32423	200018	1	1587	100405
204	25982.1	107310	3965	63	29183	30383	200018	5	3785	101000	100883	100832	100791	100713
205	80426.9	112847	4349	59	28792	29992	200018	4	4176	100905	100952	100851	100325
206	86955.3	125871	3249	65	29903	31103	200018	3	3034	100304	100484	100953
207	26419.4	127917	1352	66	31802	33002	200018	1	1008	100530
208	72543.8	103234	5156	63	27992	29192	200018	5	4987	100577	100504	100588	100853	100562
209	70623.9	112377	4555	57	28582	29782	200018	3	4392	100730	100446	100508
210	49861.6	67567.2	3179	66	29975	31175	200018	3	2978	100897	100042	100133
211	37304.4	83017.1	1929	65	31223	32423	200018	1	1589	100466
212	29836.8	112559	1166	63	31982	33182	200018	1	836	100215
213	58646	155132	2177	59	32764	34564	200019	1	1864	100994
214	26733.2	119100	2312	54	32619	34419	200019	2	2160	100402	100118
215	39227.4	140484	2227	65	32725	34525	200019	4	2049	100180	100694	100019	100295
216	51854.9	151927	2077	60	32866	34666	200019	2	1819	100843	100937
217	13547.6	116222	2232	64	32718	34518	200019	4	2050	100071	100534	100917	100669
218	17036.3	110779	3451	61	31493	33293	200019	4	3244	100803	100413	100136	100631
219	44005.5	143220	3650	58	31289	33089	200019	5	3477	100454	100139	100643	100441	100589
220	49860.2	154465	2952	63	31996	33796	200019	2	2783	100095	100488
221	18733.9	116707	2112	48	32808	34608	200019	3	1940	100119	100757	100867
222	9971.75	136120	1180	58	33759	35559	200019	2	1009	100160	100249
223	150994	72972.3	1838	63	21710	23210	200020	1	1508	100969
224	110510	81264.4	2104	58	21435	22935	200020	3	1933	100570	100606	100761
225	121638	84104.9	3540	65	20012	21512	200020	2	3364	100146	100775
226	95801.3	24384.3	2638	66	20916	22416	200020	2	2460	100809	100132
227	124469	104927	4092	61	19452	20952	200020	5	3838	100700	100689	100979	100123	100532
228	160535	71610.1	5028	66	18526	20026	200020	6	4850	100772	100370	100391	100486	100544	100061
229	91882.1	73895.1	2474	59	21067	22567	200020	2	2169	100109	100020
230	76623.8	58583.1	3703	63	19845	21345	200020	3	3534	100349	100036	100645
231	95594.2	40334.1	4768	45	18746	20246	200020	5	4583	100507	100519	100993	100075	100120
232	167494	63686.8	3687	27	29693	30593	200021	7	3583	100540	100373	100281	100502	100048	100760	100021
233	191059	78443.2	4525	20	28842	29742	200021	3	4411	100892	100332	100898
234	131526	17934.5	3256	51	30169	31069	200021	6	3081	100382	100970	100450	100311	100813	100536
235	167455	4127.52	1584	66	31870	32770	200021	1	1240	100198
236	103323	27983.6	4095	53	22434	23334	200022	6	3921	100695	100666	100384	100352	100499	100836
237	195372	55422.8	2604	66	23950	24850	200022	2	2273	100942	100805
238	99403.3	43313.1	4436	66	22118	23018	200022	4	4162	100597	100751	100124	100326
239	163237	25174.3	2289	66	24265	25165	200022	1	1945	100575
240	125171	92480.8	2079	64	24471	25371	200022	3	1897	100029	100171	100022
241	73197.8	55397.6	3710	66	22844	23744	200022	6	3535	100984	100429	100705	100409	100774	100361
242	119622	97678.7	3589	58	22950	23850	200022	2	3426	100316	100628
243	112737	30966.8	1975	66	24579	25479	200022	1	1631	100608
244	178438	75840.9	3605	66	22949	23849	200022	4	3305	100579	100285	100031	100189
245	139696	76256.2	1175	66	25379	26279	200022	1	831	100593
246	152950	100646	3586	64	22964	23864	200022	6	3407	100167	100159	100364	100863	100209	100460
247	177864	43661.3	2903	66	35351	36851	200023	3	2717	100385	100966	100023
248	159536	40354.7	2300	66	35954	37454	200023	1	1956	100185
249	133727	5868.35	5333	63	32915	34415	200023	4	5094	100418	100558	100725	100490
250	150018	35663.1	3931	54	34300	35800	200023	3	3779	100744	100754	100303
251	93073.6	33391.2	3059	59	17182	18682	200024	7	2847	100671	100294	100165	100875	100343	100202	100374
252	107787	52728.8	4392	66	15862	17362	200024	2	4183	100676	100524
253	77411.3	41046.5	2416	66	17838	19338	200024	2	2171	100479	100792
254	65040.6	69317.5	5102	64	15148	16648	200024	4	4928	100341	100358	100467	100888
255	62898.3	63692.3	3084	59	17157	18657	200024	2	2914	100170	100636
256	49102.3	73299.1	1835	62	18411	19911	200024	4	1665	100866	100692	100927	100779
257	79459.1	71935.3	4881	66	15373	16873	200024	3	4706	100321	100204	100153
258	57537.2	27620.5	1586	66	18668	20168	200024	2	1351	100822	100923
259	28269.1	73704	3833	66	16421	17921	200024	4	3653	100583	100723	100988	100596
260	17958.2	73729.3	3074	65	17178	18678	200024	4	2901	100974	100989	100561	100992
261	64344.4	7874.8	4847	66	15407	16907	200024	8	4672	100045	100244	100305	100288	100057	100184	100567	100638
262	62419.8	98308.5	2222	64	18028	19528	200024	1	1887	100027
263	74703.7	62749.4	4778	62	15468	16968	200024	5	4603	100535	100094	100781	100647	100750
264	34706.5	44141.2	4084	64	16166	17666	200024	6	3908	100528	100367	100427	100493	100257	100658
265	41503.6	80774.9	1588	66	18666	20166	200024	1	1244	100315
266	49252.6	99590	3266	61	16978	18478	200024	4	3101	100033	100926	100438	100233
267	31553.4	51297.7	3556	63	16692	18192	200024	5	3350	100113	100296	100731	100823	100677
268	55079.8	28653.3	1339	66	18915	20415	200024	1	995	100845
269	74351.1	84834.6	3273	31	16914	18414	200024	3	3165	100990	100138	100681
270	56586	13033.7	3650	64	16600	18100	200024	9	3474	100024	100464	100287	100381	100541	100759	100975	100423	100324
271	183035	38283.5	1208	65	28044	29544	200025	1	868	100472
272	180564	65995.5	3301	64	25949	27449	200025	7	3083	100978	100789	100236	100812	100331	100868	100496
273	147856	24394.7	2681	62	26565	28065	200025	4	2511	100706	100961	100592	100255
274	180001	53010.1	4644	63	24604	26104	200025	5	4470	100489	100934	100756	100025	100702
275	169497	59439.5	3854	54	25377	26877	200025	5	3694	100049	100837	100106	100656	100793
276	181004	27740.6	922	66	28332	29832	200025	1	578	100831
277	128571	18292.7	2973	65	26279	27779	200025	3	2737	100108	100642	100085
DIMENSION: 278
SOLVETIME: 107.691
DEPOT_SECTION
1
-1
EOF
