SCHOOLNODENUMBER: 12
SCHNODE_COORD_SECTION
200001	168982	68508.1	910	925	15
200002	112193	167726	715	735	20
200003	167367	65535.3	935	1005	30
200004	157583	65170.5	835	900	25
200005	120651	169332	510	540	30
200006	164066	63136.9	950	1015	25
200007	91000.3	107354	800	825	25
200008	91397.3	107677	945	955	10
200009	118933	165515	535	550	15
200010	90390.9	104656	940	955	15
200011	92382	106996	805	815	10
200012	119160	168121	605	630	25
MAX_RIDING_TIME: 5400
EDGE_WEIGHT_FORMAT: FUNCTION
EDGE_WEIGHT_TYPE: MAN_2D
NODE_COORD_TYPE: TWOD_COORDS
NODE_COORD_SECTION
0	105600	105600	0	0	0	0	0	0	0
1	160766	15752.1	2422	66	30732	31632	200001	1	2078	100064
2	136264	69550.4	3714	66	29440	30340	200001	4	3492	100360	100038	100039	100436
3	167580	12643.2	4623	66	28531	29431	200001	5	4354	100209	100495	100095	100410	100206
4	164526	123935	3073	65	30079	30979	200001	4	2804	100385	100176	100419	100467
5	175717	118291	2964	64	30186	31086	200001	2	2637	100443	100449
6	178946	102867	3868	57	29269	30169	200001	7	3699	100017	100465	100022	100295	100094	100430	100472
7	207554	70132.6	1714	66	31440	32340	200001	1	1370	100001
8	124226	67782	5516	63	27632	28532	200001	6	5342	100392	100273	100123	100319	100396	100139
9	117681	163413	2758	64	23492	24692	200002	3	2553	100372	100293	100175
10	158506	153367	2600	64	23650	24850	200002	3	2283	100390	100168	100329
11	113261	123754	4772	66	21482	22682	200002	5	4594	100082	100463	100167	100371	100354
12	90388.4	128637	4746	52	21481	22681	200002	4	4598	100002	100287	100379	100256
13	156097	160089	4731	65	21521	22721	200002	9	4472	100096	100166	100129	100107	100469	100138	100310	100227	100454
14	120273	146961	4543	65	21709	22909	200002	3	4370	100163	100111	100102
15	101915	162946	5140	59	21101	22301	200002	7	4975	100025	100046	100476	100158	100433	100494	100350
16	114312	128044	1769	66	24485	25685	200002	1	1425	100203
17	153025	146283	2689	66	23565	24765	200002	3	2428	100126	100460	100119
18	95954.6	180751	2224	66	24030	25230	200002	3	2049	100404	100160	100146
19	107913	161600	694	65	25558	26758	200002	1	354	100393
20	114172	176373	706	66	25548	26748	200002	1	362	100016
21	109166	133242	3423	62	22823	24023	200002	4	3248	100378	100135	100318	100091
22	159640	11019.2	2465	66	32189	33989	200003	1	2121	100092
23	163611	89401.8	5375	66	29279	31079	200003	6	5197	100325	100340	100302	100468	100432	100044
24	131101	82353	5466	57	29171	30971	200003	8	5305	100398	100487	100208	100456	100349	100259	100351	100190
25	170827	39038.3	4559	65	30093	31893	200003	7	4381	100458	100060	100305	100211	100486	100411	100440
26	178039	19914.3	2263	66	32391	34191	200003	1	1919	100219
27	167935	80763.6	5127	66	29527	31327	200003	4	4949	100412	100173	100185	100357
28	207769	58075.9	1975	66	32679	34479	200003	1	1631	100369
29	156941	106970	1977	24	32597	34397	200003	4	1874	100195	100308	100408	100217
30	159170	119200	3648	65	31004	32804	200003	7	3464	100221	100394	100003	100321	100281	100137	100414
31	185671	90978.9	3981	66	27073	28573	200004	5	3803	100152	100425	100426	100299	100250
32	159924	27135.6	4587	48	26433	27933	200004	6	4446	100352	100192	100150	100239	100286	100272
33	142065	108040	3348	47	27670	29170	200004	4	3198	100015	100122	100057	100170
34	149996	103743	1903	59	29138	30638	200004	2	1637	100052	100481
35	106023	57920.4	3900	58	27139	28639	200004	3	3737	100081	100100	100004
36	130006	96919.5	3695	52	27332	28832	200004	5	3542	100187	100090	100169	100235	100479
37	128930	75012.5	5375	61	25669	27169	200004	2	5205	100018	100323
38	135108	123488	4136	66	14618	16418	200005	5	3961	100189	100263	100422	100024	100328
39	148982	135948	5285	61	13459	15259	200005	8	5102	100108	100447	100058	100434	100326	100247	100248	100359
40	130223	154595	2279	58	16460	18260	200005	3	2116	100153	100179	100124
41	107923	158959	3552	63	15196	16996	200005	3	3289	100116	100489	100246
42	123820	123462	3327	65	15425	17225	200005	3	3117	100496	100048	100381
43	104177	155016	2336	66	16418	18218	200005	3	2153	100241	100417	100366
44	124098	130420	3152	60	15591	17391	200005	4	2985	100165	100105	100368	100292
45	111965	188529	4794	62	13952	15752	200005	6	4627	100291	100445	100336	100021	100277	100406
46	134048	131523	3024	66	15730	17530	200005	3	2758	100391	100065	100483
47	152704	148364	3401	58	15338	17138	200005	5	3233	100316	100043	100282	100477	100296
48	116666	170303	4663	63	14085	15885	200005	9	4486	100005	100249	100061	100034	100403	100210	100115	100389	100300
49	111476	145792	1911	62	16835	18635	200005	2	1658	100164	100380
50	119610	173966	511	60	18232	20032	200005	1	193	100423
51	148577	28361.4	4113	66	31441	32941	200006	6	3883	100341	100069	100076	100231	100023	100157
52	138232	60470.8	4670	65	30882	32382	200006	7	4494	100499	100348	100367	100435	100006	100078	100448
53	133192	35034.4	2497	65	33055	34555	200006	2	2228	100181	100098
54	193113	91889.8	5432	62	30114	31614	200006	7	5254	100304	100220	100317	100147	100130	100093	100475
55	150034	21942.2	2222	65	33330	34830	200006	1	1882	100415
56	149164	39521.4	3243	66	32311	33811	200006	3	3063	100145	100356	100315
57	178231	29025.7	2816	66	32738	34238	200006	6	2617	100280	100183	100077	100407	100275	100080
58	155537	108610	5469	61	30075	31575	200006	8	5293	100383	100224	100333	100451	100212	100260	100279	100148
59	149461	100739	4964	66	30590	32090	200006	6	4734	100155	100151	100327	100284	100480	100086
60	167313	14765.7	3684	66	31870	33370	200006	5	3506	100222	100473	100437	100298	100204
61	66117.3	119596	5454	62	23492	24992	200007	6	5224	100037	100243	100285	100109	100103	100387
62	141430	119339	2453	62	26493	27993	200007	1	2127	100101
63	99964.4	91439.1	4979	57	23958	25458	200007	8	4743	100431	100113	100014	100485	100497	100087	100154	100066
64	108901	122481	4267	62	24679	26179	200007	9	4053	100191	100278	100397	100007	100019	100311	100174	100482	100265
65	127554	122900	3254	63	25694	27194	200007	5	3077	100283	100355	100452	100428	100330
66	104934	136428	5362	42	23546	25046	200007	6	5225	100274	100149	100045	100032	100358	100271
67	104279	109552	5034	56	30201	30801	200008	4	4875	100054	100457	100099	100405
68	87294.4	94533.2	4775	64	30475	31075	200008	5	4544	100395	100051	100236	100020	100267
69	104544	114023	1286	59	33955	34555	200008	3	1041	100462	100131	100063
70	99760.8	145133	3125	64	32125	32725	200008	2	2949	100474	100364
71	94773.3	149053	2433	64	32817	33417	200008	4	2207	100339	100297	100365	100464
72	57827.4	91579.4	2728	66	32526	33126	200008	2	2444	100112	100455
73	120512	107318	3741	49	31481	32081	200008	6	3593	100223	100008	100400	100144	100177	100225
74	120988	84177.8	2451	66	32803	33403	200008	4	2268	100294	100121	100344	100488
75	105155	62543.6	3872	47	31346	31946	200008	3	3728	100097	100067	100118
76	116684	116434	4518	65	15734	16634	200009	7	4340	100030	100240	100161	100313	100413	100188	100331
77	101285	179692	5228	65	15024	15924	200009	8	5052	100441	100070	100484	100229	100255	100040	100042	100062
78	66347.4	168606	3727	49	16495	17395	200009	5	3524	100202	100079	100205	100245	100266
79	95337.2	130077	3064	59	17177	18077	200009	4	2891	100110	100182	100084	100228
80	111009	123731	3604	64	16646	17546	200009	4	3425	100335	100409	100141	100338
81	136876	120804	3774	64	16476	17376	200009	7	3600	100171	100306	100334	100382	100047	100088	100232
82	138425	138436	2324	58	17915	18815	200009	5	2161	100009	100353	100450	100309	100332
83	131754	141827	3661	64	16589	17489	200009	5	3490	100373	100197	100233	100120	100471
84	156246	151173	4833	54	15398	16298	200009	7	4673	100106	100453	100399	100172	100361	100322	100049
85	142569	182340	1723	66	18531	19431	200009	1	1379	100162
86	130280	141630	4482	66	15772	16672	200009	7	4281	100027	100342	100178	100156	100059	100029	100466
87	117531	71190.6	2656	64	32294	33194	200010	3	2331	100073	100207	100345
88	100039	57141.5	5070	64	29880	30780	200010	7	4883	100230	100125	100253	100104	100258	100324	100033
89	128587	100560	3734	60	31209	32109	200010	5	3559	100268	100083	100136	100031	100376
90	85575.2	147716	5261	57	29676	30576	200010	8	5098	100446	100492	100384	100142	100416	100343	100401	100346
91	109150	85599.4	4536	63	30412	31312	200010	5	4356	100314	100199	100071	100320	100036
92	58888.6	100449	3934	66	31020	31920	200010	5	3707	100010	100215	100424	100442	100491
93	133289	129126	2528	66	26726	27326	200011	3	2205	100493	100075	100133
94	105103	104039	4204	60	25039	25639	200011	4	4037	100053	100234	100459	100388
95	83945.3	131477	2431	66	26823	27423	200011	4	2191	100180	100068	100307	100370
96	97679.6	104362	4273	55	24960	25560	200011	4	4072	100242	100184	100127	100269
97	70775.5	105749	3228	61	26016	26616	200011	4	3055	100226	100418	100374	100011
98	110160	80555	4910	59	24331	24931	200011	4	4646	100261	100254	100213	100085
99	118429	130555	3207	64	26043	26643	200011	5	2945	100257	100244	100074	100026	100375
100	102789	123848	1273	66	27981	28581	200011	1	929	100055
101	106038	209378	4257	65	17795	19295	200012	7	4073	100251	100013	100427	100134	100035	100301	100386
102	114640	119610	2133	62	19913	21413	200012	1	1807	100012
103	93453.8	152265	4651	63	17397	18897	200012	8	4474	100490	100193	100362	100478	100041	100290	100143	100072
104	104232	142296	1652	40	20353	21853	200012	3	1440	100089	100439	100470
105	128228	127498	2307	61	19737	21237	200012	3	2139	100498	100347	100438
106	111805	134405	2370	46	19646	21146	200012	4	2225	100128	100198	100402	100216
107	152567	140526	5165	66	16889	18389	200012	10	4979	100201	100194	100262	100238	100377	100461	100429	100288	100363	100117
108	122448	123822	4416	61	17628	19128	200012	9	4248	100289	100312	100444	100140	100421	100252	100186	100214	100264
109	109877	134945	2628	64	19422	20922	200012	3	2405	100159	100050	100028
110	104750	153117	4675	65	17377	18877	200012	4	4502	100200	100056	100303	100237
111	129391	148612	5171	63	16877	18377	200012	9	4999	100218	100276	100196	100420	100114	100132	100500	100270	100337
DIMENSION: 112
SOLVETIME: 48.94
DEPOT_SECTION
1
-1
EOF
