SCHOOLNODENUMBER: 50
SCHNODE_COORD_SECTION
200001	62247.6	43513.3	600	610	10
200002	94682.3	120627	950	1010	20
200003	186161	86895.2	720	730	10
200004	153587	2275.13	945	1005	20
200005	89745.7	125130	650	720	30
200006	154931	41281.6	510	540	30
200007	47435.5	16935.7	505	525	20
200008	149218	43138.6	1015	1040	25
200009	113274	25668.5	500	520	20
200010	94242.8	105501	505	515	10
200011	35230.5	160016	725	740	15
200012	63378.7	49644.8	810	835	25
200013	113743	183607	750	810	20
200014	185239	86138.8	610	625	15
200015	53751.2	120769	905	930	25
200016	96382.8	104977	740	800	20
200017	152715	128618	715	740	25
200018	36938.4	159467	735	755	20
200019	96671.2	116230	510	525	15
200020	156518	8725.3	600	630	30
200021	142993	6573.21	1025	1040	15
200022	138304	4802.18	1005	1035	30
200023	49742.2	126908	545	615	30
200024	93017.8	98187.1	905	915	10
200025	115596	175546	600	625	25
200026	115351	17345.3	505	520	15
200027	109984	179256	815	825	10
200028	37991	159238	535	600	25
200029	106995	179130	530	555	25
200030	54998	120221	510	525	15
200031	55957.9	43810.1	620	630	10
200032	156846	1795.82	810	840	30
200033	63238.1	47091.4	720	740	20
200034	144952	124160	1010	1030	20
200035	147941	118692	535	600	25
200036	59505.1	41900.6	1015	1045	30
200037	93695.3	103991	745	800	15
200038	145982	3498.82	830	845	15
200039	106352	178179	845	915	30
200040	59200.8	54585.9	1040	1050	10
200041	52153.8	129973	930	1000	30
200042	150226	1838.7	620	650	30
200043	113388	21107.7	910	940	30
200044	160352	45643.9	620	650	30
200045	139802	3166.86	955	1020	25
200046	58569.2	50910.5	455	510	15
200047	48965.8	126695	800	815	15
200048	49264.7	124572	620	635	15
200049	95940.8	124690	520	530	10
200050	159095	38182.8	800	825	25
MAX_RIDING_TIME: 5400
EDGE_WEIGHT_FORMAT: FUNCTION
EDGE_WEIGHT_TYPE: MAN_2D
NODE_COORD_TYPE: TWOD_COORDS
NODE_COORD_SECTION
0	105600	105600	0	0	0	0	0	0	0
1	119435	48748.1	5382	47	16336	16936	200001	7	5199	101493	101946	100800	100926	100001	101535	101170
2	95233.7	69765.8	3007	66	18747	19347	200001	4	2819	101639	100908	100331	100786
3	87119.1	72820.8	3523	66	18231	18831	200001	3	3278	101479	100267	100291
4	81504.4	74948.7	5092	65	16660	17260	200001	4	4908	100166	100989	101770	101979
5	7879.45	34673.9	5148	59	16593	17193	200001	7	4918	100593	101002	100808	100825	100847	101685	100319
6	32026.2	75295.1	4678	65	17074	17674	200001	5	4455	101243	101187	101930	100070	101723
7	79195.9	41933.9	3751	65	18001	18601	200001	3	3573	101897	101079	101543
8	118638	98541.7	2665	61	32879	34079	200002	2	2489	101347	101699
9	100450	127986	1971	64	33579	34779	200002	4	1789	101500	100457	101978	100150
10	113651	103492	4758	64	30792	31992	200002	5	4587	101177	100662	100252	100600	100723
11	103452	133021	4480	63	31068	32268	200002	8	4300	101158	101907	101253	100957	101042	100525	101490	101715
12	99915.9	158653	3301	66	32253	33453	200002	5	3126	101232	101402	101414	101779	101772
13	85625.9	119118	664	57	34873	36073	200002	1	360	101811
14	56124.6	100782	4488	59	31053	32253	200002	9	4305	101578	100624	101262	100718	100742	101562	101447	100496	101219
15	105145	78491.5	3834	65	31718	32918	200002	6	3637	100002	100916	100534	100372	101155	101663
16	177025	63884	3941	64	22609	23209	200003	6	3762	100854	100198	101085	101664	100160	101856
17	178562	113979	3701	66	22853	23453	200003	8	3479	101183	101973	100596	100192	100691	100969	100425	100439
18	133211	96495.9	5537	66	21017	21617	200003	7	5351	100337	101884	101708	100590	100003	101525	101640
19	147358	110533	2532	60	24011	24611	200003	2	2334	100301	100148
20	159393	104726	2969	43	23541	24141	200003	4	2833	101942	101134	100340	101195
21	178107	116017	4625	61	21919	22519	200003	7	4449	100652	101880	100236	100621	100686	101432	100193
22	146423	85622.9	5256	65	21296	21896	200003	9	5080	101794	100178	101600	100758	101751	100089	100749	100588	101945
23	180859	104945	2264	66	24290	24890	200003	3	2078	101458	100630	100051
24	174135	123839	2090	48	24430	25030	200003	4	1938	101737	100817	101426	101755
25	138768	74279.5	3629	63	22919	23519	200003	5	3449	100769	101252	101147	100125	100506
26	145048	54707.4	4819	66	30435	31635	200004	7	4633	101233	101041	101337	101410	100351	101093	101031
27	148236	51830.6	3566	66	31688	32888	200004	4	3367	101782	101718	101130	100309
28	147676	51940.9	2238	66	33016	34216	200004	1	1894	100312
29	109425	8935.65	2170	64	33080	34280	200004	3	1962	101726	100230	100004
30	152442	59603.6	2716	66	32538	33738	200004	3	2520	101526	100507	101721
31	175659	36959.5	4375	63	30873	32073	200004	9	4206	100182	100709	100087	100585	100349	101188	101958	101628	101244
32	124593	34062.8	4597	57	30640	31840	200004	11	4439	101319	100295	100366	100206	101075	101181	100793	101169	101189	100772	100753
33	106278	136172	1005	4	23631	25431	200005	1	940	101202
34	75877.9	125833	4414	66	20340	22140	200005	8	4239	100900	100005	100894	100556	101381	100547	101530	100887
35	118386	102823	5493	65	19259	21059	200005	8	5309	100815	101789	100216	101716	100577	100697	100404	100765
36	56398.8	106283	3603	66	21151	22951	200005	4	3423	100078	101218	100666	101585
37	59501.3	127500	4233	66	20521	22321	200005	5	4032	100486	100521	101860	100118	101109
38	121801	116897	4955	64	19795	21595	200005	5	4781	101488	101894	101584	100201	100719
39	128481	45628.8	4894	61	13850	15650	200006	7	4721	100757	100921	101383	101442	101010	101171	100701
40	130679	71528.4	3311	66	15443	17243	200006	2	3105	101362	100766
41	115190	62494.9	2556	54	16175	17975	200006	7	2347	101662	101994	100341	101280	100420	100403	101277
42	186490	64894.7	4845	66	13909	15709	200006	10	4670	100954	100272	101739	101286	101122	101396	101290	101391	102000	100006
43	107695	56213.7	2459	65	16293	18093	200006	1	2119	101112
44	108963	35586.5	5214	64	13536	15336	200006	4	5032	101762	100627	101735	101693
45	146482	82367.9	3219	64	15531	17331	200006	3	3040	101574	100302	100214
46	99084.4	36638.3	2979	63	15769	17569	200006	3	2807	100523	101933	100594
47	136965	84468.9	4678	65	14074	15874	200006	4	4505	100057	100707	101478	101102
48	158968	80519.8	3427	63	15321	17121	200006	4	3253	101741	101964	100946	101830
49	148658	62487.7	1280	66	17474	19274	200006	1	936	100066
50	50739.9	76434.5	3356	66	15098	16298	200007	4	3150	100289	100453	100539	100850
51	48901.2	66270.1	2371	65	16081	17281	200007	3	2135	101220	100790	100007
52	51028.8	49988.7	5424	50	13000	14200	200007	11	5274	100381	101074	101107	100106	100756	101991	100468	101936	101767	100860	101678
53	44258.2	64921.4	4831	58	13608	14808	200007	3	4660	101644	101566	100162
54	107805	17140.8	4996	63	13452	14652	200007	6	4827	100135	100095	101320	100863	101088	100375
55	45895.3	2407.12	891	66	17563	18763	200007	1	547	101051
56	161118	91601	4826	64	32224	33724	200008	7	4600	101877	100734	100622	101279	100919	100443	101950
57	184115	69723.6	5268	66	31786	33286	200008	13	5093	100623	101734	101508	101258	101128	101558	100849	101334	101815	101173	100537	100816	101774
58	136666	73922.2	4472	66	32582	34082	200008	3	4294	100137	101900	101146
59	114240	63256.4	5320	66	31734	33234	200008	10	5134	101035	101920	100449	101421	101536	100096	101448	100890	101254	101796
60	129831	72877.4	4692	65	32360	33860	200008	4	4482	101114	101047	100245	101323
61	145899	93761.6	2266	47	34752	36252	200008	4	2127	101151	100215	101775	101559
62	122391	49195.7	4403	66	32651	34151	200008	5	4228	100067	101949	100263	100681	101054
63	156778	7215.87	3526	65	33526	35026	200008	4	3348	100072	100008	100246	101719
64	164990	84971.9	2648	63	34400	35900	200008	4	2468	101335	100861	100474	100736
65	110861	31448.6	2682	62	34364	35864	200008	3	2385	101745	101022	101502
66	188513	65151	4638	59	32403	33903	200008	8	4447	101641	100501	101879	101616	100955	101096	100176	100438
67	122359	36737	3337	66	14817	16017	200009	2	3157	100973	101141
68	76464.1	50439	4453	64	13697	14897	200009	5	4271	101110	100571	101972	100219	101057
69	137098	53801.9	2133	66	16021	17221	200009	2	1958	100601	100426
70	102139	75567.4	4247	56	13888	15088	200009	6	4091	100410	100149	101923	100371	101363	100906
71	99466.1	74390.8	2836	56	15299	16499	200009	2	2610	100177	101817
72	107403	69560.8	5105	64	13045	14245	200009	7	4926	101485	100124	100116	101934	100097	100949	101076
73	131766	62541.6	3096	66	15058	16258	200009	2	2804	100956	100009
74	132644	5501.61	4138	64	14012	15212	200009	5	3949	101165	100684	101941	101864	100911
75	131303	46147	2610	64	15540	16740	200009	4	2436	100386	100189	101461	101259
76	104902	76172.5	4131	62	14015	15215	200009	3	3865	100306	100172	100265
77	106708	50948.1	2385	61	15759	16959	200009	2	2217	100895	101873
78	77320.7	92933.9	4395	63	14053	14653	200010	6	4218	101913	101390	100345	100010	101019	101284
79	133411	109378	2797	65	15655	16255	200010	3	2554	100335	100205	101771
80	113506	134677	3603	62	14843	15443	200010	3	3431	101683	100884	101720
81	105786	122590	4800	52	13627	14227	200010	7	4563	100932	100359	101710	101341	101059	100516	100802
82	74531.4	111559	4866	65	13586	14186	200010	6	4690	101094	100186	101015	100515	101028	101206
83	92653.6	110298	4141	61	14303	14903	200010	3	3973	101492	100953	101614
84	96917.3	122786	3577	65	14875	15475	200010	5	3396	100527	101268	100999	101098	100417
85	142150	109020	2516	53	15913	16513	200010	3	2355	101631	101225	100618
86	35712.1	111006	5424	52	21403	22303	200011	10	5229	100462	101588	100552	101984	101948	100795	100655	101287	100011	100617
87	61830.5	125708	2767	63	24081	24981	200011	3	2590	100083	101752	101499
88	49891.7	203812	5197	58	21642	22542	200011	8	5026	101518	101348	100112	101118	101435	100454	100276	100196
89	94531.3	159278	3583	65	23269	24169	200011	5	3399	101230	100974	100293	100664	100986
90	75938.2	146414	2706	65	24146	25046	200011	6	2522	101968	100493	101883	101468	101083	101702
91	59430.7	124276	4408	65	22444	23344	200011	3	4227	100676	101834	101925
92	64691.8	133426	3257	61	23587	24487	200011	4	3087	100613	100348	100437	100373
93	101440	67062.4	2276	42	27232	28732	200012	2	2051	101072	101730
94	54013.9	81949.1	5126	66	24428	25928	200012	8	4940	101336	100966	100538	100760	101087	100391	100931	101027
95	80334.1	94491.6	4816	65	24736	26236	200012	6	4635	100569	101198	100260	100327	101760	101310
96	108959	56273.8	3220	62	26326	27826	200012	3	3050	101168	101401	101272
97	83266.4	79172.8	4748	65	24804	26304	200012	3	4572	101154	101529	100012
98	66874.9	11704.1	5324	64	24226	25726	200012	10	5148	101210	100543	100642	101428	101043	101826	101486	100792	100249	100721
99	104753	52932.9	2873	66	26681	28181	200012	4	2695	101283	100108	101801	101975
100	59273.8	95000.7	1908	35	27587	29087	200012	2	1732	101467	100936
101	93391.2	17017.4	2497	62	27049	28549	200012	3	2184	101827	100980	101785
102	112421	137055	4871	65	23481	24681	200013	4	4596	101321	100913	101291	100478
103	139821	160959	2233	58	26106	27306	200013	2	2003	101821	100576
104	147159	209769	2375	66	25979	27179	200013	1	2031	101482
105	92584.6	159696	5444	66	22910	24110	200013	8	5266	100810	100354	101928	100566	101466	100889	100628	101951
106	105779	161671	1395	65	26957	28157	200013	3	1074	101684	101818	101409
107	107339	159003	2478	65	25874	27074	200013	5	2297	101908	100804	101026	100111	100942
108	131895	148588	5168	62	23178	24378	200013	8	5001	101977	101878	101273	101261	100013	101602	101549	100841
109	168683	176457	4251	66	24103	25303	200013	6	4006	101228	101788	101620	100994	101989	100567
110	111902	156897	3201	63	25147	26347	200013	3	3029	100685	100463	100535
111	102349	154683	2792	65	25560	26760	200013	2	2507	100751	100421
112	112855	137975	3663	60	24680	25880	200013	4	3494	100279	101174	101092	100976
113	64481.4	175982	4667	64	23683	24883	200013	4	4493	101342	101872	101178	101766
114	141607	69587.7	3136	62	19210	20110	200014	6	2966	100158	101044	100472	101939	101040	101436
115	169478	110457	2055	64	20295	21195	200014	3	1741	101018	101113	101713
116	176261	45348.5	3854	66	18500	19400	200014	6	3590	101943	101869	101100	100733	101101	100139
117	162124	124784	2553	62	19793	20693	200014	3	2357	101048	100634	100738
118	179191	133601	4523	63	17825	18725	200014	7	4354	100418	101725	101615	100740	101176	100250	100909
119	142851	97922.3	4153	64	18197	19097	200014	6	3971	100203	101668	100985	101799	101937	100967
120	139862	79402.3	4820	57	17517	18417	200014	8	4662	100409	101840	100361	101501	101136	101463	101962	101007
121	207443	108520	1863	66	20491	21391	200014	1	1519	100121
122	198295	61942.4	4042	64	18308	19208	200014	6	3871	100545	100380	101729	101248	100399	100821
123	208825	113265	2175	66	20179	21079	200014	3	1992	101703	100317	101374
124	179473	116668	2369	66	19985	20885	200014	3	2131	100014	100290	101413
125	196396	106398	1610	59	20731	21631	200014	4	1372	101810	100169	100928	101573
126	76451.1	118966	1170	64	31680	33180	200015	1	835	100732
127	56263.5	97397.6	4046	60	28797	30297	200015	5	3882	100307	101322	101626	100015	100789
128	97874.1	111353	4991	55	27842	29342	200015	4	4772	100631	101520	100360	100917
129	60312.3	106622	3732	66	29122	30622	200015	3	3552	101407	100704	101839
130	90674.7	100553	4384	54	28447	29947	200015	3	4227	101743	100687	101000
131	104703	115924	2915	45	29899	31399	200015	3	2769	100835	101470	101208
132	78169.8	95245.5	5252	63	27596	29096	200015	9	5075	100595	100132	101579	100299	100981	101627	100231	101006	100101
133	33469	159773	4528	65	28324	29824	200015	5	4251	101763	101859	100452	100194	101420
134	80662.9	155612	3665	65	29187	30687	200015	6	3489	101507	101020	101311	100554	101918	101998
135	104297	126690	5261	66	22493	23693	200016	6	4971	100016	101023	100221	101531	101590	100710
136	60035.3	129126	2516	65	25236	26436	200016	3	2291	100466	100440	101294
137	140342	110694	3639	63	24109	25309	200016	6	3459	100497	101175	100865	100698	100316	101324
138	99693.9	65077.8	3421	64	24329	25529	200016	3	3154	101906	101605	100727
139	65820.4	99670.9	5275	64	22475	23675	200016	8	5101	100164	100728	101445	100965	101696	101419	101528	100119
140	123732	126141	2061	65	25691	26891	200016	2	1732	101912	100609
141	117507	107161	3081	66	24673	25873	200016	5	2895	100151	101548	101149	101612	100597
142	100812	93420.1	5327	62	22419	23619	200016	5	5152	101082	100053	101837	101356	101833
143	92874.7	134503	1470	66	26284	27484	200016	1	1126	100129
144	170786	128636	4618	66	21636	23136	200017	8	4430	101459	101471	100950	100350	100602	101512	101567	100903
145	163581	153797	3768	65	22484	23984	200017	5	3486	101613	101524	101609	101653	101784
146	148688	72206.5	2404	66	23850	25350	200017	1	2060	100647
147	109620	114943	3651	64	22599	24099	200017	2	3472	101667	100429
148	187192	117410	4256	65	21996	23496	200017	9	4078	100682	101392	101554	101491	101732	101608	100406	101812	100643
149	126706	115726	2406	56	23829	25329	200017	4	2239	100017	100278	101534	101996
150	181088	153904	2173	66	24081	25581	200017	1	1829	101803
151	194185	119265	2076	66	24178	25678	200017	1	1732	100209
152	132894	107865	3991	58	22248	23748	200017	5	3831	101577	101161	101983	100752	100378
153	139551	158958	1827	66	24427	25927	200017	1	1483	101062
154	141043	77097.7	3719	66	22535	24035	200017	4	3424	101167	100706	101940	101586
155	110107	116558	2179	56	24056	25556	200017	2	1992	101260	101366
156	139503	109243	1949	51	24276	25776	200017	4	1751	101593	101587	101327	101952
157	173457	109117	3458	64	22792	24292	200017	6	3240	100099	101371	101625	101214	100867	101553
158	145321	77369.3	2397	66	23857	25357	200017	4	2087	100656	100495	100138	101222
159	117612	153084	4707	63	21541	23041	200017	8	4530	100088	100518	100839	100674	100254	100161	100292	100526
160	28996.6	121913	2720	65	24732	25932	200018	3	2542	101623	101256	100018
161	79729.2	161577	3880	49	23542	24742	200018	4	3732	100484	101546	100748	100915
162	78958.6	140692	4990	66	22464	23664	200018	6	4807	100690	100407	101561	101955	101935	101464
163	48845	187018	5101	60	22342	23542	200018	8	4932	101450	101245	100813	100779	101215	101881	101038	100785
164	38231	105878	2617	48	24803	26003	200018	5	2468	101056	101095	100238	101509	100741
165	123687	121888	3875	65	14877	15777	200019	4	3699	101115	100750	100334	100408
166	145784	117212	5367	64	13383	14283	200019	6	5196	101832	101673	101071	101679	100536	101216
167	114874	102768	3378	66	15376	16276	200019	6	3190	100649	101201	100657	101677	101570	100531
168	109508	118020	5143	41	13563	14463	200019	8	4982	101242	100842	101164	100640	100392	100431	100428	101116
169	41907	111314	5375	64	13375	14275	200019	10	5188	101552	101275	100823	100562	100897	100467	101547	100412	100837	100311
170	91982.4	75642.1	4263	66	14491	15391	200019	7	4049	101564	101318	101854	100459	100637	101144	100019
171	115831	12397.5	2129	62	19617	21417	200020	3	1931	100396	100430	101992
172	109972	18060	2318	66	19436	21236	200020	2	2135	100333	101781
173	160655	55658	2085	66	19669	21469	200020	1	1741	100365
174	122703	36905.9	2647	66	19107	20907	200020	4	2461	100163	101152	100870	101638
175	139421	625.35	5218	58	16521	18321	200020	8	5058	100791	100105	101200	100586	100918	100145	101961	100488
176	156013	64632.1	4155	63	17593	19393	200020	4	3952	101029	100346	100255	101744
177	158981	59182.2	3518	65	18234	20034	200020	4	3337	100514	100871	101099	100405
178	146275	58872.2	3543	64	18207	20007	200020	6	3320	100856	100347	101769	101731	101514	101480
179	116828	28323.3	2280	35	19415	21215	200020	4	2156	101483	100814	101489	100020
180	132049	56753.6	3534	63	34114	35014	200021	4	3341	100455	100411	100722	100368
181	165753	34398.2	4951	57	32686	33586	200021	7	4759	101014	100322	101191	101477	100131	101990	101589
182	112605	15352.1	1697	62	35949	36849	200021	3	1527	100864	100021	101825
183	172007	20242.2	1814	65	35838	36738	200021	2	1487	100086	100369
184	105323	15052.5	3210	50	34414	35314	200021	4	3057	100914	101212	100939	101406
185	119355	17455.6	4606	61	33038	33938	200021	5	4430	100796	101792	101571	100828	101135
186	115741	30757.9	2039	44	35573	36473	200021	2	1859	100726	101624
187	133870	46748.8	2475	65	35177	36077	200021	4	2297	101345	101777	100533	101484
188	143403	61429.9	4875	64	31575	33375	200022	7	4696	100924	100022	101474	100658	101353	101576	100321
189	130567	55026.3	2659	55	33774	35574	200022	7	2505	101672	101179	100481	101131	100829	100938	100200
190	120578	18691.5	1590	40	34815	36615	200022	3	1435	101380	100227	100673
191	106227	25801.5	2225	57	34212	36012	200022	3	1952	100357	101749	101397
192	161074	22207	4351	59	32090	33890	200022	6	4186	100529	100770	100575	101963	101460	101736
193	18865.1	119321	3747	64	17103	18903	200023	4	3446	100069	101556	101129	101172
194	106721	121540	2416	50	18408	20208	200023	2	2232	101580	101929
195	92150.9	111300	4848	62	15998	17798	200023	10	4673	100695	101523	100286	100729	100098	100639	100776	101669	100735	100988
196	4108.57	112185	4433	65	16419	18219	200023	5	4221	100517	100023	100491	100202	100435
197	67448.3	91571.7	5286	65	15566	17366	200023	7	5105	101418	100553	101914	100524	100977	101069	100975
198	6495.49	116482	2173	66	18681	20481	200023	1	1829	100638
199	54441.6	103199	1244	51	19581	21381	200023	1	968	100678
200	33625.5	102704	1664	54	19167	20967	200023	1	1374	100356
201	22013.2	114701	2085	63	18763	20563	200023	2	1851	101521	100382
202	74046.5	120585	4957	45	15857	17657	200023	6	4814	101926	101326	100298	100415	100222	100199
203	128352	113550	2355	65	30497	31097	200024	2	2021	101740	100781
204	128826	123664	2677	60	30166	30766	200024	3	2497	101148	100573	100925
205	102251	131663	3551	64	29299	29899	200024	5	3380	100806	101055	101814	100489	100207
206	73822.9	73214	1831	62	31015	31615	200024	1	1505	100370
207	110318	139904	4748	60	28095	28695	200024	6	4581	100062	101454	100777	100388	100923	101522
208	90380	64019.1	1990	63	30858	31458	200024	2	1686	100257	101822
209	127888	97368.6	3579	63	29269	29869	200024	6	3371	101066	101510	100355	100774	100874	101247
210	94955.1	115472	5366	65	27486	28086	200024	6	5190	101909	100419	101806	101021	101496	100024
211	74907.1	109881	1360	66	31494	32094	200024	1	1016	101012
212	108110	81272.4	2763	60	30080	30680	200024	3	2539	101452	100208	100082
213	109076	94661.5	5463	62	27383	27983	200024	7	5280	100907	100217	101569	101850	100482	100071	101213
214	112368	163617	5517	66	16237	17737	200025	7	5337	100422	101236	100546	101944	101852	101688	101137
215	96346.9	165465	4975	58	16764	18264	200025	7	4815	100692	100424	101298	100958	100471	101686	101931
216	108785	129222	3133	65	18619	20119	200025	4	2955	101675	101399	101868	101603
217	145947	142955	3999	65	17753	19253	200025	4	3815	100485	101240	101306	101425
218	132330	163129	1405	63	20343	21843	200025	2	1228	101241	101121
219	144753	156903	1973	66	19781	21281	200025	1	1629	101307
220	150150	153051	2562	65	19190	20690	200025	4	2389	101257	100287	101895	101858
221	119647	121803	2793	65	18959	20459	200025	4	2503	100025	100995	100063	100824
222	142675	158866	1821	63	19927	21427	200025	1	1491	100400
223	118857	163800	4282	63	17466	18966	200025	10	4102	100300	101607	100114	101346	100113	101373	100190	101694	101842	101847
224	100886	185247	3912	63	17836	19336	200025	7	3732	100822	100580	100155	101097	100987	101160	101793
225	141626	21749.7	4722	66	13732	14632	200026	6	4542	101064	101166	101976	100056	101891	101604
226	98061.4	61363.6	3042	66	15412	16312	200026	2	2745	100581	101237
227	124539	55707.7	3387	66	15067	15967	200026	6	3191	100315	101831	101887	100224	101384	100998
228	103121	68076.5	3313	63	15135	16035	200026	3	3089	101537	101004	100885
229	71124	15540.1	3557	66	14897	15797	200026	4	3257	100154	100026	100197	101281
230	117921	74880.6	3062	66	15392	16292	200026	4	2884	101032	100879	101052	101358
231	143724	4596.99	1745	66	16709	17609	200026	1	1401	101896
232	127381	49846.3	4917	64	13533	14433	200026	4	4735	100077	101150	100210	101969
233	81773.4	37736.3	4238	66	14216	15116	200026	4	3964	100927	100280	101194	101444
234	110614	206452	1288	65	28564	29164	200027	1	948	101892
235	86606.7	196098	2457	56	27378	27978	200027	3	2257	101355	101267	101843
236	130887	138047	5407	64	24443	25043	200027	9	5205	100670	100502	100187	100968	100445	101229	100054	101959	101333
237	106362	159088	998	27	28782	29382	200027	2	886	100195	100744
238	101740	165404	1362	64	28488	29088	200027	3	1180	100282	101126	101446
239	93049.6	144753	4352	61	25492	26092	200027	6	4158	101776	100339	100731	100212	100693	100055
240	84516.7	148253	4497	65	25355	25955	200027	4	4324	100152	100110	101405	100027
241	113173	141865	4809	59	25032	25632	200027	4	4618	100446	101246	100325	100812
242	106325	161867	1726	61	28118	28718	200027	2	1556	100668	101798
243	132419	153993	3248	64	26602	27202	200027	2	3077	100836	101758
244	133680	185689	3094	66	26760	27360	200027	3	2916	100456	101494	101415
245	123600	162294	2235	64	27615	28215	200027	2	2059	100696	100469
246	34095.9	110589	5511	66	14743	16243	200028	3	5182	101649	100970	101889
247	74394.4	133357	5359	65	14893	16393	200028	7	5186	100677	101885	101947	100875	101674	101661	101597
248	15252.6	123077	4228	65	16024	17524	200028	4	4018	101957	100081	101211	100959
249	81009	141550	3867	66	16387	17887	200028	6	3681	100242	100028	101103	101330	101441	100720
250	41097.3	116545	3233	63	17015	18515	200028	4	3030	101917	101875	100448	101591
251	2405.48	172797	2019	66	18235	19735	200028	1	1675	100960
252	96767.4	160145	3856	63	16392	17892	200028	6	3606	100385	101802	101263	100557	101728	100383
253	37510.4	156598	450	66	19804	21304	200028	1	106	101351
254	136038	151469	3262	64	16688	18188	200029	5	3080	100739	100530	101938	100743	101039
255	90929.3	134787	4663	66	15291	16791	200029	3	4477	100555	101439	101899
256	106739	204643	3642	66	16312	17812	200029	7	3467	100876	100872	101515	101829	100510	100213	100635
257	149448	167456	4981	66	14973	16473	200029	9	4793	101140	100587	101851	100330	100607	101084	101186	100868	100091
258	66664	156298	5187	65	14765	16265	200029	8	5009	101001	101711	100857	101919	100029	100065	101560	100724
259	119199	149954	1956	64	17994	19494	200029	2	1774	100862	101733
260	125951	173008	1198	66	18756	20256	200029	1	854	100128
261	69242.4	106330	1613	43	17097	17997	200030	3	1477	100228	100030	101816
262	68888.5	155095	4919	61	13825	14725	200030	7	4751	101297	100126	101338	100671	100074	100614	100971
263	90640.2	105126	5251	66	13503	14403	200030	4	5065	100680	101295	101648	101119
264	91882.2	124811	3709	66	15045	15945	200030	6	3534	100886	100912	101621	100589	101504	100811
265	85738.9	142080	4806	66	13948	14848	200030	6	4631	101636	101204	101682	101357	101424	101853
266	82923.7	107378	3617	65	15135	16035	200030	6	3379	101024	101312	100343	100845	100171	100174
267	89125.8	98925	4869	64	13881	14781	200030	7	4690	101455	100433	100689	100362	101795	100157	101108
268	74897.3	77404.6	4015	51	14710	15610	200030	4	3866	101568	100952	101871	101388
269	18856.8	108444	4110	61	14634	15534	200030	5	3940	100904	101865	101036	101516	100165
270	71700.5	161483	2325	63	16423	17323	200030	2	2005	100503	100142
271	88794.2	122220	1564	66	17190	18090	200030	1	1220	100901
272	38844.1	73596.7	5281	66	17673	18273	200031	8	5023	101695	100283	101063	101013	100223	101217	100983	101756
273	26919.5	56330.2	5276	59	17665	18265	200031	9	5111	100031	100271	100805	101805	101089	101360	101681	101339	100945
274	81756	20423.9	3654	62	19292	19892	200031	5	3479	101462	101058	100458	100451	101365
275	60239.5	72288.1	3273	56	19662	20262	200031	5	3109	101299	101274	100402	101190	100941
276	76251.1	85753.8	2479	65	20473	21073	200031	2	2259	100519	100755
277	113600	44002.5	3498	55	19435	20035	200031	2	3284	101838	101386
278	107348	11564	5091	52	24436	26236	200032	9	4943	101980	100788	100963	101765	101387	101350	101658	100650	100892
279	127099	26704.5	2630	54	26901	28701	200032	5	2467	100898	100714	100464	100146	100358
280	146831	54559.1	4134	65	25418	27218	200032	3	3961	101207	101080	101469
281	142554	48354.1	4216	66	25338	27138	200032	4	4030	100367	101226	101394	101411
282	117981	20818.7	2410	52	27117	28917	200032	5	2225	100413	101235	100329	101513	100032
283	155389	53262.1	4673	65	24879	26679	200032	10	4495	100336	101400	100801	101053	101797	100498	101199	101981	101932	101866
284	89497.5	18258.6	4857	65	21695	22895	200033	5	4676	100304	101503	100561	100461	101813
285	66471.4	83691	3807	38	22694	23894	200033	6	3685	100384	100389	101250	100398	100313	100565
286	93310.3	69112.9	2153	58	24386	25586	200033	2	1990	101304	101138
287	82521.9	81385.7	2972	54	23559	24759	200033	3	2812	100441	100853	100783
288	82342.5	35975.2	5021	66	21533	22733	200033	6	4841	100759	100522	100703	100996	101657	101828
289	118940	42792.8	4166	65	22386	23586	200033	4	3943	100645	100033	101060	101999
290	57410.3	85732.3	5466	65	21086	22286	200033	9	5293	100432	101317	101361	101011	101369	100838	101819	101185	101565
291	80356.1	38519	1219	66	25335	26535	200033	1	875	100768
292	135991	77653.6	2230	61	34514	35714	200034	2	1911	100712	101533
293	120156	101329	1931	58	34808	36008	200034	1	1623	100991
294	126802	113688	4580	66	32174	33374	200034	7	4397	100414	100979	101408	101325	100084	101209	100961
295	124423	112618	1423	63	35325	36525	200034	1	1093	101905
296	120285	140730	3249	62	33497	34697	200034	4	3043	100470	100253	100902	100447
297	178094	115585	4427	66	32327	33527	200034	5	4249	100653	101709	100560	101635	100943
298	143436	137213	4753	65	31999	33199	200034	7	4572	101498	100843	100910	101697	100877	101416	101886
299	172856	130337	1754	60	34989	36189	200034	3	1579	100059	100244	100504
300	100535	108681	3101	64	33649	34849	200034	4	2841	100705	100648	100500	100034
301	157493	92729.6	1843	66	34911	36111	200034	1	1499	100508
302	141858	164949	3612	64	33138	34338	200034	4	3326	101223	100107	101086	100947
303	139099	87883.5	4807	61	31937	33137	200034	5	4634	101910	100156	100659	101068	100899
304	178348	102316	3990	62	32756	33956	200034	5	3789	100104	101192	100179	100184	100632
305	116170	117590	2535	65	34217	35417	200034	3	2328	100605	101921	101583
306	124270	105608	5162	64	31588	32788	200034	4	4991	101475	101251	100374	101030
307	161400	121137	1548	64	35202	36402	200034	2	1262	101453	100427
308	112159	93675.8	4599	65	32153	33353	200034	2	4410	101888	100505
309	128270	160726	3324	65	16928	18428	200035	2	3005	100880	100264
310	110968	106459	2913	62	17333	18833	200035	5	2741	100068	101786	101328	101835	100787
311	148118	103889	5113	66	15141	16641	200035	8	4927	101367	100115	100310	100851	100807	101594	101748	100328
312	141383	105447	5463	63	14785	16285	200035	8	5289	100076	100855	100275	101403	101354	101698	101724	100480
313	92620.5	122163	4672	66	15582	17082	200035	6	4416	101652	101759	101753	100937	101970	101997
314	135281	88155.2	3614	54	16617	18117	200035	5	3462	100848	101331	101747	101863	101025
315	132023	109725	1161	59	19080	20580	200035	1	848	100211
316	192023	104511	3857	66	16397	17897	200035	4	3565	101582	101904	101575	100035
317	118093	119140	5455	66	14799	16299	200035	4	5272	101050	100694	100442	100775
318	114747	118876	1582	55	18651	20151	200035	3	1425	101264	100281	101787
319	178408	111512	3994	64	16256	17756	200035	6	3815	100318	101249	100799	101954	101078	101305
320	86042.3	68182.6	3707	65	33345	35145	200036	3	3526	100262	100827	100651
321	112180	33348.6	5410	64	31640	33440	200036	6	5228	100541	100754	100073	101429	100092	100183
322	58255	84035.6	2618	66	34436	36236	200036	4	2393	101956	100036	101423	100268
323	97546.9	43435.7	1943	53	35086	36886	200036	2	1764	100532	101849
324	41190.5	11088.4	2018	66	35036	36836	200036	1	1674	100832
325	38025.6	81054.1	4689	65	32363	34163	200036	4	4516	101791	100395	101519	101742
326	29873	70340.1	3922	66	33132	34932	200036	4	3739	100229	101091	101671	101660
327	77147.1	52119.1	5323	65	31729	33529	200036	6	5150	100716	100905	100296	100559	101377	101632
328	44328.7	86180.5	3230	64	33820	35620	200036	6	3043	100819	100064	101820	101404	101773	100558
329	113436	94527.9	1313	60	26730	27630	200037	1	995	100476
330	90508	112983	5005	64	23045	23945	200037	7	4829	101651	101296	100261	101349	100809	101727	101124
331	109091	137603	2033	66	26021	26921	200037	2	1699	100397	100661
332	106120	108217	3322	66	24732	25632	200037	4	3147	100830	100393	101431	101037
333	130288	89367.5	2090	66	25964	26864	200037	1	1746	100859
334	106435	76342.9	1680	57	26357	27257	200037	1	1376	101882
335	73350.2	107955	1001	28	26981	27881	200037	1	828	100620
336	137953	95564	3664	56	24371	25271	200037	6	3505	100100	100436	100818	101572	101487	100888
337	110855	90357.6	3052	55	24981	25881	200037	3	2895	100798	101265	101563
338	101702	89881.6	4311	64	23739	24639	200037	5	4075	100342	101481	100037	100771	100332
339	104321	152572	4561	65	23491	24391	200037	8	4385	100134	101090	100225	100460	100256	100598	100797	101495
340	119978	126338	4664	63	23384	24284	200037	9	4492	101857	100591	100730	101303	100873	100711	101417	100984	100675
341	138251	46339.8	2593	63	28155	29055	200038	4	2424	101449	101966	100492	100930
342	108725	22025.7	5059	66	25695	26595	200038	4	4876	100103	101706	100136	100512
343	144119	63390.7	4255	63	26493	27393	200038	6	4078	100234	101159	101619	100834	100241	101953
344	104265	18223.1	3274	66	27480	28380	200038	5	3099	100204	101278	101282	101309	101308
345	190729	1356.86	5521	64	25229	26129	200038	8	5282	100667	100297	100181	100259	100896	100390	100846	100038
346	125562	178010	1431	53	30198	31998	200039	3	1270	100039	100266	100191
347	143912	170259	5347	66	26307	28107	200039	10	5172	101712	101132	100344	101034	101412	100626	101893	100326	101505	100094
348	102588	121318	2607	57	29030	30830	200039	2	2441	100563	100528
349	59426.2	165154	2934	50	28690	30490	200039	3	2786	100548	101117	100494
350	98290.3	130442	5086	64	26564	28364	200039	6	4910	100866	101656	101542	101592	100683	101618
351	106856	136926	3914	58	27725	29525	200039	3	3689	101551	101370	100511
352	140325	158947	2361	66	29293	31093	200039	3	2147	101800	101823	101848
353	107650	180868	479	66	31175	32975	200039	1	135	101622
354	64252.3	20465.1	4542	64	34008	34608	200040	7	4324	101617	100840	101145	100665	100303	101701	101385
355	83523	93033.7	2980	66	35574	36174	200040	2	2800	101443	101081
356	44350.1	93620.8	4440	65	34112	34712	200040	4	4267	100982	101224	100544	101133
357	86499.4	55401	5161	65	33391	33991	200040	6	4983	101707	101123	101643	100978	101540	101292
358	109989	50620.9	2785	28	35697	36297	200040	5	2674	101506	101557	100040	100061	101045
359	5329.43	62898.8	4393	59	34148	34748	200040	5	4228	101862	101646	101764	101965	100672
360	69746.7	104186	4569	65	33983	34583	200040	9	4385	101422	100274	100644	100780	100273	101378	101269	101231	100920
361	87226	148518	5185	66	29169	30969	200041	5	5010	101550	100869	100270	100109	100141
362	108252	127143	4221	65	30131	31931	200041	5	4045	100170	101430	101316	101465	100844
363	38906.4	103436	1715	57	32622	34422	200041	4	1554	100133	101393	100235	100929
364	96041.3	115067	3864	66	30490	32290	200041	6	3673	100041	100479	100173	100499	100058	100127
365	65780.4	110086	5364	48	28956	30756	200041	7	5212	100713	100075	101456	100893	100745	101156	100379
366	60199.8	104968	4772	64	29578	31378	200041	5	4601	100761	100625	100394	100715	101193
367	19834	110079	3963	65	30389	32189	200041	5	3790	101104	101005	101375	100858	100633
368	143210	53538.8	4953	62	17993	19793	200042	7	4723	101855	100540	100237	101120	101238	100314	100269
369	159999	37172.6	1873	60	21070	22870	200042	2	1563	101844	101754
370	147519	49135.3	3354	61	19590	21390	200042	4	3064	100962	101329	100387	101511
371	107243	19449.2	2501	57	20436	22236	200042	4	2338	101986	100992	100093	100042
372	114281	22361.1	2268	58	20671	22471	200042	3	2095	100615	101067	101995
373	111970	56126.6	4387	64	28763	30563	200043	6	4174	101700	100679	100951	101544	101532	100794
374	110963	41734	1111	51	32014	33814	200043	2	908	100487	100308
375	122005	66550.2	5396	58	27743	29543	200043	5	5233	101659	100085	100831	101157	100582
376	97634.8	7291.46	5328	65	27824	29624	200043	9	5139	100574	101049	100700	100320	101960	101993	101845	101691	100944
377	64380.5	34859.4	4019	65	29133	30933	200043	5	3794	100549	100338	100717	100833	100323
378	101388	47577	3378	65	29774	31574	200043	5	3194	100708	100288	101009	101746	100043
379	175088	65031.5	4519	66	18435	20235	200044	7	4339	101654	101517	100611	101633	101637	101143	100767
380	191047	69880	5252	65	17700	19500	200044	9	5068	101314	101692	101714	100513	101065	100803	101300	101867	101332
381	156339	92189.6	3605	62	19341	21141	200044	4	3438	101061	101722	100654	101922
382	160068	89140.7	5491	65	17461	19261	200044	5	5310	100612	100725	100143	100579	101611
383	148420	86370.8	3977	66	18977	20777	200044	4	3794	100619	101988	100520	101301
384	171582	64430.4	4888	66	18066	19866	200044	4	4705	100948	100646	100324	100185
385	112452	46708.8	3215	62	19731	21531	200044	4	2962	101870	101255	100423	100599
386	152073	97488.5	2420	56	20515	22315	200044	5	2157	101364	101599	100102	100883	101807
387	133058	74257.8	2937	62	20009	21809	200044	3	2759	101903	100120	101379
388	187004	62507.6	1827	66	21127	22927	200044	1	1483	101017
389	137394	19841.4	2244	65	20708	22508	200044	3	1917	101437	101196	100044
390	187015	80314.5	3046	66	19908	21708	200044	6	2855	101824	100226	100773	100784	101077	101197
391	129395	47839.7	4421	64	31429	32929	200045	6	4247	100434	101705	100570	101127	101911	101184
392	138394	50721.6	3613	66	32241	33741	200045	2	3438	101376	100140
393	101217	15884.4	2521	31	33266	34766	200045	6	2413	100239	101841	100592	100352	100188	101288
394	135955	56493	3064	41	32742	34242	200045	4	2929	101271	100465	101982	101670
395	147920	46814.4	2160	62	33686	35186	200045	4	1954	100782	100045	100079	100117
396	127081	27489.2	5460	65	30392	31892	200045	7	5279	101003	101205	101372	101809	101203	101315	101890
397	100446	35585.3	5405	65	12447	13347	200046	5	5221	100475	101266	100762	100583	101924
398	100168	51528.8	5550	65	12302	13202	200046	6	5377	100934	101389	100509	101106	100046	101451
399	108880	57852.9	4898	65	12954	13854	200046	4	4683	101778	100964	101610	100922
400	90324	81185	3432	65	14420	15320	200046	5	3212	101433	100416	100737	100660	101234
401	43391.3	73886.7	4219	63	13629	14529	200046	3	4042	101162	100060	101473
402	74902.8	94627.2	5390	63	12458	13358	200046	4	5218	101073	101398	100305	100764
403	80920.6	90223.5	2311	32	15478	16378	200046	2	2133	101596	101629
404	52985.6	81712.8	2250	60	15593	16493	200046	3	2042	100564	101289	100550
405	104151	118878	3385	47	25533	26433	200047	5	3220	100483	101846	100610	100247	101359
406	78974.2	96384.4	4699	62	24247	25147	200047	4	4529	100168	101438	100284	100604
407	28652.3	117226	5319	65	23633	24533	200047	8	5135	101971	101915	100641	100747	101046	101601	100144	100220
408	89086.5	140309	4980	65	23972	24872	200047	9	4734	100993	101804	100490	101163	101876	101581	101344	101836	100052
409	88398.8	115155	2293	66	26661	27561	200047	4	2110	100232	100047	101538	100990
410	2731.2	125410	1963	66	26991	27891	200047	1	1619	101927
411	66534.1	102785	2052	64	26898	27798	200047	3	1868	101016	101352	101783
412	90025	109437	3069	66	25885	26785	200047	5	2894	100578	100277	101666	101901	100353
413	41042.7	133249	837	66	28117	29017	200047	1	493	100881
414	93866.9	111443	2981	58	19958	20858	200048	7	2816	101285	100248	100130	100048	101595	101153	100852
415	74806.4	95200.9	2738	61	20206	21106	200048	2	2471	100972	101555
416	667.14	137465	2440	66	20514	21414	200048	1	2096	100935
417	45593.4	113175	4095	66	18859	19759	200048	3	3917	101434	101033	101142
418	90603.5	108447	2280	57	20657	21557	200048	2	2062	100933	101967
419	25967	96206.5	5223	48	17697	18597	200048	7	5074	100159	101527	101750	100699	100663	101761	100820
420	84586.8	138240	3766	62	19180	20080	200048	7	3497	101497	101987	101642	101861	101472	101457	101634
421	82865.2	104972	5094	63	17854	18754	200048	4	4920	101476	101790	101689	100608
422	44644.5	159629	5296	63	17652	18552	200048	6	5067	100940	100364	101368	100258	100882	100376
423	68131.9	127103	1073	66	21881	22781	200048	1	729	101902
424	54131.5	76626	2262	66	20692	21592	200048	3	1998	100616	101704	101539
425	115595	103737	4187	65	15165	15765	200049	5	3975	100167	100568	100891	101647	100450
426	120469	144743	1881	66	17473	18073	200049	2	1649	101768	100147
427	58380.6	118266	4199	64	15151	15751	200049	6	4023	101680	101395	101276	100636	100572	100049
428	65017.6	115104	1733	64	17617	18217	200049	2	1544	101293	100123
429	99486.5	126538	4282	62	15064	15664	200049	4	4107	100551	100180	100240	101382
430	100097	96508.9	1410	54	17921	18521	200049	2	1128	100603	101665
431	106276	116612	4089	66	15265	15865	200049	4	3911	101757	100444	100233	100294
432	120697	107038	4765	61	14579	15179	200049	6	4589	101738	101111	101227	100878	100763	101125
433	105060	89757.9	3650	53	15679	16279	200049	2	3422	101606	100090
434	80192.6	100961	2170	60	17173	17773	200049	3	2003	100629	101916	100477
435	108329	37504.1	2104	61	26840	28340	200050	2	1884	101541	101221
436	167945	31105.5	4796	63	24152	25652	200050	8	4619	101427	100702	100606	101808	100584	100826	100473	100542
437	117948	19750.8	3562	66	25392	26892	200050	3	3374	100251	101239	101008
438	143349	9394.81	1870	64	27080	28580	200050	2	1538	101874	100050
439	155380	67247.5	1851	50	27073	28573	200050	2	1628	100175	100122
440	165386	67413.3	4938	66	24016	25516	200050	10	4760	101182	101270	100997	100363	101313	101985	100746	101630	100377	100153
441	160462	93710.3	2380	64	26570	28070	200050	2	2055	100401	101070
442	160791	91509.4	4173	61	24771	26271	200050	5	4005	101780	101898	101105	100688	101302
443	155919	76056.3	1622	39	27281	28781	200050	1	1399	100285
444	160374	82233.6	3148	60	25795	27295	200050	3	2976	101598	101717	100243
445	104264	45792.9	2892	52	26035	27535	200050	3	2668	101180	101440	101974
446	130411	62540.8	4882	60	24061	25561	200050	6	4713	101545	101139	101655	101690	101645	100218
447	140927	25609	1584	62	27362	28862	200050	3	1282	101687	100778	100080
448	126743	63921	2355	65	26597	28097	200050	3	2039	101676	101343	101650
449	139615	68632.8	2046	62	26900	28400	200050	2	1738	101340	100669
DIMENSION: 450
SOLVETIME: 191.752
DEPOT_SECTION
1
-1
EOF
