SCHOOLNODENUMBER: 25
SCHNODE_COORD_SECTION
200001	160331	185309	1010	1025	15
200002	90487.4	183859	1005	1020	15
200003	120219	97535.6	510	535	25
200004	67871.6	184858	1005	1025	20
200005	173510	20464.1	1045	1055	10
200006	55552.8	164396	600	610	10
200007	119220	97121.1	725	745	20
200008	51501.4	159829	725	740	15
200009	163786	186238	555	605	10
200010	52342.7	160705	650	705	15
200011	69696.6	194663	745	755	10
200012	86822.6	188196	920	945	25
200013	57682.1	187532	835	850	15
200014	44988.2	162830	720	740	20
200015	122486	99881.3	1040	1050	10
200016	88294.2	190750	540	600	20
200017	164516	173672	605	630	25
200018	173675	22603.5	955	1015	20
200019	15344.4	205068	915	930	15
200020	57979.8	191283	545	610	25
200021	161530	186405	810	835	25
200022	85230.2	185436	705	720	15
200023	173839	21411.9	610	620	10
200024	69642.9	193394	505	535	30
200025	97760.4	185709	705	720	15
MAX_RIDING_TIME: 5400
EDGE_WEIGHT_FORMAT: FUNCTION
EDGE_WEIGHT_TYPE: MAN_2D
NODE_COORD_TYPE: TWOD_COORDS
NODE_COORD_SECTION
0	105600	105600	0	0	0	0	0	0	0
1	124343	185360	3029	65	33723	34623	200001	4	2856	100052	100086	100041	100475
2	155639	134952	4217	62	32529	33429	200001	6	4039	100001	100413	100038	100240	100442	100423
3	154111	151756	5476	56	31259	32159	200001	9	5317	100077	100349	100446	100467	100332	100306	100360	100445	100437
4	141397	153256	2082	66	34672	35572	200001	1	1738	100108
5	134648	191880	5524	66	31230	32130	200001	5	5344	100262	100029	100447	100394	100320
6	137177	155347	4736	66	32018	32918	200001	7	4524	100497	100141	100085	100256	100203	100271	100327
7	63035.7	149262	2459	66	33995	34895	200002	1	2115	100051
8	62628.2	187744	2206	54	34225	35125	200002	2	1932	100452	100002
9	100978	171946	1093	63	35355	36255	200002	1	763	100314
10	127909	177923	3640	40	32765	33665	200002	6	3511	100112	100401	100036	100090	100375	100299
11	92221.7	137589	2591	61	33853	34753	200002	3	2421	100258	100165	100210
12	170322	99231.6	3771	50	14953	16453	200003	6	3621	100322	100178	100277	100032	100142	100121
13	65527.1	99694.2	2300	66	16454	17954	200003	2	1966	100289	100087
14	83912.5	113649	4733	61	14011	15511	200003	8	4524	100286	100472	100438	100003	100450	100326	100455	100030
15	106351	99001.8	3303	65	15449	16949	200003	3	3125	100315	100255	100338
16	138891	100258	2661	60	16082	17582	200003	6	2492	100290	100397	100463	100201	100436	100192
17	107590	47782.5	3119	65	15633	17133	200003	4	2805	100209	100215	100257	100373
18	127800	59419.9	2758	66	15996	17496	200003	4	2453	100126	100095	100285	100331
19	108221	116923	3978	66	14776	16276	200003	6	3798	100249	100247	100493	100163	100415	100316
20	70888.9	134766	3889	36	32508	33708	200004	7	3768	100226	100364	100027	100479	100441	100301	100110
21	114695	180369	3351	65	33101	34301	200004	5	3173	100406	100335	100084	100407	100004
22	157161	51118.2	3832	63	35016	35616	200005	4	3660	100231	100324	100348	100439
23	154447	53556.8	2104	58	36735	37335	200005	2	1832	100154	100354
24	163595	71441.4	2947	61	35897	36497	200005	4	2727	100053	100461	100383	100426
25	172661	76811.8	2455	59	36386	36986	200005	3	2160	100489	100117	100079
26	125215	33447.2	5493	64	33357	33957	200005	4	5322	100246	100138	100330	100302
27	188897	40585.9	2751	63	36097	36697	200005	5	2532	100295	100103	100340	100221	100129
28	167162	47219.5	1546	61	37298	37898	200005	2	1238	100028	100200
29	137142	39004.9	2212	46	36604	37204	200005	3	2036	100293	100174	100005
30	114828	24041.2	4743	62	34103	34703	200005	4	4503	100422	100473	100396	100252
31	182936	67061.2	2329	51	36496	37096	200005	3	2172	100369	100313	100362
32	164512	24251.2	779	66	38075	38675	200005	1	435	100170
33	210196	35600.9	2152	66	36702	37302	200005	2	1894	100069	100334
34	64175.1	112330	4056	65	17696	18296	200006	3	3768	100500	100081	100492
35	102486	164449	4397	65	17355	17955	200006	4	4081	100186	100074	100409	100144
36	88666.3	148355	2011	60	19732	20332	200006	2	1839	100305	100196
37	49114.4	117497	5322	66	16432	17032	200006	4	5129	100282	100496	100006	100387
38	79098.5	129768	3943	65	17809	18409	200006	6	3715	100150	100105	100456	100184	100425	100228
39	85759.9	87279.2	4022	64	22828	24028	200007	3	3801	100296	100307	100039
40	130683	102197	1916	63	24932	26132	200007	2	1739	100344	100379
41	84103.4	107511	2908	66	23946	25146	200007	4	2728	100346	100125	100453	100100
42	175042	100349	2272	47	24546	25746	200007	1	2013	100298
43	102612	78938.7	3591	62	23255	24455	200007	6	3424	100343	100435	100123	100094	100135	100381
44	143798	75643.8	1914	66	24940	26140	200007	1	1570	100239
45	96423.9	80468	3899	66	22955	24155	200007	6	3721	100400	100294	100233	100312	100098	100380
46	148806	105042	4347	66	22507	23707	200007	7	4172	100063	100478	100454	100434	100466	100007	100378
47	116130	146208	3215	66	23639	24839	200007	4	2996	100128	100477	100083	100114
48	36246.4	116441	5464	62	21382	22282	200008	4	5292	100158	100207	100390	100176
49	48233.7	129206	2173	55	24660	25560	200008	3	2011	100191	100026	100444
50	71265.2	122054	2291	63	24557	25457	200008	1	1961	100151
51	75644.3	138617	1890	66	24964	25864	200008	1	1546	100118
52	83071.1	128564	4378	63	22470	23370	200008	8	4102	100278	100265	100120	100250	100008	100134	100449	100284
53	103668	188049	3108	58	18331	18931	200009	5	2885	100287	100263	100115	100167	100337
54	158955	132368	3492	65	17960	18560	200009	3	3316	100363	100152	100399
55	167490	173683	4989	63	16459	17059	200009	5	4807	100139	100188	100157	100182	100219
56	148342	164018	5254	58	16185	16785	200009	5	5073	100204	100147	100308	100088	100168
57	136527	178512	1522	63	19926	20526	200009	1	1192	100365
58	147250	169485	1478	66	19976	20576	200009	1	1134	100172
59	135754	178079	2220	65	19232	19832	200009	2	2036	100009	100384
60	73203.6	173662	4310	66	20444	21344	200010	4	4132	100208	100136	100010	100465
61	64653.8	115294	5182	65	19570	20470	200010	7	4915	100058	100057	100179	100149	100082	100376	100418
62	46947	109245	4179	66	20575	21475	200010	5	4004	100457	100431	100078	100386	100329
63	84234.6	156224	4643	64	20107	21007	200010	4	4461	100213	100137	100091	100421
64	86942.8	148859	1969	60	22774	23674	200010	3	1797	100267	100317	100166
65	60159.8	141000	4525	66	23529	24129	200011	5	4329	100367	100232	100318	100236	100011
66	66555.8	138271	2373	66	25681	26281	200011	1	2029	100044
67	117351	186389	4457	47	23561	24161	200011	7	4315	100402	100143	100303	100280	100353	100468	100494
68	59198	160574	4094	44	29618	31118	200012	3	3961	100072	100012	100404
69	90647.3	141211	4846	41	28860	30360	200012	4	4714	100484	100311	100270	100341
70	114328	183316	2994	53	28035	28935	200013	5	2844	100350	100427	100104	100319	100297
71	34859.8	155426	2216	66	28838	29738	200013	1	1872	100245
72	65742.6	136082	2355	34	28638	29538	200013	3	2241	100145	100471	100093
73	50829.7	139216	4912	27	26068	26968	200013	2	4756	100333	100013
74	61478.5	140920	5444	56	21091	22291	200014	5	5288	100243	100175	100469	100211	100199
75	49714.8	116399	3332	47	23186	24386	200014	4	3136	100148	100187	100264	100487
76	36353.1	135053	1585	66	24969	26169	200014	1	1241	100448
77	85817.6	146398	2805	48	23715	24915	200014	5	2656	100382	100067	100483	100234	100014
78	68284.9	104238	2340	62	36206	36806	200015	2	2025	100443	100109
79	130727	67906.9	3997	65	34555	35155	200015	6	3813	100357	100113	100225	100292	100470	100070
80	153115	71621.2	2351	66	36203	36803	200015	1	2007	100460
81	162514	96033.2	5499	59	33042	33642	200015	8	5334	100428	100193	100169	100130	100377	100405	100458	100485
82	111413	105079	4210	66	34344	34944	200015	5	4032	100183	100403	100321	100037	100015
83	102198	88970.5	5096	60	33447	34047	200015	6	4924	100325	100092	100368	100066	100131	100291
84	93389.6	113765	5523	63	33025	33625	200015	6	5328	100244	100031	100481	100177	100440	100206
85	97463.1	142981	3997	57	16540	17740	200016	5	3828	100272	100242	100392	100047	100075
86	113727	197809	3001	58	17538	18738	200016	3	2732	100366	100218	100339
87	125097	177226	3621	66	16933	18133	200016	3	3415	100275	100046	100153
88	84778.8	132207	5010	61	15534	16734	200016	5	4834	100268	100419	100016	100488	100140
89	108955	177929	5504	58	16535	18035	200017	6	5344	100480	100260	100227	100491	100230	100328
90	147365	131595	2757	56	19278	20778	200017	4	2601	100351	100429	100323	100372
91	137159	146128	5182	62	16864	18364	200017	7	5004	100050	100283	100017	100486	100459	100132	100451
92	181952	162984	1302	66	20752	22252	200017	1	958	100111
93	156644	142842	5488	66	16566	18066	200017	7	5276	100080	100417	100345	100194	100073	100155	100490
94	188584	67605.3	5500	59	30341	31541	200018	7	5307	100054	100342	100185	100106	100116	100159	100224
95	173722	76622.2	2187	66	33667	34867	200018	1	1843	100259
96	139529	50331.5	2373	40	33432	34632	200018	3	2239	100189	100059	100309
97	155899	35038.2	1333	57	34504	35704	200018	1	1029	100071
98	207578	37184.6	1996	66	33858	35058	200018	1	1652	100034
99	164092	60603.8	2569	65	33283	34483	200018	3	2359	100198	100161	100279
100	172282	75936.8	3697	64	32153	33353	200018	4	3432	100197	100391	100018	100253
101	130828	3727.97	3775	58	32064	33264	200018	3	3524	100035	100310	100205
102	76266.7	206162	2458	66	30996	31896	200019	1	2114	100266
103	14514.4	152334	4068	33	29323	30223	200019	4	3945	100389	100433	100495	100019
104	63970.6	157204	5090	30	15696	17196	200020	3	4972	100388	100237	100352
105	48625.9	146951	2893	65	17959	19459	200020	2	2561	100020	100214
106	110568	198801	2788	32	18001	19501	200020	3	2621	100241	100076	100393
107	109541	194230	4198	65	25354	26854	200021	6	4017	100217	100281	100254	100021	100180	100274
108	163433	130641	3818	61	25726	27226	200021	6	3596	100229	100416	100482	100164	100107	100222
109	134190	162555	2089	66	27465	28965	200021	1	1745	100089
110	196944	201666	2071	66	27483	28983	200021	1	1727	100347
111	164293	144387	5210	65	24342	25842	200021	9	5026	100412	100146	100195	100061	100411	100220	100212	100049	100424
112	137930	165018	1923	63	27625	29125	200021	2	1754	100124	100202
113	72526.9	160600	4402	66	21252	22152	200022	4	4120	100160	100498	100042	100181
114	94919	137554	2517	54	23114	24014	200022	2	2339	100499	100062
115	102074	156292	5269	54	20362	21262	200022	5	5093	100462	100474	100238	100101	100162
116	124177	184651	1698	66	23956	24856	200022	1	1354	100065
117	91266.7	131818	4378	60	21265	22165	200022	5	4172	100410	100261	100269	100476	100022
118	148222	56735.4	3039	66	19315	19915	200023	3	2848	100068	100119	100023
119	139807	50356.1	5185	59	17156	17756	200023	6	4953	100033	100064	100056	100300	100336	100190
120	174877	82589.2	3632	64	18718	19318	200023	4	3453	100097	100043	100248	100288
121	164597	74984.3	2471	59	19870	20470	200023	2	2200	100055	100395
122	139489	3044.79	5105	65	17247	17847	200023	5	4921	100432	100045	100371	100356	100122
123	121597	29280.8	5544	66	16810	17410	200023	7	5358	100102	100385	100133	100355	100156	100273	100235
124	112536	183773	5060	66	13394	15194	200024	5	4874	100361	100370	100216	100420	100464
125	15280.7	187262	5009	14	13346	15146	200024	5	4928	100024	100408	100276	100359	100430
126	76130.6	144932	3991	21	21577	22477	200025	6	3902	100173	100223	100358	100127	100414	100048
127	105060	154252	3977	57	21660	22560	200025	5	3819	100374	100060	100398	100025	100040
128	123972	171537	5096	25	20480	21380	200025	5	4970	100099	100304	100096	100251	100171
DIMENSION: 129
SOLVETIME: 31.621
DEPOT_SECTION
1
-1
EOF
