SCHOOLNODENUMBER: 6
SCHNODE_COORD_SECTION
200001	37557	174089	710	735	25
200002	3448.08	113674	810	820	10
200003	946.31	124524	945	1000	15
200004	686.64	118442	810	830	20
200005	7373.95	120747	545	605	20
200006	221.38	118974	1030	1045	15
MAX_RIDING_TIME: 5400
EDGE_WEIGHT_FORMAT: FUNCTION
EDGE_WEIGHT_TYPE: MAN_2D
NODE_COORD_TYPE: TWOD_COORDS
NODE_COORD_SECTION
0	105600	105600	0	0	0	0	0	0	0
1	87874.6	161804	2826	61	23118	24618	200001	5	2614	100077	100199	100009	100117	100046
2	57707	131920	2578	66	23376	24876	200001	4	2403	100075	100018	100056	100126
3	82167.7	160268	2412	66	23542	25042	200001	5	2104	100123	100226	100188	100032	100142
4	63762	139981	3293	64	22657	24157	200001	7	3119	100157	100158	100181	100207	100084	100209	100229
5	68403.8	150367	2368	59	23573	25073	200001	5	2201	100020	100036	100086	100219	100001
6	69756.4	146023	2452	66	23502	25002	200001	4	2266	100109	100022	100241	100134
7	68034	177002	5104	55	20829	22329	200001	6	4947	100172	100053	100016	100114	100221	100147
8	93620.1	172222	4118	65	21834	23334	200001	9	3942	100240	100094	100087	100031	100216	100213	100135	100099	100189
9	80991.3	154759	2810	65	23142	24642	200001	3	2572	100064	100034	100029
10	49944.6	129597	4017	58	21922	23422	200001	7	3854	100025	100230	100200	100105	100007	100106	100150
11	74468.4	149319	3588	66	22366	23866	200001	6	3379	100130	100163	100062	100133	100057	100210
12	76042.9	150244	2477	64	23473	24973	200001	2	2215	100066	100235
13	90639.4	167537	2455	66	23499	24999	200001	4	2129	100161	100140	100088	100218
14	73392.8	147004	2525	66	23429	24929	200001	3	2274	100178	100044	100048
15	52211.6	104268	5394	58	24145	24745	200002	8	5229	100187	100132	100063	100127	100129	100223	100072	100079
16	34874.1	84607.8	2406	66	27148	27748	200002	1	2062	100058
17	48674	102250	2491	59	27050	27650	200002	3	2285	100164	100040	100198
18	34729.2	91388.4	2206	65	27346	27946	200002	3	2033	100249	100078	100024
19	23711	76898.5	2288	66	27266	27866	200002	1	1944	100214
20	56796.6	107100	2647	62	26899	27499	200002	4	2475	100138	100119	100033	100239
21	57946	106104	2677	59	26864	27464	200002	3	2510	100071	100141	100195
22	60036.3	111268	5177	61	24367	24967	200002	6	5001	100010	100067	100041	100165	100234	100002
23	59513.7	106605	2429	47	27089	27689	200002	2	2287	100108	100151
24	27218.5	106342	1404	66	28150	28750	200002	1	1060	100103
25	49837	102741	2330	65	27222	27822	200002	3	2107	100065	100169	100211
26	48396.5	126143	4742	65	30510	31410	200003	7	4527	100076	100120	100208	100231	100003	100250	100206
27	39581.6	133583	2537	63	32711	33611	200003	3	2357	100203	100054	100068
28	28501.6	124896	1402	48	33818	34718	200003	3	1235	100159	100225	100191
29	59408.7	125040	3867	59	31374	32274	200003	6	3702	100074	100026	100186	100247	100244	100236
30	54869.6	127378	2279	66	32975	33875	200003	1	1935	100160
31	4072.72	118713	640	60	34603	35503	200003	2	465	100101	100070
32	48913.5	126157	5352	65	29900	30800	200003	5	5174	100015	100073	100023	100176	100168
33	32105.8	151687	2368	66	32886	33786	200003	3	2047	100039	100050	100177
34	50534.9	109946	2325	56	27210	28410	200004	3	2054	100202	100144	100136
35	53880.1	118302	3965	52	25562	26762	200004	3	3814	100233	100098	100004
36	19002.3	108595	1429	60	28114	29314	200004	2	1119	100115	100052
37	47928.8	113409	2062	40	27443	28643	200004	3	1928	100059	100185	100190
38	57062.2	115495	2415	63	27133	28333	200004	2	2202	100173	100124
39	41978.3	100166	3315	65	26237	27437	200004	5	3134	100019	100085	100095	100080	100237
40	26454.8	91114.9	3415	66	26139	27339	200004	5	3235	100155	100118	100162	100196	100171
41	55624.3	107054	4998	66	15856	17056	200005	7	4815	100153	100193	100011	100137	100042	100183	100246
42	59215.6	113595	2585	65	18267	19467	200005	3	2336	100224	100055	100201
43	58156	130963	4097	61	16747	17947	200005	7	3924	100245	100028	100060	100148	100204	100131	100184
44	64866.4	122155	4044	65	16808	18008	200005	4	3871	100091	100111	100149	100014
45	51532.9	105518	2368	66	18486	19686	200005	1	2024	100248
46	42099.1	98389.6	2842	54	17989	19189	200005	3	2646	100051	100093	100154
47	57769.6	121801	2966	65	17886	19086	200005	4	2788	100228	100021	100232	100194
48	44110	100260	2278	50	18546	19746	200005	4	2055	100045	100008	100205	100037
49	51397.9	106792	4180	65	16672	17872	200005	6	4004	100012	100112	100005	100104	100217	100243
50	52363.8	130671	4431	66	16423	17623	200005	3	4256	100038	100047	100081
51	62693.1	120790	2679	66	18175	19375	200005	5	2387	100027	100166	100083	100146	100179
52	47542.6	105872	2386	57	18451	19651	200005	4	2223	100238	100192	100128	100092
53	39169.9	92848.8	2508	66	18346	19546	200005	4	2198	100215	100170	100212	100197
54	39457	90057.9	3397	65	17455	18655	200005	6	3138	100125	100182	100110	100107	100089	100174
55	27472.1	88347.3	2302	51	18523	19723	200005	4	2156	100030	100139	100069	100242
56	62766.3	121950	3414	61	17430	18630	200005	6	3241	100017	100222	100013	100100	100090	100180
57	35545.8	120283	1320	66	19534	20734	200005	1	976	100097
58	56839.3	109129	2525	61	18319	19519	200005	3	2292	100113	100167	100049
59	52336.6	118249	2126	54	35805	36705	200006	3	1883	100043	100121	100082
60	52176.1	118228	2581	60	35362	36262	200006	3	2409	100102	100122	100006
61	57823.7	120227	5223	59	32718	33618	200006	6	5058	100145	100220	100175	100096	100227	100061
62	53783.7	123685	2867	60	35076	35976	200006	2	2695	100116	100143
63	444.24	94157.6	1451	46	36465	37365	200006	2	1314	100152	100035
64	7428.75	117947	584	57	37353	38253	200006	1	280	100156
DIMENSION: 65
SOLVETIME: 30.061
DEPOT_SECTION
1
-1
EOF
