SCHOOLNODENUMBER: 100
SCHNODE_COORD_SECTION
200001	1671.08	1304.1	510	540	30
200002	40735.5	146324	640	700	20
200003	12782.6	155681	645	655	10
200004	78620.8	14748.3	645	705	20
200005	43373.7	69969.4	720	750	30
200006	83057	21158.7	1005	1020	15
200007	119777	47437.2	525	555	30
200008	55117.6	5048.01	930	940	10
200009	41303.6	69348.6	610	625	15
200010	49015.7	180235	755	815	20
200011	42129.3	130312	1035	1050	15
200012	78723.4	99353.8	1015	1030	15
200013	120782	49607.4	535	545	10
200014	87481.2	101363	710	730	20
200015	24158.7	109236	755	825	30
200016	11290.7	125561	940	950	10
200017	148796	208368	920	950	30
200018	207718	37463.5	1030	1050	20
200019	34143.7	108979	610	630	20
200020	121914	47283.7	610	630	20
200021	62674.2	10844.3	750	805	15
200022	126214	119267	710	720	10
200023	79252.2	17082	555	610	15
200024	86240.7	96016.2	1030	1045	15
200025	45920.4	173274	545	555	10
200026	117781	208181	835	855	20
200027	106941	208139	620	640	20
200028	60001	149302	700	715	15
200029	48231.4	146497	545	605	20
200030	86638.5	100244	845	855	10
200031	69981.9	148247	735	805	30
200032	145030	203604	535	605	30
200033	41005.6	174581	525	535	10
200034	41292.9	71047.4	705	715	10
200035	83614	99344.9	640	700	20
200036	82716.9	10340.9	500	530	30
200037	11554.7	32079	600	615	15
200038	84792.9	96249.9	505	520	15
200039	84508.4	98044.3	845	905	20
200040	43805.2	175675	455	505	10
200041	107483	208599	710	740	30
200042	38056.9	68740.9	910	920	10
200043	41156.3	171376	620	645	25
200044	45127.7	181065	550	615	25
200045	12870	126865	720	740	20
200046	129321	121283	505	515	10
200047	109160	208937	810	840	30
200048	17633.6	153263	555	620	25
200049	202878	161499	925	935	10
200050	165703	185211	925	950	25
200051	119101	51703.5	930	1000	30
200052	12010	184464	945	1005	20
200053	159776	184800	920	930	10
200054	57840.7	16113.5	635	700	25
200055	120376	49249.1	455	505	10
200056	51419.5	169904	735	745	10
200057	34228	108884	855	920	25
200058	126807	116674	645	715	30
200059	8184.76	2626.17	930	945	15
200060	44012.5	140823	1035	1100	25
200061	209204	162903	455	510	15
200062	209422	165784	1005	1025	20
200063	63654.1	152446	925	945	20
200064	37541.3	66394.7	505	520	15
200065	195192	70937	805	820	15
200066	2212.77	2373.79	1000	1010	10
200067	79111.3	209388	650	720	30
200068	63580.3	12711.8	800	830	30
200069	91049	18252.2	1015	1035	20
200070	40698.2	68957.2	850	905	15
200071	108491	206246	1035	1100	25
200072	46225.3	138004	740	800	20
200073	166444	177873	730	800	30
200074	207939	157707	1020	1045	25
200075	18107.5	150388	505	530	25
200076	76960.4	210488	845	855	10
200077	14654.6	120853	840	905	25
200078	207780	29405.6	825	835	10
200079	88202.9	98466.6	525	535	10
200080	120675	112799	745	810	25
200081	146516	205216	520	550	30
200082	202728	32903	930	1000	30
200083	200652	77341.1	850	900	10
200084	149311	210622	710	740	30
200085	202965	73340.4	600	610	10
200086	36908.2	64092.1	855	905	10
200087	128061	114478	505	520	15
200088	87977.1	90766.8	525	550	25
200089	117499	204030	525	550	25
200090	207061	30754.5	730	800	30
200091	56909.4	3699.65	615	625	10
200092	43042.8	150116	855	925	30
200093	34325.1	108528	1035	1100	25
200094	49755.6	179865	805	835	30
200095	43973.3	137084	1040	1100	20
200096	63019.8	149041	630	700	30
200097	120996	111824	820	830	10
200098	63155.1	150379	705	725	20
200099	124609	117195	715	725	10
200100	7466.34	35514.5	525	555	30
MAX_RIDING_TIME: 5400
EDGE_WEIGHT_FORMAT: FUNCTION
EDGE_WEIGHT_TYPE: MAN_2D
NODE_COORD_TYPE: TWOD_COORDS
NODE_COORD_SECTION
0	105600	105600	0	0	0	0	0	0	0
1	61426.1	1834.41	4109	62	14637	16437	200001	5	3931	101809	101222	100001	100223	100995
2	11647.9	51492.9	2825	13	15828	17628	200001	3	2751	101290	101331	100503
3	77672.8	147084	4165	64	19985	21185	200002	2	3991	101742	100357
4	88116.7	151871	4799	51	19326	20526	200002	6	4593	101984	100136	101304	101701	101176	100172
5	50634.6	108208	4428	54	19703	20903	200002	8	4255	101642	101630	101115	100158	100719	100371	100477	100426
6	58324.9	116730	5172	66	18982	20182	200002	7	4989	100857	101546	101463	101259	100002	101184	100600
7	58281.5	165611	5290	64	19160	19760	200003	8	5111	100310	100996	100531	101832	100247	100344	101507	100753
8	59645.9	151437	2829	66	21625	22225	200003	3	2646	100246	100127	100400
9	57855.3	138801	2808	66	21646	22246	200003	4	2633	101273	100438	101149	100638
10	12682.8	100575	3675	66	20779	21379	200003	6	3500	100908	101529	100733	100351	101103	100150
11	10716.5	117984	5207	56	19228	19828	200003	4	5043	100912	100003	100453	101448
12	74259.4	69957.5	4764	63	19684	20884	200004	5	4574	100809	100004	100736	101422	100677
13	49230.5	3396.74	5171	61	19273	20473	200004	5	4977	100825	101908	101949	101837	100425
14	112055	34122.6	3985	56	20450	21650	200004	6	3824	100681	101531	101669	101018	101705	100241
15	54601.7	121583	4840	57	21697	23497	200005	5	4677	100411	101707	101655	101154	100548
16	49471.4	13832	3695	58	22844	24644	200005	4	3506	101063	101066	101541	100921
17	46383.2	104938	3925	66	22629	24429	200005	4	3677	101965	100005	100987	101234
18	60583.6	87397.8	4904	66	21650	23450	200005	4	4721	100149	100791	101374	101244
19	79755.3	96875.4	5098	65	21454	23254	200005	3	4917	100423	101703	101553
20	97176.7	61010.1	3919	59	22622	24422	200005	5	3676	101483	100608	101122	100236	101893
21	128084	15146.5	5152	55	31281	32181	200006	5	4987	100006	100296	100265	100274	101054
22	58857.5	7308.99	5454	66	31000	31900	200006	7	5222	101723	101406	101694	101383	101484	101498	101264
23	116956	106513	4408	66	15246	17046	200007	5	4212	101235	100859	100948	101974	100190
24	92208.8	79831.3	4655	66	14999	16799	200007	6	4477	101891	100262	101279	100747	101388	100007
25	118072	62916.3	5329	63	14319	16119	200007	4	5123	100124	100926	101827	100615
26	126765	100581	4850	64	14800	16600	200007	6	4658	101300	100445	101902	101213	101791	100950
27	45873.3	53453.4	2692	62	31654	32254	200008	3	2410	100496	101410	100008
28	85154.4	5276.91	2382	43	31928	32528	200008	4	2251	101922	100686	100242	101904
29	50548.2	38215.3	4706	45	29608	30208	200008	6	4563	100474	101089	101600	101873	101661	100224
30	76596.8	81655.3	1881	47	20437	21337	200009	1	1622	100939
31	26883.9	82018.8	3731	65	18621	19521	200009	5	3462	100644	101334	101937	100622	100293
32	64252.8	55936	4977	66	17377	18277	200009	6	4791	101327	100688	100374	101472	101677	101262
33	80072.5	67475.6	3348	61	18996	19896	200009	6	3183	100206	100692	101572	100562	101427	100473
34	42163.7	115410	4125	58	18214	19114	200009	6	3863	101009	101929	100594	101323	100422	101858
35	58423.8	108668	2240	46	20076	20976	200009	3	2009	100384	100601	100009
36	27266.7	172808	5027	56	23608	24808	200010	6	4829	101390	100985	100356	101754	101853	100010
37	105019	184690	3957	57	24680	25880	200010	5	3775	101637	100819	100820	101426	101258
38	68679.9	148698	4389	56	24246	25446	200010	3	4194	100500	100159	100922
39	98842.1	175250	4364	65	24288	25488	200010	4	4186	101667	101939	101179	101339
40	41778.2	135098	2129	49	26493	27693	200010	3	1874	100258	100928	100114
41	87625.9	139488	5333	65	32919	33819	200011	5	5155	101083	100880	101180	101093	101114
42	57426	118527	1218	55	37015	37915	200011	1	923	100380
43	103798	130613	4141	62	34105	35005	200011	3	3969	101338	101412	100751
44	46244	103901	4349	64	33901	34801	200011	7	4175	101309	101562	100813	101345	101400	101212	100132
45	68499.1	144623	1730	66	36524	37424	200011	1	1386	101025
46	50541.4	83669.4	4134	53	34095	34995	200011	4	3942	101926	101760	101538	100011
47	93199.6	136083	4213	50	34011	34911	200011	5	4057	101867	100711	100788	100886	101739
48	107949	91782.6	2284	40	34721	35621	200012	3	2093	101568	100567	100104
49	66339.8	88113.9	1118	59	35923	36823	200012	1	805	100696
50	60625	66457.3	5268	59	31773	32673	200012	5	5077	100337	100706	101602	100012	100332
51	112487	126435	5041	61	32003	32903	200012	3	4865	101713	101795	101389
52	48822.4	95936.5	1479	66	35575	36475	200012	1	1135	101326
53	54405.7	98282.1	1209	66	35845	36745	200012	1	865	101455
54	105078	63275.3	3921	58	33118	34018	200012	3	3659	101175	100251	101350
55	110445	73722.1	4310	66	15944	16544	200013	5	4127	100934	101927	101515	101270	100013
56	140524	83007.6	3281	66	16973	17573	200013	2	3098	101807	100382
57	134501	90177.7	5512	65	14740	15340	200013	4	5339	100405	100920	100118	101978
58	97002.8	88381.3	4969	64	15281	15881	200013	3	4787	101779	100469	100989
59	111893	81714	2222	61	18022	18622	200013	4	2049	100259	101134	101429	101721
60	158511	67173.6	4045	66	16209	16809	200013	6	3823	100434	100301	100565	100613	101702	101095
61	73929.9	109053	2545	58	23394	24594	200014	2	2377	101100	100895
62	125246	123266	5453	64	20497	21697	200014	5	5238	101569	100606	101513	101656	100898
63	39512.7	98092.8	2090	66	23864	25064	200014	1	1746	100642
64	129008	83675.8	5113	40	20792	21992	200014	7	4987	100767	100014	101152	101403	100479	100271	100345
65	64117.9	109217	4663	66	23991	25791	200015	3	4480	100533	100867	100119
66	31686.8	155705	2184	66	26470	28270	200015	1	1840	100168
67	32170.4	103513	5078	64	23572	25372	200015	8	4803	101391	100882	101693	100626	101769	101292	100339	100904
68	9834.86	135970	1743	66	26911	28711	200015	1	1399	101189
69	43320.3	121651	4699	64	23951	25751	200015	6	4395	100303	100623	101097	101496	100421	101639
70	65775.2	97125.5	4042	65	24610	26410	200015	6	3851	100015	100625	101354	100817	101730	100507
71	48670.3	118752	5124	66	29830	30430	200016	4	4842	100756	101895	100577	101067
72	24226	78741.5	2683	65	32269	32869	200016	4	2403	101166	100016	101545	100993
73	36863.3	125545	4978	66	29976	30576	200016	5	4803	100131	100924	101872	101808	100759
74	162254	184280	1618	61	32126	33926	200017	2	1357	100760	100017
75	99320.9	195689	2395	14	31260	33060	200017	3	2319	100212	101112	101005
76	157057	167955	3784	66	29970	31770	200017	4	3601	100542	101372	101157	101460
77	167375	38470.8	1858	57	36079	37279	200018	3	1697	101104	100147	101958
78	180719	70128.7	2703	58	35236	36436	200018	6	2496	101931	100398	101221	100254	101226	100627
79	194078	77130.6	2580	62	35366	36566	200018	3	2402	100263	100367	100612
80	150567	36087.3	4510	66	33444	34644	200018	5	4335	100243	101473	101634	101973	100266
81	170893	32169.5	4038	43	33872	35072	200018	5	3907	101471	101911	100684	101635	100018
82	203780	89209.8	2450	62	35496	36696	200018	4	2205	100538	101155	100441	100782
83	86534.7	105844	4967	58	17372	18572	200019	7	4807	100597	100571	101123	100447	101297	101826	101884
84	61250	107192	1498	63	20850	22050	200019	2	1311	101050	101285
85	77761.7	103155	4761	52	17566	18766	200019	8	4605	100019	101934	100257	101153	100698	100352	101650	101495
86	19501.4	99779.3	5108	63	17240	18440	200019	5	4817	101230	101229	101752	100680	100203
87	27482.3	53224.9	3827	52	18500	19700	200019	8	3629	100804	101378	100443	100779	100299	100125	101648	101454
88	90044.8	77925.4	3673	64	18677	19877	200020	2	3465	100658	100193
89	107380	28966.9	4320	47	17998	19198	200020	6	4181	101811	100629	101736	101850	100404	100020
90	151512	68346	4075	62	18271	19471	200020	6	3900	101367	100490	101237	101798	101935	101030
91	111557	91177.8	3442	63	18906	20106	200020	3	3270	100182	101022	101037
92	146675	58903.4	3127	64	19223	20423	200020	4	2953	101620	101875	101034	100256
93	81805.6	50440.5	4733	38	23568	24468	200021	5	4564	101058	100226	100401	101536	101386
94	71170.3	64258.5	2454	66	25900	26800	200021	1	2110	101887
95	62932.7	71823.4	3604	37	24695	25595	200021	6	3458	100448	101218	100244	101993	100154	101079
96	61880.6	67462	5522	59	22819	23719	200021	4	5271	101799	100021	100362	100140
97	156105	88321	4834	66	21120	21720	200022	6	4659	101296	101437	100321	100222	101589	100291
98	171055	106986	5442	54	20489	21089	200022	5	5191	100539	101789	100471	101500	101800
99	101408	97281.2	3978	64	21972	22572	200022	6	3726	101912	101563	100952	100419	100818	100568
100	119884	91189.9	3561	61	22383	22983	200022	4	3341	100327	100699	100831	100022
101	106233	37474.2	4474	58	16965	17865	200023	7	4311	100803	100741	101121	100979	101160	101906	101073
102	94665.6	52900.7	4758	58	16681	17581	200023	5	4590	100964	100493	101788	100574	101825
103	68942.9	34183.1	5133	66	16321	17221	200023	6	4867	100509	100764	101914	100297	101611	101411
104	98305.6	49722.9	2071	50	19353	20253	200023	3	1926	100134	100023	100141
105	97731.3	147254	4824	61	33120	34020	200024	4	4563	100573	100713	100970	100715
106	115768	79918.6	5506	58	32433	33333	200024	6	5335	100822	101457	100614	100144	100316	100518
107	116045	65591.3	5001	65	32951	33851	200024	7	4828	101780	100848	101814	101594	101197	100854	101045
108	81812.8	69741	4324	59	33617	34517	200024	4	4159	100595	100335	100670	100024
109	80607.9	188142	2708	59	18133	18733	200025	3	2546	100389	101313	100512
110	17493.5	147141	5017	42	15791	16391	200025	7	4883	100566	100563	100213	101254	101550	101395	100526
111	45712.4	125075	2433	66	18421	19021	200025	4	2221	100755	101186	100025	101818
112	62387.8	128557	3087	66	17767	18367	200025	5	2901	100373	100459	101462	101521	101369
113	65061.4	167304	3749	62	17097	17697	200025	4	3582	101676	101761	100390	101710
114	109407	193775	3560	39	27443	28643	200026	4	3436	100026	101443	101924	100897
115	86945.8	189121	4107	13	26846	28046	200026	4	4015	101061	100214	100775	101065
116	146111	183708	3847	66	27207	28407	200026	5	3654	101425	101092	100148	100858	101015
117	128905	157784	2911	51	28114	29314	200026	3	2762	101579	101802	100640
118	161377	203131	5512	58	17427	18627	200027	6	5344	101172	100112	101341	101116	100605	100113
119	58941.8	194513	5004	59	17937	19137	200027	6	4831	101236	100734	101583	100027	101860	101231
120	119163	145431	2429	46	22887	23787	200028	2	2211	101756	100162
121	108840	159972	4581	41	20725	21625	200028	5	4436	101293	101992	100189	100264	100800
122	68981.8	100834	3130	51	22195	23095	200028	2	2981	100166	101561
123	21478.5	140666	5083	64	20267	21167	200028	6	4901	100408	100185	100430	101145	101695	100028
124	43258.3	123769	1740	56	23595	24495	200028	1	1441	100177
125	64433.3	108816	1875	66	23479	24379	200028	1	1531	101647
126	34655.1	116738	3304	48	22016	22916	200028	4	3160	101348	101380	101614	100451
127	56059.3	136569	912	66	24442	25342	200028	1	568	101603
128	52622.7	94383.2	2607	52	18220	19420	200029	2	2378	101522	101442
129	63131.6	119071	4765	65	16087	17287	200029	6	4576	101849	100029	100862	100557	101071	100393
130	95238.1	137436	2187	51	18638	19838	200029	1	1911	101150
131	98291.2	141068	2405	51	18420	19620	200029	2	2160	100330	100676
132	78741.5	123245	5500	58	15339	16539	200029	4	5311	100637	101416	101366	101384
133	67282.9	110983	3871	52	27756	28356	200030	5	3715	101533	101564	101449	101245	101452
134	117276	113305	2160	56	29475	30075	200030	2	1993	100657	101658
135	92130.5	108661	728	46	30888	31488	200030	1	474	101232
136	94052.8	118692	4790	64	26860	27460	200030	5	4608	100910	100354	101447	101896	100130
137	106246	71298.8	4924	66	26730	27330	200030	6	4746	100586	100460	100748	100030	100585	101251
138	105202	79199.2	4604	64	27046	27646	200030	5	4425	100135	101737	101320	101072	100917
139	109096	117445	4784	62	26862	27462	200030	5	4549	101268	100962	100164	101256	101214
140	56359.2	99052.5	5462	61	21982	23782	200031	6	5255	100281	101523	101056	101729	100762	100031
141	62184.2	117620	4685	64	22765	24565	200031	4	4464	100550	101090	101933	101857
142	98879.3	150981	3473	64	23977	25777	200031	3	3291	100717	101243	100963
143	39535.3	148138	3731	64	23719	25519	200031	3	3549	100647	100336	100215
144	143927	141607	4075	53	16154	17954	200032	5	3917	101012	101806	100724	100871	100795
145	165115	172166	5043	66	15211	17011	200032	7	4857	101415	100648	101106	101361	101868	100032	101278
146	89900.3	197620	3704	64	16546	18346	200032	6	3522	101862	101981	101421	101132	100690	100997
147	90063.5	164021	4976	12	14575	15175	200033	5	4899	101223	100163	100273	101208	101517
148	44835.5	125158	5491	66	14163	14763	200033	8	5264	101346	100101	101469	101636	100033	100494	100476	100891
149	23622.3	98834.6	5234	62	20412	21012	200034	8	5020	101511	101555	100837	100442	100034	100287	101057	101542
150	58295.9	102673	2285	58	23354	23954	200034	3	2091	101764	101215	100268
151	93722.6	66163.5	4259	45	21355	21955	200034	7	4121	101920	100593	100590	101746	101444	101991	101263
152	37126.4	115862	4460	54	21171	21771	200034	5	4305	100758	100855	100326	101915	100207
153	89783.9	55801.5	3584	64	20566	21766	200035	4	3405	101387	101219	101816	101668
154	103243	70392.5	4990	64	19160	20360	200035	6	4764	101125	101394	101565	101824	101643	101036
155	89876.9	137071	3333	59	20808	22008	200035	3	3171	100915	100592	100982
156	128901	114869	4720	64	19430	20630	200035	8	4549	100866	100833	100485	100725	101102	101834	101135	101283
157	94427.4	110207	2456	64	21694	22894	200035	3	2230	100035	100907	101070
158	104910	138062	3709	64	20441	21641	200035	3	3527	101210	100835	100583
159	96616.1	104057	776	28	23306	24506	200035	1	603	101019
160	129978	18261.6	3887	50	14237	16037	200036	4	3698	101242	101530	101227	100553
161	85948.1	45758	5062	33	13029	14829	200036	6	4939	100036	101032	100123	101735	101994	100537
162	107406	43358.9	2375	64	15775	17575	200036	5	2196	101060	100555	101774	100981	100452
163	45317.6	57841.7	3593	66	18161	19061	200037	5	3413	100341	101727	101124	100446	101606
164	57139.9	24197.8	3167	53	18562	19462	200037	3	2967	100796	101332	100870
165	9392.07	84653.3	2425	66	19329	20229	200037	3	2182	100678	101794	100786
166	37158.1	39478.1	1962	64	19788	20688	200037	3	1788	101784	101046	100037
167	64372.3	118623	4613	22	13757	14657	200038	4	4488	101111	101494	100685	101311
168	92154.2	59317.9	1822	59	16619	17519	200038	1	1509	101817
169	138041	105601	5101	64	13349	14249	200038	8	4930	100672	101649	101633	100816	101109	101559	101970	100038
170	115804	127582	3898	52	14529	15429	200038	4	3750	100417	100314	101593	100828
171	31941.1	107182	5184	54	26447	27647	200039	8	5029	101325	100998	100039	101249	100311	100410	101767	100153
172	86988	69783.6	3176	16	28383	29583	200039	2	3065	100879	101228
173	111721	133613	3949	66	27705	28905	200039	5	3727	101640	100730	101289	100377	101613
174	112279	90568.1	4217	62	27429	28629	200039	7	3956	101696	100659	101554	101785	100487	100505	101833
175	72947.2	108387	1862	66	29792	30992	200039	2	1682	101844	101681
176	104046	135920	2275	56	29360	30560	200039	2	2095	101855	101329
177	64639.6	143881	5494	54	12337	12937	200040	9	5339	101916	101202	101414	101571	101342	101947	100914	100040	101985
178	80613.9	159961	5372	61	12472	13072	200040	5	5176	101618	101191	101282	100195	101886
179	40758.2	161980	914	66	16940	17540	200040	1	570	101143
180	87882.4	168405	4898	65	21054	22854	200041	3	4722	101943	100495	100350
181	58094.3	203179	5470	65	20482	22282	200041	7	5245	100396	100041	101260	101042	100432	101512	100842
182	142169	194378	2011	66	23943	25743	200041	1	1667	101133
183	162027	207222	5267	62	20679	22479	200041	3	5089	100145	101007	101717
184	67134	90346.8	4066	64	29084	29684	200042	5	3895	101687	100965	101627	101456	101101
185	85776.4	62142.7	2169	60	30974	31574	200042	1	1851	100488
186	22777.7	108895	5454	65	27698	28298	200042	7	5208	101003	101128	101299	100536	101040	101591	101659
187	22799.4	107522	4143	64	29007	29607	200042	3	3865	101075	101506	100661
188	67540	63314.4	2194	66	30960	31560	200042	2	1956	101196	100042
189	52205	77025.8	5163	57	27974	28574	200042	3	4981	101347	100729	100285
190	89441.6	75235.8	3962	55	29171	29771	200042	5	3808	101359	100941	100120	101877	101690
191	34738.3	145988	4098	65	18854	20354	200043	6	3922	101938	101491	100043	101333	101370	101113
192	94393.6	172754	3218	65	19734	21234	200043	3	3042	100427	101004	101217
193	39306.9	114353	2351	66	20603	22103	200043	1	2007	101301
194	71192.9	197629	5455	60	17488	18988	200043	4	5244	100785	101820	100475	101031
195	59835.5	164840	2355	55	20578	22078	200043	5	2190	101859	101418	101601	101930	101657
196	71630.6	147304	4884	56	16251	17751	200044	5	4723	100481	100544	100197	100978	101866
197	42574.3	124365	2233	33	18858	20358	200044	2	2116	101253	100225
198	15263.8	151588	4709	26	16369	17869	200044	5	4599	101266	101129	100660	100044	101424
199	36706.2	104882	3541	65	23011	24211	200045	7	3365	101335	100569	101181	101967	100744	100783	101120
200	56254.5	117699	3385	61	23159	24359	200045	4	3212	100462	101344	100634	101885
201	26369.6	106990	3558	62	22988	24188	200045	4	3375	100340	100682	101392	101691
202	26288.3	82840.7	3788	66	22766	23966	200045	5	3602	100217	100366	100045	101505	100815
203	34247.4	140830	5080	51	21445	22645	200045	4	4877	101010	100347	100107	101716
204	103171	108362	1639	54	16792	17392	200046	2	1448	101035	100845
205	117090	91488.9	5155	66	13299	13899	200046	5	4972	101898	100046	100669	100290	100849
206	123914	152890	4193	66	14261	14861	200046	4	4010	100750	101440	101960	101905
207	83815.8	131380	4527	53	13902	14502	200046	6	4374	100929	101961	101628	100772	101847	100824
208	108973	102077	2288	61	16156	16756	200046	3	2016	101864	101059	100395
209	112140	105104	3171	65	15281	15881	200046	3	2974	100461	101435	100959
210	116365	170955	3734	66	25820	27620	200047	3	3444	101086	101190	100529
211	103867	172053	4641	65	24911	26711	200047	5	4372	100887	101409	100653	100175	100516
212	100793	159524	3334	54	26197	27997	200047	3	3052	101024	101527	101863
213	146197	194695	2960	54	26571	28371	200047	4	2797	100047	101532	100116	100102
214	43436.1	173673	5373	42	16035	17535	200048	6	5241	100403	100510	100899	100288	100305	100315
215	21182.2	104926	5295	59	16146	17646	200048	8	5122	100958	100289	101526	101358	100048	101239	100683	100306
216	49727.2	122971	4377	44	17035	18535	200048	5	4233	101420	101306	101801	101587	101206
217	145487	157338	4695	66	29359	29959	200049	7	4509	101108	100450	101750	100049	101450	101608	100188
218	185756	123012	3454	36	30543	31143	200049	6	3331	100771	101684	100611	100991	101307	101753
219	167663	150665	2796	62	31250	31850	200049	2	2618	101281	101966
220	150861	170570	5122	63	28926	29526	200049	5	4948	100523	100826	100679	101959	100769
221	195844	123693	2123	65	31929	32529	200049	2	1794	100530	101982
222	109691	191004	2965	61	31079	32579	200050	4	2795	101385	100392	101570	101504
223	208689	165782	4133	65	29919	31419	200050	4	3830	100931	100619	101177	100142
224	157159	157067	3275	65	30777	32277	200050	3	3091	100707	100253	100050
225	147862	146451	4432	51	29593	31093	200050	7	4275	101944	100272	100667	101590	100171	100980	101016
226	135848	167528	3075	66	30979	32479	200050	4	2884	100913	100521	101724	101168
227	139743	159309	3783	60	30260	31760	200050	6	3608	100202	100689	101404	101626	101373	100152
228	116314	88980.8	1633	49	32689	34489	200051	1	1365	100204
229	91773.2	53924.9	4171	66	30183	31983	200051	5	3954	101592	101878	101582	100128	101162
230	150105	69000.7	5238	66	29116	30916	200051	8	5063	101138	100643	101665	101955	101948	101861	100343	100165
231	130515	95997.1	4278	66	30076	31876	200051	4	4100	100051	101662	100385	100234
232	133099	31408.9	2470	64	31880	33680	200051	2	2262	101651	100829
233	146560	84027.3	2332	51	31993	33793	200051	2	2066	101983	100830
234	48624.7	200269	4356	40	30849	32049	200052	8	4230	101616	100630	101216	100916	100391	101255	101525	101252
235	67743.9	185411	2316	58	32923	34123	200052	2	2145	101980	101497
236	21858	135451	3097	49	32125	33325	200052	2	2946	101678	100437
237	32095.1	155317	1977	52	33250	34450	200052	2	1748	100394	100052
238	131255	175894	3168	58	30571	31171	200053	5	3003	101836	101821	100237	101164	100716
239	144689	151371	2011	65	31741	32341	200053	2	1755	100376	101488
240	116890	176267	2944	56	30791	31391	200053	5	2780	101094	100902	101598	101738	100053
241	137246	178336	1278	54	32453	33053	200053	1	988	100363
242	181616	195008	4749	64	29001	29601	200053	8	4557	101508	100843	101204	101879	100424	101758	101757	100757
243	130166	170744	1819	55	31914	32514	200053	3	1582	101567	100255	101856
244	183752	160906	2828	65	30924	31524	200053	2	2546	100160	100456
245	158550	123439	3433	66	30321	30921	200053	5	3224	101755	101888	101187	101257	101363
246	88158.8	34316.7	4953	51	18872	20372	200054	4	4796	100250	100489	101265	100810
247	65479.5	69086.5	3423	46	20393	21893	200054	5	3283	100901	100300	100633	100054	100877
248	56280	71709.2	3629	60	20214	21714	200054	6	3457	101137	101131	101573	101666	100540	101623
249	105905	19333.8	2937	47	20881	22381	200054	2	2735	101870	100179
250	98292.3	70280.6	4290	64	13560	14160	200055	4	4116	100323	101692	101842	100478
251	173491	55608.2	2738	66	15116	15716	200055	2	2477	100609	101396
252	103105	27347.2	1608	50	16216	16816	200055	1	1335	101631
253	120622	79260.4	1334	53	16495	17095	200055	2	1160	100808	100861
254	126525	103827	4496	65	13356	13956	200055	5	4312	100308	100329	101055	100522	100055
255	129341	81797.6	1759	66	16095	16695	200055	1	1415	100506
256	105262	15604	4417	53	13412	14012	200055	6	4262	101480	101999	101923	100183	100440	100937
257	123933	60342.4	5376	58	12463	13063	200055	8	5205	101699	101711	100361	100103	100278	100702	100418	100320
258	79778.4	137883	2513	62	24933	25533	200056	4	2286	100186	101585	101464	100056
259	101544	168957	2957	34	24436	25036	200056	5	2786	100433	100639	101683	101549	101077
260	45204.6	127616	3916	66	23538	24138	200056	4	3678	100930	100940	101928	101894
261	72151	206629	4612	54	22819	23419	200056	7	4439	100621	100906	101610	101468	101340	101008	100776
262	72195.8	94880.3	3002	63	29246	30746	200057	3	2783	100840	101720	100108
263	58390.2	89184.5	5192	66	27062	28562	200057	7	5009	101141	101159	100960	100727	100655	100276	100617
264	63644.7	83296.9	2219	66	30035	31535	200057	1	1875	100378
265	75488.1	127685	2557	66	29697	31197	200057	2	2330	101722	101663
266	86216.6	102144	2337	60	29906	31406	200057	2	2082	101487	100968
267	39221.8	120707	5288	52	26939	28439	200057	6	5033	101615	100057	100721	101714	100992	100972
268	96328.6	138151	2084	59	22357	24157	200058	1	1771	100673
269	131631	112239	5214	30	19172	20972	200058	6	5107	100058	100603	100317	101704	100543	101586
270	107457	73969.4	4093	51	20332	22132	200058	7	3936	101612	101913	100778	100666	101353	101654	100896
271	140454	102670	5048	40	19357	21157	200058	8	4911	101303	101787	101624	101298	100607	101397	101751	101144
272	89075.7	98023.1	4621	61	19823	21623	200058	6	4453	100413	100969	100768	100249	100875	100588
273	38724.2	4682.04	1546	42	32762	33662	200059	2	1375	100892	100059
274	1963.93	54134.9	2390	62	31956	32856	200059	3	2085	100905	100386	101575
275	7440.54	45929.4	2313	66	32041	32941	200059	3	2117	101577	100117	101901
276	26464.5	37760.6	2124	53	32205	33105	200059	2	1974	101510	100723
277	63028.9	106950	4425	57	33812	35312	200060	6	4238	101706	100708	100876	100126	101147	100847
278	17812.5	122579	5248	55	32985	34485	200060	7	5086	100180	101940	100558	100834	100060	100851	101979
279	100760	140650	3410	21	34758	36258	200060	4	3310	101310	101786	101566	101744
280	67712.4	112515	5079	59	33162	34662	200060	3	4906	100598	101988	101110
281	209205	113346	2590	53	15239	16139	200061	4	2398	100414	100793	100799	100631
282	174212	136520	5158	46	12658	13558	200061	7	5010	100061	100610	100436	101957	101423	101475	101171
283	199610	199542	1920	66	15934	16834	200061	1	1576	101996
284	173631	149370	2061	29	34323	35523	200062	3	1956	100161	101076	100157
285	183768	133526	5136	63	31312	32512	200062	7	4967	101499	100763	101528	101537	100062	100865	100232
286	61261.7	112583	5325	64	28725	29925	200063	4	5138	101812	101880	100836	100063
287	95205.2	171763	5304	63	28744	29944	200063	6	5119	100641	101062	101343	101843	101170	100885
288	88057.3	143427	4482	58	29557	30757	200063	5	4314	100752	100515	101432	101876	100852
289	27464.5	80511.6	4638	65	13814	14714	200064	3	4462	100883	100064	101732
290	60472.1	63779.2	4926	65	13526	14426	200064	3	4745	100554	100881	101238
291	51670.1	115439	5146	64	13304	14204	200064	4	4964	100399	100415	100742	101977
292	39728.8	111517	1925	59	16516	17416	200064	1	1612	101319
293	63922.7	68252.8	4985	66	13469	14369	200064	3	4807	101002	101782	100233
294	70472.8	73753.1	3422	60	15021	15921	200064	3	3242	101178	101220	100787
295	42614.3	96753.5	2810	62	15636	16536	200064	3	2617	101064	100933	101082
296	42128.9	106858	1865	63	16583	17483	200064	1	1535	100664
297	12873.7	97555.6	4317	64	14133	15033	200064	5	4102	100322	100894	100720	101261	101700
298	181149	113155	3137	61	26107	27007	200065	7	2961	100765	101763	100454	101013	101660	101910	101835
299	200941	88708.8	2526	66	26728	27628	200065	6	2322	101142	100463	100932	100210	101725	101185
300	162917	99030.1	2384	54	26847	27747	200065	3	2224	101670	100065	101715
301	201950	31685.7	3050	66	26204	27104	200065	6	2875	101047	100527	100990	101632	100687	101006
302	153539	50137.2	5176	65	24076	24976	200065	6	5003	100889	100944	101020	101968	101584	101247
303	139778	67306.9	2765	62	26481	27381	200065	3	2543	101775	101728	101638
304	166315	101191	2315	52	26912	27812	200065	2	2047	100292	101357
305	41079.1	1615.57	1678	57	34459	35059	200066	2	1452	100718	100111
306	43526.1	19298	2308	52	33819	34419	200066	3	2126	100066	101883	100911
307	17576.9	40168.7	3132	35	32963	33563	200066	3	2959	100943	100397	101151
308	88835.4	156414	2883	37	21816	23616	200067	4	2755	101011	101371	101489	101407
309	101259	177137	3761	49	20961	22761	200067	5	3615	100067	101023	101646	101105	101712
310	55418.9	172635	3930	57	20807	22607	200067	5	3689	101865	100694	101733	100325	101604
311	67837.3	58827	4692	31	24195	25995	200068	4	4576	101439	100458	101719	101815
312	102736	7276.78	2827	13	26026	27826	200068	3	2750	100483	101156	100068
313	147398	19505.6	5219	60	31824	33024	200069	3	5037	101664	100187	100936
314	83050.1	51841.4	4113	64	32937	34137	200069	3	3918	101225	101250	101271
315	115301	16398.2	5172	63	31876	33076	200069	5	4925	101976	101248	100675	101831	100069
316	26312.1	99980	2311	60	29632	30532	200070	3	2061	101081	101091	100517
317	66706.1	86458.6	3149	62	28797	29697	200070	4	2909	100947	101459	101183	101211
318	8748.95	64956.1	4785	52	27142	28042	200070	6	4629	101069	101161	100174	100070	100155	100714
319	20438.4	108745	2391	66	29563	30463	200070	1	2047	101043
320	95244	61956.7	5248	65	26704	27604	200070	6	5064	101989	101446	100560	100416	100909	100218
321	33715.3	113837	3285	66	28669	29569	200070	4	3110	101280	100381	101284	101921
322	53390.8	117516	2396	54	29535	30435	200070	2	2233	100646	101596
323	57798.2	95611.2	1759	49	30163	31063	200070	1	1491	100338
324	70618.9	91370.4	3497	61	28447	29347	200070	5	3321	101203	101697	100492	100632	100428
325	143489	193164	4228	60	34015	35515	200071	2	4040	101622	101098
326	101180	156303	5432	64	32818	34318	200071	9	5258	101514	100954	100360	100636	101360	100470	100383	100071	100853
327	141161	192302	4709	65	33543	35043	200071	5	4518	101277	101942	101813	101962	100576
328	105727	172986	2696	59	35545	37045	200071	2	2531	101838	101909
329	50848.2	106969	3851	64	23899	25099	200072	3	3675	100918	100900	100502
330	41156	109993	1400	50	26324	27524	200072	1	1127	100535
331	37604.1	159236	3377	62	24369	25569	200072	4	3153	101028	100652	100379	101417
332	80076.2	127828	4136	61	23608	24808	200072	6	3963	100072	101540	101852	101379	100466	100353
333	39018.2	85290.3	2709	63	25039	26239	200072	3	2535	101918	100774	100261
334	98163.3	147365	2765	64	24985	26185	200072	3	2586	100331	100365	101793
335	135711	202770	2676	65	24476	26276	200073	2	2495	100780	101936
336	198572	184270	2500	64	24650	26450	200073	3	2316	100850	100245	100486
337	182026	132227	3973	63	23175	24975	200073	6	3799	101520	100304	101597	100806	101748	100552
338	143717	185989	2418	56	24717	26517	200073	5	2236	101674	100856	100467	101524	100602
339	127568	162474	2377	59	24764	26564	200073	3	2189	100650	100073	100579
340	191478	124731	3659	55	33674	35174	200074	6	3406	101544	100167	100375	100074	101828	100705
341	163350	174603	3281	63	34067	35567	200074	5	3031	101486	101502	100248	100504	100498
342	31577.7	123154	2122	65	16330	17830	200075	2	1788	101305	101478
343	21305.7	207249	4770	62	13676	15176	200075	8	4592	101919	100811	100482	101971	100938	100075	101038	100121
344	53538.4	141163	3232	66	15222	16722	200075	4	3054	100227	101428	100832	101337
345	15779.8	103928	3882	62	14564	16064	200075	6	3611	100468	101130	100170	100884	100967	101869
346	58306.3	166172	5212	51	26413	27013	200076	7	5063	100520	101557	101119	100370	100464	100789	101516
347	118468	200409	2049	50	29575	30175	200076	2	1904	101200	100076
348	92978	167554	3968	64	27682	28282	200076	3	3732	100942	101972	101085
349	17720.8	178352	2408	66	28946	30446	200077	1	2064	100814
350	59230.3	117771	2521	21	28747	30247	200077	3	2408	100732	101776	101552
351	38167.1	108615	4461	34	26832	28332	200077	6	4339	101907	100624	100077	101772	101797	101846
352	25300.3	164477	2254	66	29100	30600	200077	3	1977	101000	100211	100999
353	163771	41971.7	2286	65	28166	28766	200078	2	1957	100282	101946
354	195591	68675.5	2173	66	28281	28881	200078	3	1987	101574	100564	101330
355	200100	82429.1	2840	65	27612	28212	200078	5	2615	101351	101641	101107	101017	101644
356	168305	32690.8	2070	57	28367	28967	200078	4	1790	100078	100704	100807	100235
357	175280	45876.1	4257	65	26195	26795	200078	8	4081	101952	100735	101209	100387	100238	100749	100893	100216
358	190574	49196.5	3812	60	26631	27231	200078	6	3643	101841	101368	101318	101355	101543	101679
359	159082	20925	2325	65	28127	28727	200078	3	1993	100792	101029	101288
360	189090	42533.7	1951	66	28503	29103	200078	3	1703	101671	100219	101845
361	109594	72643.2	4785	57	14852	15452	200079	6	4619	101001	100570	100221	100935	100591	101477
362	65723	104319	5404	65	14248	14848	200079	5	5228	101470	100841	101493	101839	101819
363	105873	122691	4237	26	15341	15941	200079	4	4109	101048	101381	100691	100556
364	123956	110746	3988	43	15622	16222	200079	7	3797	101482	101286	101903	100220	100508	100079	101402
365	99456.2	82799.9	5496	63	22552	24052	200080	6	5316	101408	101336	100524	101068	101021	100312
366	88895	107560	3083	59	24958	26458	200080	2	2890	101096	100284
367	78314.3	120622	5034	66	23020	24520	200080	4	4838	101314	100983	101899	100878
368	113736	165305	2809	52	25218	26718	200080	2	2650	100525	100208
369	89915.9	134253	2258	66	25796	27296	200080	3	1961	101272	101792	100080
370	163879	99906.7	3172	52	24855	26355	200080	2	2902	101316	100773
371	151469	107437	1576	66	26478	27978	200080	1	1232	100541
372	117274	157148	3903	60	24140	25640	200080	4	3702	100955	100324	101987	100298
373	116863	92543.6	4066	62	23980	25480	200080	5	3899	100115	101074	101709	101188	101854
374	117715	173198	2952	56	16383	18183	200081	4	2775	100703	100106	101039	101393
375	130612	158041	4235	28	15047	16847	200081	6	4132	100472	101534	101349	100589	100561	100081
376	146595	188850	4985	56	14350	16150	200081	3	4826	101576	100196	100656
377	193524	208502	2058	66	17296	19096	200081	1	1714	100429
378	154112	21983.8	4951	66	29403	31203	200082	9	4768	101953	100618	101804	100700	101871	101950	100919	101796	100082
379	144243	35639.4	4530	48	29790	31590	200082	5	4384	100746	101375	100761	100388	100156
380	189706	77473.2	2375	65	31977	33777	200082	5	2074	101087	101963	100701	101192	100181
381	183838	57327.7	1820	66	32534	34334	200082	1	1476	101900
382	172087	58260.7	2559	64	31791	33591	200082	6	2377	101458	101771	101376	100695	101485	101490
383	206392	49575.9	1037	66	33317	35117	200082	1	693	101479
384	206873	75117.4	2361	55	31972	33772	200082	3	2111	101718	101607	100449
385	187859	73139.9	2987	64	31363	33163	200082	3	2816	101356	100184	100874
386	184290	118120	2286	61	29658	30258	200083	2	1986	101445	101302
387	165508	67885.4	2118	56	29817	30417	200083	3	1959	101708	100279	100319
388	180092	85439.5	4106	66	27848	28448	200083	6	3926	100945	100358	101451	100435	100994	101892
389	203718	123601	2025	66	29929	30529	200083	1	1681	100513
390	172305	83768.4	3177	61	28767	29367	200083	4	2934	101413	100827	100348	101198
391	198709	138067	3208	63	28740	29340	200083	4	2909	101682	100534	100173	101167
392	186976	52808.8	3640	64	28310	28910	200083	6	3362	100784	101174	101805	101652	100946	100873
393	184007	122791	2617	64	29333	29933	200083	4	2360	100988	100083	101882	100192
394	141315	177127	3112	64	22838	24638	200084	2	2819	100821	100712
395	105661	198883	2964	64	22986	24786	200084	4	2788	100671	101645	101207	101241
396	153113	161490	4539	62	21407	23207	200084	4	4361	100547	101810	101803	100084
397	206411	130877	3021	66	18733	19333	200085	5	2830	101932	101986	101267	100743	101169
398	210612	125095	2365	65	19387	19987	200085	1	2025	100364
399	187565	112812	3711	66	18043	18643	200085	4	3398	100499	100122	101881	101740
400	189177	105752	4591	64	17159	17759	200085	2	4295	101558	101233
401	149598	66897.8	3882	66	17872	18472	200085	6	3642	101951	100346	101686	100545	100731	101619
402	175597	43392.8	4967	61	16777	17377	200085	7	4797	100519	100812	101501	101148	100138	100514	100328
403	163164	79319	2228	65	19524	20124	200085	3	2047	101581	102000	101365
404	172961	91101.2	2175	65	19577	20177	200085	2	1991	101275	100085
405	41977.1	18734	4073	62	28173	28773	200086	5	3872	100693	100587	100839	101136	100086
406	48287.9	101515	2582	63	29666	30266	200086	3	2413	101399	101609	101897
407	43495.7	85762	2833	62	29413	30013	200086	4	2616	101246	101768	100663	100372
408	55397.2	72213.9	2335	57	29902	30502	200086	2	2125	100957	100580
409	42318.3	110773	2092	56	30143	30743	200086	2	1931	100133	101053
410	78583.7	60827.8	3014	56	29221	29821	200086	3	2827	100431	100501	101088
411	72485.2	78236.4	2191	58	30048	30648	200086	3	1937	100710	101041	101294
412	24201.8	104178	4623	65	27629	28229	200086	6	4447	101548	101324	100844	100252	101848	100869
413	86682	98910.9	3689	62	14757	15657	200087	3	3514	100956	100201	100407
414	104094	98803.9	4382	58	14057	14957	200087	4	4211	101925	101099	100888	100369
415	118467	66306.7	2325	59	16116	17016	200087	3	2030	101315	101617	101770
416	117791	153465	2615	47	15803	16703	200087	4	2382	101481	101182	101453	100087
417	152081	104764	4902	48	13518	14418	200087	5	4719	100797	101840	101140	101084	101438
418	89917.6	122769	4891	65	14761	16261	200088	8	4713	101436	100198	101997	101078	100286	101823	100270	100088
419	127849	98787.2	3643	47	15975	17475	200088	3	3493	101199	100977	101441
420	92743.6	61007.6	4714	65	14938	16438	200088	5	4533	101401	100205	101734	100368	101595
421	111186	70036.7	1934	59	17707	19207	200088	2	1678	101765	100277
422	105988	106863	4695	66	14959	16459	200088	5	4517	100465	100139	100240	100766	101049
423	75807.6	98381.1	1386	52	18241	19741	200088	2	1160	101580	100455
424	79618.8	76564.1	2776	65	16876	18376	200088	2	2551	100313	101352
425	88676.5	181128	4890	63	14758	16258	200089	6	4718	100402	101051	101759	100546	100491	100089
426	115560	148219	4763	57	14874	16374	200089	6	4576	100178	100798	101689	101551	100951	100532
427	120751	179784	4512	66	15142	16642	200089	4	4337	100484	101195	101556	101194
428	153846	28313.9	4601	49	22521	24321	200090	8	4458	100973	100654	100105	100927	101080	100549	101653	101362
429	196995	72942.3	2097	52	25030	26830	200090	3	1949	101465	100412	101749
430	183536	67911.8	2523	59	24618	26418	200090	3	2319	101431	101745	100923
431	182600	54097.4	2606	65	24546	26346	200090	3	2402	100146	100090	100283
432	163849	39035.7	2086	55	25047	26847	200090	3	1927	101205	100645	101201
433	190572	64335.1	2141	61	25003	26803	200090	6	1971	101518	100231	100349	100628	100616	100420
434	209521	67692.6	1682	57	25455	27255	200090	3	1469	100801	100986	100726
435	209357	42019.7	806	66	26348	28148	200090	1	462	100604
436	27222.3	34181.5	4808	56	17827	18427	200091	5	4527	100846	100802	100890	100823	101773
437	52554.7	51459.9	4423	64	18227	18827	200091	7	4247	101762	100091	101766	101118	101308	101269	101519
438	100539	148985	5288	54	26943	28743	200092	8	5123	100409	100109	101975	100739	101672	101509	100925	100333
439	43524.5	105864	5334	49	26888	28688	200092	5	5183	100984	101382	101588	101673	100974
440	5099.92	132152	4239	46	27977	29777	200092	6	4045	101954	101117	100092	101503	101291	101956
441	83373.6	101873	2202	53	36027	37527	200093	2	2036	100971	100093
442	49590.8	78994.3	4797	64	33453	34953	200093	3	4519	100709	101224	100966
443	72484.2	105242	5256	64	32994	34494	200093	4	5085	101026	100697	100294	100229
444	12619.1	111631	5386	60	32857	34357	200093	7	5214	101874	100309	100949	100728	100551	100191	101052
445	57072.4	82371.2	4321	65	33931	35431	200093	5	4145	101778	100838	101535	101158	101890
446	77408.5	147732	5236	53	23993	25793	200094	3	5075	100110	101969	101287
447	79470.3	164153	2527	39	26676	28476	200094	2	2400	100745	100267
448	2254.36	195211	2392	45	26822	28622	200094	1	2142	101492
449	87102	181085	5268	53	23961	25761	200094	2	5100	100864	100674
450	49798.6	164787	4921	59	24320	26120	200094	2	4748	101014	100770
451	73790	146910	2246	57	26991	28791	200094	1	1942	101995
452	84212.6	184305	2021	66	27233	29033	200094	2	1737	100275	101941
453	79875.3	156377	4569	52	24658	26458	200094	2	4379	101560	100094
454	54623.4	164769	4466	65	34086	35286	200095	3	4233	100095	101274	101312
455	34649.4	111062	3919	64	34631	35831	200095	8	3743	101398	100777	101364	101139	100976	100584	101830	101625
456	53454.8	170993	5211	52	33316	34516	200095	4	5052	100439	101822	101033	101322
457	99976.6	144070	5108	66	33446	34646	200095	2	4925	101547	100302
458	34235.3	115958	5225	51	18300	20100	200096	7	5074	101461	100651	100096	100582	100805	100239	100599
459	95071.6	119316	4016	61	19528	21328	200096	2	3791	101405	101434
460	45559.7	130339	4990	60	18553	20353	200096	6	4815	101945	100480	101743	100903	101328	100737
461	115178	139826	3117	61	20427	22227	200096	4	2941	101998	101685	100406	100781
462	67180.1	112064	4263	66	19291	21091	200096	8	4080	100194	100457	101433	101430	100511	101419	101539	101629
463	73627.2	128002	1408	63	22140	23940	200096	1	1078	100228
464	65298.8	90562.1	2753	51	20772	22572	200096	3	2513	101777	101781	101917
465	103610	78160.3	4911	66	25243	25843	200097	6	4733	100754	100578	101044	101599	101240	100953
466	96849.2	123301	5472	64	24678	25278	200097	6	5301	100662	100200	101127	100176	100280	100097
467	104967	110438	4241	58	25898	26498	200097	4	4073	100722	101578	100143	101605
468	133047	96787.2	3762	54	26369	26969	200097	5	3607	101466	100129	100868	100794	101675
469	87213.5	90044	2099	31	27988	28588	200097	2	1949	100961	101295
470	52057.7	173491	5346	52	20281	21481	200098	6	5198	100559	100872	101146	100528	100137	101474
471	107156	147307	4391	54	21240	22440	200098	8	4228	101163	101193	100575	100169	101747	101680	100098	100444
472	66668.3	102726	5316	42	20292	21492	200098	6	5130	100740	101889	100668	100342	101790	100581
473	60860	90960.9	4717	62	20929	22129	200098	6	4545	101321	100738	100260	100497	101276	100359
474	75410.9	120644	2272	5	23866	24466	200099	2	2213	100295	100572
475	93211.6	90045.1	5209	62	21037	21637	200099	5	5042	100230	100860	100596	101964	101173
476	136688	102073	4487	66	21767	22367	200099	6	4278	101317	101990	101476	100099	101377	100863
477	99327.9	143088	4901	65	21351	21951	200099	6	4725	101165	101829	100151	101126	100635	101698
478	59168.8	44518.7	2412	58	17227	19027	200100	3	2174	100790	101621	100620
479	12346.2	64442.3	1954	66	17700	19500	200100	5	1753	100334	101467	100665	100209	100269
480	52841.5	27375	3766	57	15871	17671	200100	5	3597	100199	101688	101027	100100	101783
481	41570.9	36006.5	1433	46	18183	19983	200100	1	1179	101726
482	8522.78	68499.2	1484	46	18132	19932	200100	2	1347	101741	100355
483	43497.2	30462.3	2035	63	17613	19413	200100	3	1772	100975	100649	101731
484	34250.4	49196.5	2615	62	17031	18831	200100	3	2440	100307	100318	101851
DIMENSION: 485
SOLVETIME: 503.531
DEPOT_SECTION
1
-1
EOF
