ID	X_COORD	Y_COORD	EP_ID	STUDENT_COUNT
100001	76398.7	116202	200001	4
100002	176972	161366	200002	4
100003	83697.1	31172.7	200003	4
100004	94459.8	198234	200004	1
100005	85357.8	174637	200005	2
100006	131939	116891	200006	4
100007	62878.8	73649.4	200007	2
100008	11896.2	209310	200008	3
100009	50746.4	119657	200009	27
100010	83780.3	1422.33	200010	2
100011	23193	186308	200011	3
100012	83181.1	203950	200012	10
100013	151547	151639	200013	11
100014	58731.2	198170	200014	32
100015	105623	90842.9	200015	33
100016	113471	115287	200016	4
100017	68192.9	58699.7	200017	1
100018	110723	134228	200018	4
100019	20783.6	200638	200019	1
100020	92869.7	108192	200020	5
100021	1908.03	174460	200021	4
100022	39387.6	99456.8	200022	3
100023	87969.9	152741	200023	3
100024	94843.6	149557	200024	2
100025	102490	200753	200025	10
100026	86359.6	91549.6	200026	5
100027	26255.3	205367	200027	1
100028	101180	38941.9	200028	19
100029	126355	61967.5	200029	2
100030	169653	52405.6	200030	38
100031	12775.3	168263	200031	2
100032	22584.4	183708	200032	29
100033	88726.1	98609.8	200033	5
100034	35483.9	131365	200034	2
100035	170949	70907.6	200035	12
100036	99209	127224	200036	4
100037	116522	51769.5	200037	11
100038	62494.5	17302.2	200038	1
100039	9569.17	207675	200039	2
100040	132935	82578.2	200040	2
100041	82043.7	85228.9	200041	12
100042	106254	129868	200042	6
100043	104521	124152	200043	5
100044	50379.1	206769	200044	15
100045	60629.3	155546	200045	37
100046	83583.6	75648.4	200046	4
100047	3809.98	69036.5	200047	43
100048	23567	174276	200048	4
100049	92770.3	124449	200049	5
100050	166221	49792.9	200050	3
100051	67514.3	35342.5	200051	5
100052	65167.8	89175.7	200052	3
100053	2989.71	105691	200053	5
100054	36842.4	158177	200054	61
100055	63159	57816.7	200055	2
100056	193152	131037	200056	28
100057	20078.7	206721	200057	32
100058	41722.9	12114.5	200058	4
100059	125705	112429	200059	26
100060	133510	58460.3	200060	63
100061	77674.4	137751	200061	19
100062	93240.5	46441.4	200062	4
100063	106078	34674.1	200063	3
100064	70818.5	66354.7	200064	5
100065	93352.7	62668.9	200065	5
100066	79608.5	31036.9	200066	2
100067	71544.6	42015.4	200067	16
100068	58178.1	61485.8	200068	4
100069	85705.6	135715	200069	39
100070	44974.5	155378	200070	1
100071	79575.1	77911.8	200071	11
100072	60953.3	87470.9	200072	4
100073	25810.5	40893.6	200073	5
100074	8752.12	187502	200074	4
100075	135196	34663.9	200075	2
100076	95109.1	89031.9	200076	3
100077	68662	122542	200077	25
100078	121352	67840.4	200078	3
100079	69752.2	58094.1	200079	5
100080	65692.8	198009	200080	38
100081	41427.6	175054	200081	1
100082	2126.62	23949.9	200082	5
100083	62484.6	9914.91	200083	4
100084	12499.6	163273	200084	5
100085	6410.35	44809.8	200085	41
100086	47411.2	155150	200086	1
100087	59257.7	119331	200087	5
100088	124467	37520.4	200088	19
100089	189823	36119.9	200089	11
100090	127686	181630	200090	5
100091	10679.8	204530	200091	2
100092	80257.4	173633	200092	47
100093	169525	197900	200093	3
100094	86014.2	147787	200094	4
100095	105321	76176	200095	13
100096	73483.4	380.92	200096	29
100097	204090	111608	200097	5
100098	115897	65317.7	200098	5
100099	36452	190721	200099	5
100100	60558.4	181098	200100	5
100101	80956.3	50033.6	200076	1
100102	49027.7	21399.5	200072	9
100103	84406.5	114447	200054	3
100104	47057.4	123860	200018	1
100105	57338.4	94059	200087	3
100106	205436	102120	200097	8
100107	74173.6	162616	200023	7
100108	72053.3	63257.6	200087	15
100109	110192	126576	200006	7
100110	39097.4	18731	200055	1
100111	78289.5	55310.9	200098	39
100112	126182	41689.8	200078	1
100113	165605	132530	200042	3
100114	96298.5	82384.7	200079	4
100115	111188	173721	200094	13
100116	159762	136036	200090	37
100117	163156	161547	200002	4
100118	39930.6	165572	200022	17
100119	4661.71	41804.8	200046	13
100120	35923	36105.7	200055	3
100121	62687.6	176388	200100	4
100122	53626.7	103634	200087	3
100123	80074.1	43786.5	200020	4
100124	126100	44340.6	200060	3
100125	193808	124358	200056	9
100126	200634	145475	200056	1
100127	112988	163356	200059	3
100128	168682	121091	200035	17
100129	72839.6	145114	200009	38
100130	4185.25	39281.8	200085	37
100131	79888.1	152544	200086	6
100132	156605	173396	200059	2
100133	33297.2	28214.7	200058	5
100134	146616	179940	200100	42
100135	20464.8	168981	200044	3
100136	29130.9	44465.6	200058	5
100137	65962.4	173458	200024	54
100138	47277.2	24352.8	200067	2
100139	41877.3	133409	200009	3
100140	114179	86548.8	200016	4
100141	154154	54482.4	200088	2
100142	169908	62527	200098	4
100143	139702	123018	200005	5
100144	38181.1	197219	200044	5
100145	73639.1	40551	200072	3
100146	165414	169524	200093	22
100147	127327	54828.9	200062	1
100148	158779	80263.9	200029	15
100149	54159.8	96084.1	200003	4
100150	168792	50994.1	200060	1
100151	18611.7	14356.9	200051	1
100152	119533	160101	200080	3
100153	125197	94205.8	200075	18
100154	203578	48508.3	200097	1
100155	190390	40587.8	200035	3
100156	189232	83437.9	200035	47
100157	145108	56234.8	200063	5
100158	63533.5	168910	200045	15
100159	140460	102539	200075	18
100160	149114	206439	200093	26
100161	158065	70994.6	200050	22
100162	185404	114600	200040	43
100163	135811	109066	200033	5
100164	116838	61304.7	200098	2
100165	121952	177372	200004	4
100166	51818.3	208918	200025	7
100167	118667	186480	200002	18
100168	168269	161149	200002	2
100169	38267.5	124190	200011	6
100170	149942	185593	200090	16
100171	49235.7	62075.1	200079	45
100172	152745	82651.7	200075	3
100173	121049	120040	200059	26
100174	171029	57367.6	200037	1
100175	154341	178549	200100	32
100176	120700	208142	200013	32
100177	56291.4	15459.7	200064	4
100178	210511	72730	200050	11
100179	180522	103923	200056	2
100180	53609.9	6448.56	200067	20
100181	76805.7	80026.8	200079	46
100182	142540	46957.8	200037	7
100183	145490	146576	200049	2
100184	59332.1	114284	200034	1
100185	123394	54889.6	200015	5
100186	71417.5	121852	200045	1
100187	72391.1	122096	200076	18
100188	110947	133903	200022	3
100189	51399.9	84484.8	200071	12
100190	129404	123756	200015	1
100191	102773	96692.7	200095	17
100192	17130	72034.3	200047	19
100193	37518.4	196083	200048	20
100194	50535.7	104676	200087	21
100195	159541	129984	200013	5
100196	140357	151760	200018	2
100197	115718	45287.4	200068	4
100198	146972	90334	200020	31
100199	11009	153739	200091	26
100200	135488	152197	200004	5
100201	120321	208372	200059	15
100202	147424	82771.4	200075	3
100203	80898.7	51985.9	200078	10
100204	189102	21520.5	200050	14
100205	57863.2	35860.2	200083	2
100206	80083.6	3138.93	200096	12
100207	125615	100147	200059	8
100208	42487.2	52301.3	200026	5
100209	89275.8	131740	200061	7
100210	12144.8	92298	200053	2
100211	35764.8	142389	200009	1
100212	91440.8	92242.1	200063	17
100213	150702	137453	200006	21
100214	118300	93081.8	200029	5
100215	104300	111187	200043	4
100216	68691.4	122809	200077	3
100217	107146	82638.1	200065	3
100218	85021.5	18198.4	200095	8
100219	151272	131792	200013	1
100220	152111	119810	200042	3
100221	176735	158190	200005	1
100222	149015	160483	200006	28
100223	162464	147553	200016	30
100224	98846.5	166259	200080	9
100225	57417.4	200837	200023	4
100226	89219	152599	200041	38
100227	80968.2	198923	200081	3
100228	171264	200255	200004	1
100229	126692	130400	200013	14
100230	100408	111432	200036	2
100231	36983.7	32372.2	200064	20
100232	135299	170111	200006	3
100233	119818	130753	200059	2
100234	123607	106038	200013	3
100235	108727	69093.2	200042	5
100236	144163	158752	200094	5
100237	139555	124924	200042	2
100238	75435.5	114253	200020	5
100239	119136	51601.7	200088	16
100240	205879	75905.4	200050	2
100241	153503	183581	200002	4
100242	163344	143184	200059	4
100243	192322	113096	200056	3
100244	34100.2	10009.2	200067	5
100245	104832	39258.6	200020	26
100246	149837	21785.2	200060	16
100247	166844	132560	200006	1
100248	184627	167236	200090	5
100249	101382	172637	200018	2
100250	33655.9	91830.4	200055	2
100251	21993.3	132823	200084	5
100252	11136.7	203172	200011	14
100253	82807.6	179738	200061	1
100254	148347	164822	200016	1
100255	31417.5	68935.4	200073	3
100256	76444.9	146003	200014	3
100257	103927	176767	200090	44
100258	131292	71711.4	200076	9
100259	39077.4	104771	200052	5
100260	49796.7	166408	200100	4
100261	70707.8	159680	200002	5
100262	86827.3	189158	200023	4
100263	65115.9	165002	200024	27
100264	122995	92503.7	200013	3
100265	167600	145407	200090	2
100266	178825	36163.8	200050	5
100267	169978	158499	200013	1
100268	140741	126701	200033	1
100269	165188	97464.3	200056	24
100270	120630	210590	200100	60
100271	149359	189271	200012	34
100272	80597.9	109643	200041	12
100273	142736	174169	200005	3
100274	107359	145754	200013	4
100275	22753.3	114024	200048	2
100276	79451.9	115603	200016	3
100277	132025	144945	200005	27
100278	140814	179103	200092	2
100279	84987.1	113548	200034	33
100280	25043.8	32559.7	200038	3
100281	103779	160414	200023	1
100282	40111.3	11797.5	200083	2
100283	142743	49442.2	200030	17
100284	181442	36135.6	200089	46
100285	168694	51057.2	200030	9
100286	166596	72527.5	200078	3
100287	145741	137754	200006	30
100288	40846.1	187326	200019	15
100289	119670	82589.3	200075	3
100290	169104	111678	200040	22
100291	113476	130890	200016	2
100292	87582.7	155290	200094	1
100293	94857.7	133532	200036	51
100294	95851.7	38936.2	200088	10
100295	139362	176810	200090	1
100296	140903	181257	200004	22
100297	162258	147483	200002	5
100298	138520	194507	200025	5
100299	19119.3	11294.6	200083	7
100300	100945	165900	200002	50
100301	72419.6	32779.3	200066	18
100302	127688	105967	200052	2
100303	17099.4	114843	200087	5
100304	78628	170227	200090	5
100305	108608	151188	200042	1
100306	72191.9	62784.5	200079	3
100307	73370	137074	200080	5
100308	114972	144455	200016	5
100309	185827	63036.9	200050	1
100310	33495.5	56282.4	200053	1
100311	30534.3	25266.3	200055	4
100312	178904	75646.6	200097	4
100313	2310.51	189961	200008	4
100314	112263	82794	200029	1
100315	127666	102840	200088	4
100316	97942.1	145318	200012	4
100317	164538	121861	200097	18
100318	132631	91482.4	200043	14
100319	79460.2	89483.2	200003	36
100320	55463.7	28204.4	200083	5
100321	171303	95929	200050	6
100322	88712.9	156068	200018	3
100323	178206	97650.8	200056	4
100324	37279.2	189220	200048	5
100325	112907	198446	200025	4
100326	148132	203572	200093	5
100327	31321.1	53522.1	200064	5
100328	191974	186382	200093	15
100329	39129.5	139210	200047	4
100330	124647	121368	200005	3
100331	16222.2	56424.1	200058	2
100332	26920.6	68285.5	200073	1
100333	158351	154100	200059	3
100334	81857.7	79658.4	200076	16
100335	84929.1	142142	200065	24
100336	2796.38	12740.3	200085	5
100337	8389.55	177069	200057	1
100338	173031	54494	200063	24
100339	54317.7	38284.7	200038	5
100340	113432	21100.4	200030	61
100341	71577.8	47788.8	200003	10
100342	116506	117247	200036	23
100343	130697	135933	200033	1
100344	187061	42727.5	200050	5
100345	74320.7	178278	200044	1
100346	159684	53602.7	200060	20
100347	100057	167104	200070	9
100348	5259.02	64464.7	200038	4
100349	113271	201554	200025	10
100350	111872	85529	200095	13
100351	83739.7	188502	200002	2
100352	53710.2	81738.6	200041	14
100353	45374.8	20901.3	200010	3
100354	94924	13904.7	200096	1
100355	70669.1	24277.8	200095	5
100356	170239	185938	200090	2
100357	118561	91989.8	200040	4
100358	122828	138352	200040	9
100359	99437.5	36464.5	200063	17
100360	115507	103902	200076	37
100361	155852	95134.3	200015	6
100362	38844.6	142973	200009	5
100363	30600.8	36783.8	200073	2
100364	134207	104524	200088	4
100365	57156.9	91673.9	200047	5
100366	114422	165822	200006	56
100367	88194.4	172078	200014	2
100368	97326.1	141780	200059	2
100369	160335	136854	200013	17
100370	142211	28237	200050	17
100371	122582	172525	200094	5
100372	127757	184730	200004	4
100373	134117	70069.2	200088	1
100374	131349	30317.7	200063	4
100375	93887.2	36068.5	200020	21
100376	111495	167930	200059	22
100377	156478	130845	200090	6
100378	104690	165504	200099	15
100379	153651	151775	200059	2
100380	131466	158995	200004	32
100381	43820.5	109945	200076	4
100382	150869	68096.3	200063	5
100383	209581	54808.9	200056	5
100384	84464.6	178508	200002	4
100385	99286	27073.6	200030	1
100386	110210	141921	200094	5
100387	86575.6	74281.8	200095	4
100388	169207	147185	200059	20
100389	71370.4	197120	200025	14
100390	101733	41962.9	200003	11
100391	81526.5	193006	200094	4
100392	58662.3	206877	200012	17
100393	112819	74700.9	200088	5
100394	89895.6	10068.9	200062	3
100395	69860.2	128832	200077	25
100396	183000	209981	200004	4
100397	125818	165102	200043	1
100398	136473	180778	200006	28
100399	172281	67146.3	200075	44
100400	59900.6	94324.7	200046	35
100401	34888.2	135954	200069	17
100402	64154.6	141668	200042	16
100403	181578	32913.2	200050	26
100404	109448	1565.68	200083	27
100405	137142	542.08	200089	26
100406	101503	86496.5	200065	5
100407	151736	161485	200040	3
100408	45613.1	40561.3	200095	5
100409	88727.7	67020.9	200017	20
100410	181381	105382	200097	36
100411	117893	75748.2	200068	41
100412	91588.2	42283.1	200003	26
100413	127122	158529	200004	2
100414	166447	75918.4	200050	62
100415	170204	66149.4	200098	21
100416	48349.8	109872	200055	2
100417	152508	30129	200050	28
100418	22020.4	55855.1	200067	2
100419	131650	193625	200093	5
100420	103264	107835	200076	1
100421	74297.2	159945	200002	44
100422	81445.3	51420.6	200028	4
100423	108253	78386.8	200007	4
100424	94298.7	200865	200081	5
100425	172698	118047	200016	4
100426	11686	134667	200034	1
100427	185699	106154	200060	5
100428	36585.6	170525	200044	1
100429	107588	176028	200061	3
100430	164317	149448	200016	3
100431	183663	50296.6	200060	1
100432	132877	73931.5	200035	4
100433	49733.2	21573.2	200038	4
100434	104627	139572	200023	2
100435	76401.6	54167.4	200076	2
100436	97905.4	80551	200065	45
100437	78628.3	169195	200045	1
100438	152624	46129.4	200063	21
100439	103260	192054	200070	1
100440	120473	101807	200016	4
100441	121529	54639	200015	26
100442	103756	45200.8	200046	38
100443	160068	158843	200090	3
100444	113102	1211.66	200083	19
100445	63398.7	100810	200072	2
100446	136713	105605	200013	27
100447	117490	61696.3	200020	13
100448	167211	66798.2	200078	23
100449	99000.1	202375	200004	1
100450	64286.9	80982	200087	20
100451	106047	62100.8	200033	12
100452	112237	32046.8	200028	4
100453	186116	195990	200093	4
100454	133292	1742.33	200030	21
100455	89591.1	201710	200100	4
100456	89015.2	169286	200023	5
100457	174154	45286	200060	15
100458	92057.7	44869.1	200078	4
100459	94236.4	132382	200020	3
100460	96921.1	176549	200049	17
100461	106869	175627	200049	5
100462	55087.6	33460.2	200067	13
100463	84797.3	112872	200020	20
100464	83534.7	136089	200099	9
100465	117775	70959.6	200050	5
100466	58498.3	189138	200057	16
100467	132542	62991.6	200030	15
100468	36408.8	77562.7	200007	19
100469	29800.1	44912.3	200082	5
100470	62610.3	172821	200022	5
100471	109650	85341.3	200095	1
100472	76119.4	134288	200044	31
100473	142183	107747	200043	1
100474	190718	72416.3	200035	1
100475	184901	175441	200090	7
100476	105036	97802	200087	4
100477	141417	68366.1	200098	5
100478	57290.4	187881	200021	3
100479	135620	67016.6	200029	5
100480	126293	112326	200078	5
100481	138586	143545	200002	4
100482	186429	90505.4	200050	27
100483	187487	192676	200093	3
100484	140880	186872	200100	24
100485	957.31	174295	200008	44
100486	148462	94802.1	200020	4
100487	80861.1	94950.6	200070	1
100488	73184.6	102032	200034	11
100489	116869	159530	200006	36
100490	160814	65779.4	200098	3
100491	7419.2	54376	200067	26
100492	123977	122704	200005	4
100493	168367	65006.3	200060	8
100494	144825	97754.8	200016	1
100495	158786	172142	200059	13
100496	207788	160503	200097	4
100497	6762.82	87492.6	200073	29
100498	91401.8	94483.4	200052	22
100499	58601.8	41047	200003	4
100500	106781	105374	200029	54
100501	58387.4	71361.3	200020	2
100502	117492	76374	200015	24
100503	70803.5	92675.1	200054	2
100504	128844	208105	200005	4
100505	35484.3	54803.2	200064	1
100506	157776	167977	200002	27
100507	149703	132454	200043	1
100508	186860	204759	200093	18
100509	204025	82625.6	200056	25
100510	77786.8	48728.5	200062	3
100511	107072	117086	200018	31
100512	197512	193634	200093	5
100513	198064	57331.8	200035	7
100514	123474	150606	200100	23
100515	121861	91484.8	200018	5
100516	185937	196571	200004	19
100517	125314	155687	200090	3
100518	115919	82897.9	200040	10
100519	73725.6	4050.81	200051	2
100520	142	66819.8	200055	5
100521	103451	121087	200061	3
100522	105469	60634	200028	20
100523	97262.1	77156.5	200072	1
100524	3708.25	154863	200009	4
100525	67056	119791	200033	4
100526	189427	86607.9	200050	58
100527	10149	54992.3	200073	33
100528	109007	38914.1	200046	3
100529	111462	145005	200002	25
100530	162344	83418.6	200097	10
100531	85274.1	18278	200028	1
100532	43321.2	19174.7	200085	5
100533	90021	90653.3	200078	26
100534	114357	167716	200023	27
100535	93679.2	39683.3	200062	47
100536	100505	100451	200070	4
100537	75181.8	82982.7	200015	23
100538	131497	169066	200002	58
100539	89150.2	105330	200077	3
100540	114215	134722	200040	5
100541	100867	158062	200001	30
100542	35778.1	142208	200099	1
100543	18318.2	66140.7	200007	2
100544	87476	175297	200005	8
100545	30116.3	95413.2	200026	2
100546	56303.3	61504.4	200053	5
100547	134336	124971	200042	39
100548	136000	101391	200059	1
100549	7638.08	61403.7	200038	1
100550	139466	117915	200040	4
100551	168053	207602	200004	9
100552	68612.8	98627.8	200015	5
100553	83313	61010.7	200037	4
100554	124318	103453	200098	25
100555	118938	79279.6	200098	56
100556	180386	151675	200059	4
100557	20851.1	8008.75	200058	20
100558	125847	115849	200029	38
100559	186636	163662	200005	1
100560	94511.7	207064	200081	35
100561	176853	59500.7	200078	11
100562	182908	129395	200056	2
100563	17597.2	12609.8	200096	32
100564	61325.9	51868.3	200095	15
100565	87222.6	137977	200099	2
100566	37578.1	7787.19	200083	31
100567	50211.7	141800	200086	5
100568	28921.8	168381	200099	2
100569	136863	179336	200013	18
100570	35635.1	93855.1	200052	31
100571	126243	61531.9	200060	1
100572	40064.1	116319	200055	20
100573	95279	101794	200001	2
100574	54687.9	31078.5	200003	5
100575	302.86	33095.7	200038	3
100576	115422	125383	200070	50
100577	130927	59080.7	200075	5
100578	22589.7	23829	200085	21
100579	127534	32119.8	200095	3
100580	168335	26331	200060	5
100581	54175.3	173072	200009	2
100582	94754.1	159186	200090	4
100583	175691	96168.3	200056	2
100584	86181.4	58223.3	200028	4
100585	63450.7	205282	200091	5
100586	65927.1	160732	200086	8
100587	74090.1	143095	200006	10
100588	24369.9	64244.4	200055	2
100589	1213.24	5028.81	200082	3
100590	145310	125812	200005	26
100591	105181	96318.1	200018	11
100592	91723.4	49173	200020	2
100593	156937	41352.4	200035	10
100594	139088	76211.5	200015	5
100595	85423.9	140859	200014	7
100596	119069	31175.5	200075	3
100597	72611	57511.9	200051	3
100598	129543	96775.6	200078	1
100599	123358	66404.9	200030	44
100600	151795	144491	200005	36
100601	183960	93837.4	200050	5
100602	61315	80871.7	200020	42
100603	8049.39	152734	200011	2
100604	72820.9	24990.8	200079	3
100605	130639	54434.8	200020	5
100606	97123.3	120987	200080	5
100607	112014	151923	200090	4
100608	151995	181089	200023	5
100609	17195.7	34212.7	200085	14
100610	78068.6	35400.9	200017	1
100611	67154	162630	200094	5
100612	158418	148356	200059	3
100613	112247	155779	200069	4
100614	45823.9	99194.6	200055	3
100615	119123	169704	200061	1
100616	27117.2	96882.6	200082	4
100617	20886.2	109319	200053	3
100618	168190	136634	200016	19
100619	208512	96430.4	200097	29
100620	80125.9	30083.9	200071	35
100621	58485.1	38326.3	200083	4
100622	18393.4	151674	200084	5
100623	105962	152401	200059	22
100624	124537	116866	200001	4
100625	80874.3	180505	200090	30
100626	83360.5	129658	200041	4
100627	140629	129341	200042	3
100628	114736	166890	200002	45
100629	117165	102652	200033	38
100630	79475.2	74448.3	200088	3
100631	67953.7	136004	200034	2
100632	165819	74951.8	200075	3
100633	173122	203086	200004	59
100634	106290	125138	200076	3
100635	105734	65167.4	200028	5
100636	152975	111660	200035	22
100637	91883.8	182932	200025	10
100638	123947	53764.4	200075	41
100639	46702.7	31024.8	200071	2
100640	88790.8	80691.6	200018	20
100641	115528	100637	200006	16
100642	83557.3	104269	200054	8
100643	24407.7	141019	200031	4
100644	184713	71235.8	200075	26
100645	134194	58354.1	200040	5
100646	202298	36311.5	200089	22
100647	167269	50289	200078	2
100648	160063	90427.5	200097	10
100649	51357.7	107710	200071	21
100650	70496.9	69976.1	200052	22
100651	122352	74885.8	200040	17
100652	84637	19045.6	200096	5
100653	209292	95272.1	200056	4
100654	94330.2	190648	200014	27
100655	45235.5	47119.5	200007	4
100656	98542.2	75777.2	200065	2
100657	108217	209564	200061	39
100658	122170	165551	200049	5
100659	39780.8	63625.8	200046	14
100660	71392	46627.1	200017	55
100661	115398	464.91	200098	4
100662	55327.7	76498.4	200065	4
100663	92987.3	62396.9	200063	2
100664	154182	177093	200002	4
100665	130371	182628	200023	27
100666	2894.32	198780	200081	19
100667	82308.8	55419.4	200098	2
100668	108508	32800.9	200029	32
100669	145986	62755.5	200078	4
100670	109234	118717	200070	1
100671	32289.2	70450	200073	11
100672	155999	15747.4	200050	4
100673	130244	168885	200012	1
100674	156780	196469	200004	5
100675	160691	179933	200093	5
100676	91940	187691	200036	1
100677	168605	112443	200097	28
100678	54754.2	55020.5	200007	15
100679	52257.4	14949.5	200058	20
100680	149909	91403.5	200037	4
100681	68240.9	4713.34	200058	1
100682	78995.5	176497	200009	34
100683	16787.2	91006.3	200032	4
100684	170494	87270.8	200050	6
100685	27726.4	132035	200001	4
100686	115975	88394.6	200028	23
100687	113631	197038	200090	10
100688	72047.9	169707	200044	15
100689	101587	47471.3	200066	6
100690	158520	190450	200002	5
100691	2850.01	70167.9	200082	5
100692	32338.1	104541	200054	13
100693	133428	151405	200042	4
100694	125929	71837.2	200035	29
100695	159255	91187.5	200060	1
100696	17947.6	36939.8	200038	1
100697	91250	103661	200040	4
100698	107193	163911	200018	1
100699	62987	118085	200041	21
100700	150285	95557.2	200035	3
100701	164543	71179.1	200075	2
100702	135037	141891	200005	46
100703	143411	147035	200090	23
100704	90683.9	73010.3	200088	3
100705	84718	143949	200087	21
100706	58105.2	14097.6	200064	5
100707	41580.7	127742	200087	29
100708	99897.2	113975	200033	4
100709	119550	124335	200037	33
100710	118323	10960.5	200063	2
100711	106922	64974.2	200075	15
100712	20198.6	104559	200087	1
100713	72939.1	76211.8	200015	1
100714	128873	143910	200036	5
100715	5677.46	186502	200084	9
100716	163837	40592.1	200060	13
100717	116455	27840.8	200028	18
100718	102327	150307	200043	55
100719	97018.5	204827	200025	11
100720	86922.3	60395.9	200063	2
100721	159265	202254	200012	39
100722	158648	19195.8	200060	3
100723	143027	30068	200088	18
100724	126505	107669	200088	2
100725	20864.6	189360	200099	14
100726	75835.4	168266	200045	5
100727	104933	147162	200042	2
100728	177522	121140	200056	16
100729	97787.1	144015	200002	1
100730	129591	61327.4	200029	3
100731	34197.9	142670	200084	2
100732	85248.9	103523	200070	11
100733	70388.9	128731	200065	2
100734	145067	191687	200005	4
100735	90792.8	156691	200054	32
100736	104451	2758.62	200063	12
100737	33403.2	133609	200022	11
100738	17722.7	31261.5	200038	2
100739	184186	87083	200097	1
100740	208490	44296.6	200089	13
100741	182116	75726.7	200060	1
100742	157336	69080.4	200098	4
100743	87186.8	91627.3	200049	42
100744	142650	173418	200061	5
100745	19401.6	112849	200048	2
100746	60641.1	164148	200022	22
100747	83751.6	124599	200018	2
100748	41258.4	73574	200082	2
100749	81774	97509.7	200033	4
100750	50420.9	30119.9	200003	2
100751	186919	119792	200056	8
100752	105660	60615.6	200060	19
100753	120727	87091.4	200016	4
100754	98885.7	76074.5	200079	2
100755	120099	97083.3	200040	15
100756	89336.3	144728	200033	4
100757	22705.3	159327	200031	38
100758	125045	61239.4	200015	2
100759	86797.4	182474	200019	28
100760	121121	171358	200090	1
100761	98977.8	202055	200081	5
100762	27698.3	37030.5	200053	5
100763	88935	82626.4	200041	10
100764	122560	146172	200090	1
100765	124007	154797	200018	5
100766	124878	67980.8	200098	45
100767	124425	12826	200051	59
100768	52677.2	84813.8	200066	5
100769	122050	40548.7	200028	55
100770	79957.2	159625	200043	53
100771	156159	88919.5	200015	2
100772	49066.3	47876	200083	1
100773	111351	185914	200005	4
100774	79875.8	201041	200070	45
100775	96685.5	174274	200086	26
100776	166774	163615	200093	1
100777	67528.8	8059.66	200003	2
100778	152680	158862	200005	19
100779	92797.1	42894.4	200088	14
100780	159542	163191	200093	15
100781	116282	4414.4	200010	2
100782	195492	194228	200093	33
100783	97520.3	49163.8	200046	14
100784	88697.6	6698.17	200062	5
100785	147748	159761	200002	5
100786	125936	62128.6	200060	4
100787	125430	115032	200075	46
100788	63272.7	2381.64	200085	26
100789	145848	143102	200049	34
100790	68821.3	83194.5	200068	7
100791	111074	159020	200090	12
100792	80384.6	96865.6	200053	4
100793	159124	52746.7	200035	3
100794	125721	112659	200052	22
100795	78198.8	203926	200014	4
100796	170914	172506	200005	1
100797	171133	83415.1	200056	3
100798	197101	63286.1	200056	61
100799	65922.8	55839.8	200003	5
100800	14951.1	57159.1	200067	7
100801	123985	137003	200043	1
100802	61568.1	37315.2	200072	5
100803	64064	64854.9	200055	18
100804	136167	7331.32	200089	24
100805	162789	155786	200090	5
100806	88853.8	78549.5	200028	4
100807	32530.2	99572	200047	1
100808	43108.6	13953.2	200067	3
100809	84350.6	110817	200094	5
100810	185826	209332	200093	3
100811	50053.8	49645	200003	2
100812	97506.4	152944	200036	3
100813	60304.5	113577	200045	20
100814	20476.4	192033	200027	16
100815	74680.1	64844	200066	2
100816	138180	140586	200024	5
100817	150284	27260.7	200062	16
100818	114357	145331	200005	30
100819	73617.6	175571	200031	5
100820	99125.1	45193.6	200029	2
100821	8939.35	149615	200032	4
100822	5790.35	56463.4	200058	6
100823	110448	136951	200015	1
100824	43098.7	95831.6	200055	27
100825	157370	193270	200090	5
100826	145487	199670	200005	5
100827	127197	131817	200018	1
100828	136210	63783.3	200062	1
100829	26470.3	117925	200034	5
100830	209329	83488.4	200097	6
100831	106376	23910.3	200037	23
100832	41534.5	67838.3	200068	4
100833	44189.7	36790.9	200067	5
100834	169975	184342	200004	1
100835	11929.2	175966	200048	1
100836	121674	61525.1	200066	5
100837	49384.8	160366	200034	18
100838	90386.3	126680	200015	5
100839	203650	111636	200097	6
100840	93635.9	49601.2	200076	2
100841	101406	162149	200045	1
100842	121994	208315	200005	35
100843	113824	23682	200028	46
100844	101915	5502.2	200096	28
100845	111491	97401.2	200052	28
100846	122622	91286.3	200041	3
100847	117557	160896	200080	63
100848	82041.2	101325	200068	4
100849	96096.5	141877	200022	15
100850	201644	126757	200056	5
100851	154663	62635.2	200063	4
100852	177271	56916.3	200075	22
100853	57129.4	125090	200069	1
100854	80044.6	72816.6	200046	8
100855	104454	162253	200033	8
100856	100581	65481.9	200003	7
100857	101828	16239.6	200098	35
100858	146003	96625.1	200037	5
100859	128471	134451	200049	3
100860	159012	75006.7	200035	15
100861	101369	98916.9	200028	11
100862	89689	149971	200001	3
100863	177497	91882.4	200056	5
100864	154886	189381	200004	1
100865	3162.67	66534.9	200082	5
100866	21707.3	129182	200048	40
100867	129772	146297	200061	1
100868	90599.6	163680	200001	2
100869	67274.8	156728	200054	1
100870	158081	31951.7	200028	2
100871	2263.29	136681	200047	19
100872	85318.2	188712	200099	5
100873	154277	70315.8	200063	4
100874	138815	29330.4	200098	4
100875	94046.6	169382	200024	3
100876	99740	34825.3	200015	3
100877	35910.5	39564	200003	26
100878	49847.4	72587	200026	12
100879	193915	36344.2	200089	27
100880	10019.8	52206.8	200047	2
100881	132818	170838	200012	5
100882	209880	102872	200056	18
100883	178189	42108.2	200089	3
100884	137702	135837	200013	5
100885	132452	197692	200080	5
100886	70425.3	71485.7	200088	1
100887	104605	205644	200012	5
100888	37849	185761	200021	5
100889	129766	78760.1	200028	3
100890	166124	24459.1	200060	30
100891	76934.2	206400	200019	4
100892	147816	54273.5	200037	31
100893	149768	99896.9	200016	2
100894	12935.2	61230.5	200082	2
100895	93254.8	95103	200065	2
100896	18584.8	124859	200048	25
100897	122010	89821.7	200078	42
100898	66900.8	44934	200046	10
100899	141858	96364.6	200035	3
100900	16613.9	11654.1	200083	29
100901	73589.8	1368.64	200017	17
100902	129556	69879.9	200060	32
100903	90310.8	67477.4	200052	2
100904	72593.9	59283.4	200065	5
100905	120754	180906	200014	2
100906	179921	69678.8	200078	23
100907	161616	102228	200050	4
100908	131675	99609.2	200033	5
100909	29582.1	204372	200008	18
100910	145978	104257	200078	57
100911	103316	89095.5	200018	4
100912	135764	101348	200015	1
100913	146548	136670	200005	22
100914	130539	129688	200049	5
100915	179732	28889.5	200060	2
100916	117161	118882	200088	1
100917	71876.6	34548.9	200038	5
100918	503.41	44538.9	200067	3
100919	168437	84304.4	200050	2
100920	176373	97452.7	200097	1
100921	131602	42662.8	200029	21
100922	55635.3	107117	200044	2
100923	99497.8	133078	200024	30
100924	95749.8	159981	200054	4
100925	177088	188295	200004	5
100926	89433.2	97469.9	200037	9
100927	118831	70020	200068	3
100928	44349.7	145965	200069	1
100929	130760	19492.1	200062	3
100930	64982.4	63358	200079	2
100931	95691	79263.7	200065	17
100932	94346.3	131273	200059	3
100933	122751	108608	200005	5
100934	33044	138511	200086	12
100935	134906	12580.1	200010	10
100936	45779.6	148937	200009	25
100937	194739	191415	200093	1
100938	119863	76093.1	200052	32
100939	72480.2	7486.64	200095	3
100940	92658.9	89389.6	200024	3
100941	108885	108916	200036	30
100942	72081.9	86960.4	200046	59
100943	164554	53630.7	200029	4
100944	120239	92547.6	200013	3
100945	2823.51	43382.8	200085	29
100946	62820.3	8723.13	200051	3
100947	49817.4	114949	200024	4
100948	118544	55033.3	200068	16
100949	149171	93869.3	200015	3
100950	113902	115536	200094	4
100951	164411	148725	200013	36
100952	70603.7	208910	200081	16
100953	119939	83352.7	200015	27
100954	100332	203574	200092	4
100955	157105	182454	200093	24
100956	104813	161011	200018	7
100957	98497.1	144930	200069	3
100958	127464	93872.6	200063	4
100959	186900	63367.5	200056	5
100960	146680	81270.4	200088	5
100961	97511.9	67714.3	200028	2
100962	87380.6	38117.3	200079	4
100963	73213.6	128163	200022	3
100964	190203	71566.3	200060	5
100965	49982.6	158087	200081	4
100966	105204	128642	200001	1
100967	79031	140023	200018	15
100968	45843.9	34305.5	200017	4
100969	98265.9	120746	200015	30
100970	134868	204581	200012	4
100971	35699.2	38031.9	200083	12
100972	92926.4	170437	200049	26
100973	157344	162065	200090	5
100974	54835.6	100228	200068	4
100975	117270	96383.9	200043	30
100976	141236	146264	200002	1
100977	134418	68761.3	200050	27
100978	104917	19496	200010	7
100979	155883	80083	200015	15
100980	133299	178814	200012	5
100981	35313.1	104886	200041	30
100982	56161.4	4949.76	200082	1
100983	141345	55703.9	200028	13
100984	16116.1	35279	200085	22
100985	159232	193208	200002	10
100986	66966.1	43869.6	200055	34
100987	141843	60992.9	200098	5
100988	134590	53354.4	200037	23
100989	162460	177730	200090	47
100990	91343.4	91706.9	200049	1
100991	201346	153962	200097	51
100992	55247.5	170034	200094	60
100993	154835	155386	200016	21
100994	34361.6	82500.1	200047	16
100995	26115.2	97327.7	200053	5
100996	79120.1	192395	200019	19
100997	39252.2	133142	200031	2
100998	48265.1	135616	200022	15
100999	41928.4	161414	200031	4
101000	117416	108609	200006	14
101001	152504	164451	200093	4
101002	62937.9	48287.9	200096	21
101003	129161	119069	200059	28
101004	164022	13454.9	200035	1
101005	83912.5	103051	200065	4
101006	106179	140095	200042	4
101007	93434.6	149731	200013	15
101008	100590	70325.5	200066	3
101009	58405.1	9975.72	200085	19
101010	130717	96700.2	200020	10
101011	33698.4	126446	200069	40
101012	87836.1	88308.1	200076	2
101013	81518.8	84541.1	200078	2
101014	205405	113278	200056	22
101015	82917.1	29995	200038	7
101016	145283	119352	200043	12
101017	150047	78256.9	200063	9
101018	31197.6	206112	200008	2
101019	37114.3	38130.9	200085	4
101020	106329	96936.5	200062	14
101021	131496	75099.8	200075	1
101022	41389.5	180131	200019	6
101023	184011	186780	200093	2
101024	69233.2	87730.9	200079	1
101025	147899	98540.4	200050	1
101026	79362.7	13439.1	200051	5
101027	142522	33124.2	200062	31
101028	124373	57378.8	200017	4
101029	75939	173740	200061	37
101030	30530.9	41432.8	200085	21
101031	61877.8	134767	200094	8
101032	117209	29786.8	200095	7
101033	54219.7	84922.7	200071	2
101034	133051	165361	200004	1
101035	125661	106015	200018	4
101036	186092	75879.1	200050	6
101037	138862	170543	200090	2
101038	160559	144080	200059	11
101039	81420	100353	200034	5
101040	147749	94266.1	200029	8
101041	32945.1	179597	200057	16
101042	104170	97677.3	200028	48
101043	97395.7	122142	200016	1
101044	134248	124845	200006	5
101045	133876	98089	200016	4
101046	163796	144661	200090	4
101047	111180	180090	200090	1
101048	13920.8	38111.1	200058	26
101049	87424.5	138783	200001	27
101050	93563.6	128600	200080	3
101051	71125.3	62842.4	200078	5
101052	163462	193616	200093	1
101053	71233.3	174099	200080	4
101054	148560	205050	200004	2
101055	119613	174995	200025	16
101056	68206.4	44360.4	200079	39
101057	142760	109932	200075	1
101058	28359.3	132944	200087	3
101059	131881	45699.1	200060	1
101060	100258	140781	200094	8
101061	72136.1	176485	200048	4
101062	104841	40172.4	200098	20
101063	137338	28456.9	200078	1
101064	169505	57039.2	200030	21
101065	60661.8	49315.7	200051	1
101066	50963.8	139814	200084	18
101067	158715	90791.1	200056	4
101068	59143.2	96443.2	200017	8
101069	45728.4	120924	200036	19
101070	101390	113905	200015	2
101071	57522.8	39967.8	200079	3
101072	196100	92138.5	200035	2
101073	123476	76280.7	200076	39
101074	73714.6	129352	200033	2
101075	181078	86319.1	200056	1
101076	63202.9	59919.8	200066	3
101077	87022.7	44396.9	200010	14
101078	61744.2	9854.59	200064	29
101079	88011.3	32790.6	200010	1
101080	174984	180002	200005	2
101081	165857	108540	200050	18
101082	168786	136091	200016	8
101083	69055.2	177879	200069	2
101084	55180.9	97243.1	200020	3
101085	71638.1	205004	200045	3
101086	197126	139044	200097	26
101087	97699.2	101568	200029	5
101088	70717.4	42297.8	200017	65
101089	101054	126891	200042	4
101090	98268.8	155513	200086	25
101091	158149	84545.4	200037	1
101092	166650	114612	200050	4
101093	83748.5	40018.1	200071	5
101094	162065	62301.2	200037	12
101095	123898	90839.4	200020	3
101096	84930.8	149976	200099	2
101097	166645	189444	200093	1
101098	104232	208728	200025	4
101099	58762.2	78271.1	200020	19
101100	140865	153284	200006	8
101101	161915	175177	200093	7
101102	115522	49641.5	200029	1
101103	86688.8	138092	200013	7
101104	190038	86277.7	200056	2
101105	127087	95418.1	200043	2
101106	144099	133955	200005	5
101107	129876	52224.2	200062	1
101108	204498	47942.8	200050	5
101109	147948	54205.6	200088	4
101110	121532	69376.6	200029	59
101111	148456	149457	200059	1
101112	9957.46	67407.1	200067	7
101113	206624	76605.5	200097	25
101114	157194	131595	200040	14
101115	110070	156255	200092	11
101116	90367.9	95728.9	200094	1
101117	155209	149000	200006	5
101118	26962.6	87840.9	200087	36
101119	185791	9812.85	200089	6
101120	118344	129879	200015	18
101121	72279.2	174961	200025	19
101122	5477.97	176814	200084	9
101123	154446	17114.2	200035	27
101124	143168	102096	200043	3
101125	53905.9	68449.7	200082	2
101126	202040	125788	200056	7
101127	63766	145986	200084	4
101128	64653.8	130204	200024	4
101129	54527.2	95919.8	200054	31
101130	51942.6	109710	200077	33
101131	99248.9	27616.9	200078	5
101132	83870.2	156821	200092	10
101133	25613.3	178188	200057	1
101134	24321.7	90585.1	200055	1
101135	127539	34411.3	200030	2
101136	76972.6	52642	200079	3
101137	76683.4	116635	200033	22
101138	113333	529.67	200083	14
101139	106713	139305	200006	1
101140	177106	180807	200093	1
101141	133460	31925.8	200088	21
101142	18103.3	143835	200032	1
101143	122283	160684	200090	40
101144	123004	139819	200049	5
101145	111216	177470	200014	2
101146	85857.4	112944	200018	4
101147	83322.6	128855	200070	3
101148	193176	31417.6	200060	4
101149	37033.3	195903	200014	1
101150	167104	150083	200013	38
101151	117229	74864.3	200040	19
101152	133830	88567.9	200060	1
101153	134961	147400	200024	23
101154	75362.2	164052	200001	10
101155	161619	141302	200016	38
101156	144318	96442.4	200016	3
101157	19889	56090.4	200068	5
101158	90659.4	93838.3	200088	15
101159	28982	19331.2	200071	2
101160	199898	97631	200097	4
101161	100992	210375	200093	21
101162	174319	70271.3	200037	2
101163	44373.9	51617	200026	26
101164	102583	150066	200069	4
101165	187358	76781.9	200060	2
101166	77335	20500.6	200051	8
101167	44012.6	92721.1	200046	5
101168	3167.96	190104	200032	36
101169	82564.6	89717.5	200033	3
101170	50082.2	107591	200099	2
101171	77954.1	182724	200061	22
101172	154985	58971.4	200075	5
101173	51054	179645	200022	49
101174	124227	79515.3	200052	3
101175	179286	96535.5	200056	15
101176	135346	153351	200049	16
101177	21066.8	116823	200047	35
101178	156048	26500.9	200035	2
101179	94626.9	175860	200092	20
101180	68363.1	72828	200077	2
101181	113095	62591.2	200028	1
101182	125521	174340	200059	5
101183	27282.7	41097.2	200067	5
101184	84716.3	129799	200065	2
101185	69860.7	164059	200099	5
101186	50787.2	108292	200087	28
101187	77023.3	186815	200045	5
101188	66507.4	64548.9	200098	20
101189	157337	178732	200100	8
101190	114693	11877.7	200010	5
101191	10207	53184.2	200073	2
101192	71163.9	146279	200025	5
101193	96487.6	199760	200012	4
101194	138633	138979	200006	5
101195	137112	130543	200059	2
101196	87225.9	97821.4	200017	5
101197	114410	45613.6	200066	5
101198	141144	162501	200002	21
101199	61378	171024	200080	27
101200	33927.1	49679.1	200085	1
101201	46595.3	141218	200054	1
101202	116858	144680	200001	2
101203	33660.2	172935	200048	5
101204	99049.5	146380	200100	4
101205	169080	12539.2	200060	35
101206	145319	21962.6	200035	2
101207	139299	137393	200016	5
101208	189956	99467.6	200050	32
101209	180301	194229	200004	5
101210	93779.3	151414	200014	21
101211	94309.4	187272	200004	5
101212	156384	169060	200093	35
101213	59163.2	18614.6	200066	44
101214	107598	181099	200059	4
101215	140535	103414	200078	44
101216	128621	108052	200029	2
101217	31759.8	71765.8	200082	4
101218	10744.3	135161	200034	18
101219	47083.7	73344.6	200064	9
101220	31985.9	181929	200032	1
101221	13882.8	55971.2	200082	29
101222	27931.9	24075.6	200085	5
101223	91251.2	1773.24	200083	4
101224	68168.8	114832	200045	4
101225	79598.9	84952.5	200065	2
101226	147653	82174.5	200088	7
101227	130079	41345.8	200063	18
101228	80905.2	157282	200054	5
101229	101952	17738.6	200051	4
101230	168178	41344.7	200089	2
101231	33142	43904.6	200026	1
101232	71451.4	165147	200031	2
101233	140757	8969.78	200030	4
101234	134577	186894	200012	2
101235	87992.9	142875	200070	18
101236	124832	166656	200093	39
101237	165171	203483	200093	2
101238	110650	163655	200045	7
101239	104803	27222	200066	15
101240	151179	84263.9	200075	2
101241	135871	177488	200004	15
101242	36891.4	128751	200032	4
101243	135222	160349	200002	12
101244	153162	39529.1	200078	5
101245	105499	106633	200006	4
101246	136376	108446	200043	2
101247	58336.9	123564	200022	1
101248	142219	129071	200059	3
101249	75182.4	168491	200036	12
101250	173459	108868	200060	5
101251	70397.1	28161.8	200003	47
101252	159072	158249	200006	4
101253	134698	46318.3	200075	22
101254	65355.1	15480.8	200064	10
101255	150755	54892.1	200028	21
101256	179410	188117	200093	2
101257	204481	12740.3	200089	25
101258	108263	51698.2	200037	13
101259	103069	38061.4	200015	13
101260	9513.76	121403	200011	3
101261	79732.2	70939.4	200017	5
101262	164155	124867	200060	15
101263	134275	153822	200059	19
101264	37399.8	132005	200024	23
101265	144536	125699	200033	1
101266	36513.4	35850.9	200072	3
101267	76678.3	196906	200081	5
101268	73271.5	160103	200006	33
101269	195752	62630	200097	2
101270	60847	122517	200099	14
101271	76307.2	36546.4	200046	30
101272	116139	104830	200018	55
101273	100242	184146	200059	36
101274	182286	198864	200004	10
101275	99636.7	103303	200065	3
101276	130225	90272.4	200016	41
101277	122360	125660	200006	2
101278	104217	166958	200033	12
101279	82854.8	93417	200024	15
101280	124059	58054.3	200028	5
101281	81999.5	110996	200052	3
101282	96861.5	44449.5	200003	3
101283	86962.6	55499.5	200064	26
101284	122704	81480.8	200028	6
101285	155228	131891	200016	1
101286	191382	136547	200056	1
101287	133189	95650.4	200006	33
101288	197363	82735.4	200097	16
101289	107067	124090	200005	4
101290	146799	188485	200100	3
101291	149415	65503.7	200060	5
101292	119698	135240	200090	5
101293	164925	121611	200043	20
101294	56999.8	157011	200045	25
101295	65527.4	75055.4	200017	4
101296	140151	92895.8	200060	3
101297	50088.4	64335.5	200067	1
101298	138989	38026.4	200088	2
101299	41023	144529	200024	21
101300	131738	137012	200033	3
101301	60884.3	2109.26	200058	2
101302	156523	125104	200042	12
101303	103687	6039.28	200051	1
101304	177084	45074	200030	30
101305	35384	75368.4	200082	26
101306	172661	109621	200050	28
101307	66846.2	56326.6	200076	13
101308	114915	178281	200094	11
101309	121065	175975	200061	20
101310	114106	126679	200022	2
101311	90533.6	69527.9	200064	9
101312	25850.6	56516.4	200079	14
101313	148278	128416	200043	1
101314	125392	43527.7	200063	20
101315	169487	160852	200059	4
101316	43581.2	171349	200061	33
101317	18676.5	37646.4	200055	5
101318	91983.4	52764	200067	8
101319	137426	168034	200059	1
101320	114414	203120	200005	29
101321	96585.4	125119	200049	58
101322	136100	135372	200094	3
101323	108780	146948	200090	5
101324	116840	202365	200093	2
101325	67447.1	24215.5	200083	4
101326	77264.3	31397.5	200028	28
101327	133803	128286	200059	4
101328	110325	143826	200094	2
101329	71997.5	55177.2	200088	21
101330	48662	92506.1	200047	1
101331	92850.2	33719.2	200098	17
101332	88873.9	90812.3	200063	3
101333	68998.1	96829.8	200003	2
101334	174090	54905.5	200035	2
101335	136211	197817	200014	21
101336	84991.5	173025	200023	3
101337	80114.6	84789.3	200033	12
101338	182830	53806.3	200050	4
101339	153138	82381.8	200020	30
101340	83204.2	52123.9	200063	2
101341	62842.2	30994.2	200095	3
101342	131826	122278	200033	16
101343	186307	188731	200093	30
101344	137546	55031.8	200098	4
101345	40868.9	91849	200076	6
101346	57569.5	62970.9	200079	4
101347	132846	199939	200004	1
101348	97522.4	183601	200025	8
101349	104331	129222	200040	18
101350	97247.6	38667.7	200003	23
101351	153487	92754.1	200078	3
101352	42453.8	165561	200061	15
101353	166771	175123	200004	2
101354	128431	22972	200063	25
101355	115088	193963	200013	20
101356	10306.3	57791.3	200055	5
101357	134845	98135.3	200065	1
101358	38572.5	35104.5	200003	16
101359	188929	24520	200050	30
101360	99939	140803	200041	1
101361	151279	115936	200042	3
101362	61394.5	126839	200045	23
101363	147375	19674.5	200089	5
101364	95239.5	52049.3	200078	1
101365	46448	119628	200001	40
101366	83877.2	52483.9	200062	20
101367	48022.3	145647	200045	1
101368	78628.8	158010	200094	18
101369	75694.6	186790	200081	5
101370	114237	155155	200013	1
101371	177714	171986	200002	29
101372	55096.6	53298.5	200046	17
101373	96581.7	18219.5	200051	18
101374	52635.6	6081.85	200067	4
101375	161533	65676.3	200098	3
101376	114879	66873.2	200076	17
101377	77122.4	119951	200024	5
101378	104965	180144	200013	4
101379	93497.7	130709	200040	3
101380	162247	150623	200013	11
101381	18919.7	156532	200011	5
101382	9266.24	175882	200048	29
101383	129069	172630	200006	18
101384	26602.7	77359.7	200072	1
101385	147744	141598	200090	31
101386	95402.3	192966	200023	1
101387	82992.6	181663	200002	29
101388	145866	176274	200093	24
101389	127261	168559	200059	1
101390	9721.89	62885.3	200026	29
101391	70410.6	199888	200009	10
101392	111074	97899	200013	37
101393	96159.5	151615	200036	8
101394	133076	202636	200100	6
101395	143853	192901	200012	28
101396	93360.1	173419	200043	3
101397	74323.6	190121	200099	56
101398	62646.3	44232.9	200051	9
101399	142668	158286	200061	3
101400	124980	179473	200093	6
101401	103038	28798.4	200028	5
101402	162280	158362	200059	1
101403	134826	136605	200094	5
101404	34855.1	102332	200007	14
101405	147808	69435.2	200060	42
101406	45867.8	88864.6	200041	2
101407	119015	105520	200075	5
101408	172774	66160.6	200035	23
101409	194624	105970	200056	4
101410	75360.2	26058.8	200083	15
101411	112141	143176	200061	31
101412	113045	149039	200070	19
101413	145355	88961.9	200015	4
101414	135560	89199	200016	1
101415	168046	180110	200002	29
101416	130807	148411	200090	2
101417	130824	95694.5	200076	4
101418	151808	164508	200002	16
101419	29821.3	80761.3	200082	2
101420	140401	97380.1	200078	2
101421	119918	204917	200005	46
101422	17507.6	52375.7	200003	17
101423	109132	163790	200006	5
101424	96759.1	1559.97	200096	26
101425	145232	184800	200059	21
101426	85855.2	127858	200023	17
101427	114882	187112	200014	8
101428	140516	90382.5	200020	2
101429	37388.5	139034	200073	10
101430	201035	193932	200093	4
101431	102569	89147.1	200075	20
101432	96791.4	89746	200024	22
101433	143008	99357.2	200075	3
101434	124942	144505	200094	2
101435	200272	201315	200093	5
101436	133253	174576	200059	3
101437	81036.7	114031	200018	36
101438	87150.9	208227	200100	1
101439	147395	189520	200005	1
101440	120853	15958.2	200029	4
101441	169478	134087	200006	1
101442	56886.3	198519	200021	4
101443	139531	91158.6	200040	3
101444	186027	118036	200016	37
101445	134912	156142	200090	50
101446	12653.5	60339.8	200058	64
101447	116486	81093.8	200041	5
101448	97778.3	49625.8	200017	3
101449	114192	196341	200002	2
101450	128526	205236	200090	2
101451	128344	134982	200001	3
101452	119418	126724	200037	35
101453	134268	62226.1	200078	3
101454	4912	20427	200085	18
101455	118269	108617	200013	27
101456	62262.5	147710	200042	22
101457	70410.9	106745	200049	2
101458	86425.4	39870.9	200088	5
101459	108366	186900	200061	3
101460	128196	138426	200018	4
101461	62353.7	189264	200074	2
101462	149775	169047	200005	58
101463	109815	63354.8	200050	30
101464	118797	161135	200092	1
101465	103574	60343.6	200046	21
101466	35268.2	41803.6	200072	65
101467	97417.1	124379	200022	5
101468	102268	66556.2	200078	63
101469	151261	153052	200002	2
101470	147494	144195	200049	1
101471	61452.4	163370	200069	26
101472	29638.9	90146.6	200038	35
101473	113944	43226.7	200079	3
101474	31611.4	131470	200024	34
101475	169074	76468.1	200029	2
101476	9922.34	197824	200048	2
101477	195927	148883	200056	57
101478	130793	195535	200004	1
101479	127489	71394.7	200020	14
101480	128033	135767	200036	1
101481	72442.9	17579.5	200095	28
101482	35740.5	144361	200094	13
101483	135712	168766	200093	64
101484	143416	60298.9	200088	29
101485	93335.7	90627.9	200026	5
101486	170599	133921	200006	27
101487	132178	85262.7	200016	2
101488	85441	146735	200049	22
101489	136413	84721.3	200020	1
101490	90341	190581	200005	3
101491	64072.4	194097	200008	3
101492	78486.9	51344.4	200079	29
101493	120854	102978	200041	3
101494	86548.1	209797	200061	1
101495	155400	116757	200035	5
101496	139122	196939	200100	2
101497	173248	20486.2	200035	30
101498	50536.6	150640	200044	4
101499	38018.5	35726	200046	1
101500	163738	161706	200005	9
101501	170563	118763	200056	6
101502	58437.4	117598	200072	38
101503	62291.4	86620.4	200041	5
101504	70164.4	111290	200024	27
101505	77069.8	64487.4	200066	2
101506	75467.6	78471.1	200079	5
101507	136644	154357	200042	1
101508	59167.3	62382.8	200068	5
101509	157500	71469.4	200035	18
101510	183509	100094	200060	13
101511	66707.3	177986	200019	10
101512	30011.6	206989	200081	18
101513	90606.4	36436.5	200083	11
101514	74187.6	167457	200069	1
101515	120889	14105.8	200095	6
101516	103755	61023.4	200037	1
101517	187303	101188	200060	3
101518	209903	87810	200097	6
101519	102198	89565.8	200078	57
101520	147581	173536	200023	2
101521	124803	101033	200018	2
101522	112005	138846	200059	5
101523	16307.7	105436	200011	1
101524	136913	183257	200080	9
101525	114725	207896	200061	42
101526	43486.1	36395.5	200051	2
101527	93716.7	157140	200043	5
101528	30743.5	27759.7	200082	41
101529	99110.4	150236	200059	3
101530	54514.8	131745	200034	23
101531	62831.2	19422.1	200068	16
101532	49640.6	72717.8	200017	14
101533	63678.9	183590	200061	17
101534	121285	18176.8	200075	53
101535	78145.9	70866.8	200066	4
101536	95511.6	137878	200015	4
101537	111537	113864	200040	17
101538	79410.2	130261	200069	4
101539	75744.9	164960	200024	21
101540	55071.2	68187.4	200046	3
101541	124266	133718	200036	4
101542	138868	102854	200078	28
101543	143772	106438	200060	28
101544	89572.4	104313	200024	2
101545	141603	70586.5	200029	1
101546	76292.1	120830	200022	2
101547	68970.2	90559	200003	5
101548	134473	60610.7	200075	5
101549	157324	60829.4	200075	4
101550	40369.6	49415.7	200053	61
101551	101845	39123	200029	2
101552	145535	135024	200006	13
101553	64297.9	163115	200099	1
101554	69978.4	86217.5	200022	4
101555	103930	68452.6	200068	1
101556	41244.1	81543.1	200065	1
101557	33782.6	83852.2	200067	2
101558	126990	116348	200006	35
101559	3272.18	186200	200039	18
101560	114438	102760	200042	38
101561	98626.3	81943.3	200062	4
101562	150833	128428	200043	1
101563	160590	60761.9	200060	3
101564	116527	35859.6	200063	52
101565	70907.3	205647	200025	1
101566	142624	71960.3	200088	4
101567	126670	198498	200025	31
101568	86571.9	67489.8	200079	5
101569	174227	92571.7	200016	12
101570	59032.9	68298.3	200065	8
101571	80776.3	2799.63	200028	24
101572	88124.4	102939	200007	3
101573	39201.7	13825.6	200071	3
101574	129909	128620	200024	5
101575	97758.2	6113.14	200095	5
101576	62502.9	72871.2	200022	12
101577	132401	137665	200090	22
101578	155235	124834	200042	4
101579	192584	101175	200097	1
101580	111058	80088.1	200033	4
101581	118647	136724	200090	1
101582	138405	123480	200059	29
101583	79071	37237.9	200003	1
101584	85404.8	82844.9	200003	2
101585	29585.2	151678	200099	5
101586	20892.9	180756	200032	25
101587	127045	64007	200063	3
101588	183342	78298.3	200050	4
101589	115908	85046	200029	4
101590	102220	175968	200006	2
101591	64535.7	165733	200070	5
101592	177326	50824.7	200030	44
101593	133569	36106	200050	2
101594	2931.56	38381.4	200058	57
101595	105737	109955	200015	15
101596	73476.5	17555.2	200017	24
101597	128416	60441.9	200030	4
101598	142814	151500	200093	25
101599	117385	72621.9	200076	1
101600	82538.6	99122.3	200094	5
101601	50239.5	84161	200046	4
101602	4170.18	118736	200073	29
101603	114105	91890.3	200049	59
101604	103602	184296	200093	7
101605	123753	59639.6	200075	2
101606	104645	106959	200033	3
101607	7812.57	55465.6	200038	1
101608	97514.8	151752	200090	25
101609	143082	176913	200004	1
101610	183826	4726.26	200089	61
101611	148193	208714	200093	8
101612	157502	44721.6	200050	44
101613	64011.2	29204.6	200010	15
101614	174665	77815	200050	14
101615	105693	90475	200062	37
101616	61860	105560	200044	3
101617	82973	82250.1	200078	29
101618	70515.4	110308	200017	4
101619	119974	181442	200090	19
101620	117624	151253	200070	5
101621	150893	59192.3	200063	5
101622	92176.1	209843	200081	4
101623	129020	100023	200016	1
101624	84964.7	113756	200015	3
101625	203181	46880	200035	2
101626	54083.2	70374.4	200077	5
101627	128227	150439	200006	10
101628	77752.4	120825	200045	47
101629	88383.7	105363	200034	2
101630	123607	170999	200100	24
101631	158427	44136.8	200029	4
101632	139581	118591	200018	4
101633	9519.34	10221.7	200083	13
101634	23166.8	113853	200034	4
101635	144723	39381.8	200098	31
101636	202751	200153	200093	3
101637	60908.4	154020	200054	1
101638	117684	23444	200029	21
101639	122935	169558	200006	4
101640	73395.9	42739.5	200046	5
101641	125499	87587.3	200006	2
101642	48251.3	199006	200014	25
101643	47335.1	184982	200081	1
101644	111247	171289	200042	6
101645	208120	41136.8	200089	1
101646	73495.9	107354	200087	1
101647	130054	100420	200040	46
101648	109782	83600.6	200098	4
101649	133278	37350	200063	6
101650	57853.2	86134.4	200077	13
101651	191333	69628.1	200060	3
101652	34226.9	76330.5	200079	1
101653	125001	62951.5	200079	26
101654	104959	86800.9	200018	40
101655	50189.8	164694	200084	61
101656	127583	112488	200013	1
101657	192173	25267	200050	5
101658	65331.3	134312	200099	5
101659	49293.1	32395.2	200068	33
101660	105690	89507.8	200003	18
101661	34535.5	135333	200087	1
101662	26049.5	62692.6	200026	5
101663	45620	91186	200041	10
101664	8907.66	170583	200091	1
101665	93821.6	101568	200052	5
101666	24897	58668.1	200079	4
101667	101978	86827.9	200088	22
101668	130347	102312	200013	3
101669	54654.4	18837.3	200010	13
101670	80127.3	100638	200066	16
101671	198544	41197.4	200089	12
101672	109336	133293	200036	64
101673	142172	149057	200059	1
101674	10408.6	145687	200054	17
101675	104283	110269	200022	21
101676	83733.3	171075	200092	15
101677	141022	107606	200075	41
101678	201372	131417	200056	17
101679	192697	62622.1	200060	1
101680	97256.3	71996.4	200064	44
101681	172659	66980.3	200029	2
101682	157585	90377.2	200029	14
101683	165752	24044.2	200089	1
101684	104830	71686	200072	3
101685	132937	52202.5	200075	36
101686	144205	202700	200090	41
101687	152714	147784	200090	33
101688	31009.9	10076.4	200038	19
101689	60779.2	54193.6	200052	3
101690	11438.2	92646.7	200055	4
101691	65380.8	28287.3	200096	8
101692	76578.4	200502	200069	3
101693	44012.8	115412	200065	1
101694	4129.43	24416.9	200082	5
101695	19583.8	53393.2	200085	23
101696	56470.4	185962	200100	2
101697	112414	4391.17	200010	9
101698	51740.7	61963.8	200077	4
101699	133148	122984	200075	4
101700	71825.2	29443.8	200051	9
101701	149164	201105	200012	14
101702	200881	198239	200093	4
101703	140184	176768	200006	4
101704	19177.3	111440	200087	30
101705	80765	159556	200033	3
101706	105462	160155	200044	14
101707	83014.8	175418	200014	5
101708	133320	187777	200093	16
101709	91223.8	92032.5	200079	5
101710	30961.2	55010.1	200046	3
101711	91135.6	42952.9	200098	11
101712	100517	125321	200020	7
101713	54965.1	59034.9	200007	1
101714	179667	107960	200035	5
101715	97421.6	176055	200043	5
101716	56792.1	72146	200066	30
101717	164091	189139	200005	5
101718	68844.2	50244.6	200003	15
101719	79030.1	94344.3	200068	5
101720	74960.2	141034	200001	2
101721	153431	177145	200013	6
101722	145097	167514	200090	5
101723	91750.2	181079	200023	2
101724	35060.7	67786.2	200067	1
101725	32759.2	159606	200019	16
101726	90800.5	74638.9	200020	4
101727	49360.3	101259	200087	29
101728	50085.5	118491	200087	6
101729	193258	95764.9	200097	5
101730	119457	121462	200029	3
101731	108385	71777.4	200052	4
101732	150172	70588.1	200035	27
101733	1533.55	186974	200027	37
101734	127973	173891	200002	4
101735	55128.3	139696	200045	38
101736	122046	109748	200036	2
101737	61939.2	199416	200014	3
101738	90093.9	61334.2	200067	3
101739	116134	157197	200094	23
101740	50431.6	169153	200022	44
101741	108174	92042.3	200016	9
101742	122002	187245	200013	5
101743	136507	46680	200078	1
101744	103831	177460	200006	49
101745	176439	89287.5	200056	4
101746	174037	47744.9	200035	8
101747	29513.9	43435.2	200067	1
101748	101910	26879.2	200064	46
101749	81480.1	131241	200069	37
101750	165245	41525.9	200035	4
101751	85141.5	94713	200020	3
101752	118141	58523.3	200079	4
101753	145398	167048	200093	2
101754	100712	131249	200018	2
101755	173593	176996	200090	30
101756	152781	209624	200093	3
101757	111575	138121	200043	2
101758	130270	157271	200040	5
101759	43215.1	4963.83	200096	41
101760	50098.4	21990.6	200072	1
101761	63108.4	54922.7	200076	16
101762	19443.1	114857	200048	10
101763	131744	166517	200005	5
101764	194059	73371.5	200056	2
101765	119242	64826.2	200088	13
101766	122686	161013	200023	4
101767	144886	69576.1	200088	4
101768	127205	135801	200018	3
101769	76032.9	197783	200100	3
101770	81102.3	51130.8	200078	24
101771	124294	163773	200059	5
101772	100006	59685.2	200062	2
101773	100281	152161	200059	12
101774	40485.8	35593.3	200068	8
101775	79362.7	33818.1	200062	1
101776	143464	130283	200049	2
101777	144461	85135.5	200075	29
101778	58825.3	148062	200070	4
101779	147124	67562.2	200030	3
101780	39094	43704.8	200055	3
101781	202658	90138.4	200097	3
101782	112384	13415.8	200096	26
101783	93835.8	159852	200045	53
101784	178569	43345.6	200035	43
101785	86912.5	129604	200087	33
101786	40223.1	88704.7	200052	15
101787	184565	171275	200005	2
101788	67009.5	128309	200009	12
101789	186542	208466	200004	1
101790	37800	41207.6	200068	9
101791	75326.3	107647	200015	2
101792	37587.2	50545.4	200055	5
101793	102548	150793	200013	4
101794	63941.4	58947.5	200066	3
101795	60864	88931.1	200020	11
101796	63018.5	21421.6	200017	21
101797	162853	132734	200042	47
101798	84624.7	112110	200068	5
101799	45432.3	142345	200049	1
101800	201332	108169	200097	19
101801	138972	143019	200005	1
101802	9075.47	186541	200081	3
101803	99409.2	80416.2	200098	3
101804	93217.7	136221	200018	2
101805	165827	158939	200002	25
101806	110130	163938	200049	1
101807	89417.8	102537	200042	2
101808	135466	50191.3	200037	32
101809	143906	92328.7	200098	3
101810	72993.8	168547	200024	23
101811	66809.6	34618.4	200038	34
101812	62662.3	19323.4	200051	4
101813	156930	156618	200013	2
101814	80388.5	87367.7	200003	1
101815	49672.4	203777	200009	1
101816	180201	208668	200004	5
101817	114704	142829	200033	13
101818	109108	78195.8	200018	2
101819	67623	139987	200087	1
101820	60977.2	41975.3	200007	5
101821	116735	93468.2	200063	36
101822	81042.1	30528	200028	3
101823	93066.6	100493	200068	24
101824	21099.4	115833	200026	21
101825	56890.9	23706.2	200083	41
101826	129016	84155.4	200052	1
101827	90600.5	113051	200020	2
101828	142481	173806	200013	41
101829	30354.2	36551.3	200055	4
101830	65643.1	114518	200033	46
101831	64409.3	207405	200027	2
101832	78564.8	9246.44	200062	5
101833	144498	166571	200004	2
101834	140427	60465.3	200035	15
101835	103323	94744.3	200001	16
101836	107522	30133.4	200063	16
101837	147891	77383.5	200029	29
101838	115047	99186.4	200018	19
101839	136248	179138	200100	3
101840	32943.1	67036.8	200068	5
101841	87747.7	197821	200094	1
101842	203754	82935.1	200056	59
101843	122519	72355.9	200015	1
101844	107925	41740.4	200029	36
101845	54074	165766	200011	2
101846	52783.4	55562.5	200053	2
101847	138691	90119	200076	1
101848	112903	142992	200040	4
101849	139937	124563	200002	26
101850	200821	13898.5	200089	39
101851	150725	123841	200016	5
101852	123478	100896	200041	26
101853	73833.1	148253	200086	32
101854	156107	110118	200097	18
101855	58561.8	7057.98	200071	1
101856	169625	205681	200004	4
101857	20835.5	93276.1	200073	1
101858	28857.3	47560.1	200046	1
101859	34961.4	84876.2	200055	56
101860	50052.3	63517.6	200087	3
101861	77460.5	114086	200020	1
101862	163523	194195	200004	3
101863	111866	89553.3	200063	5
101864	127232	109293	200013	4
101865	401.53	97958.9	200084	5
101866	88117.6	138655	200041	3
101867	67092.3	145660	200084	13
101868	13221.4	91591.6	200055	1
101869	37512	19092.3	200064	11
101870	26945.5	25062.2	200085	19
101871	88015.9	88896.1	200078	16
101872	141682	129171	200024	6
101873	5676.65	27651.3	200058	11
101874	54274.5	15279	200064	1
101875	205957	30950	200089	6
101876	28340.6	26566.6	200038	17
101877	112190	109044	200041	3
101878	94694.3	195606	200012	14
101879	77609.9	118774	200054	4
101880	163099	143815	200013	20
101881	93667.5	139464	200049	30
101882	81803.7	40360.6	200082	27
101883	80326.3	97315.4	200041	5
101884	123806	64661	200050	1
101885	108395	51901.2	200028	18
101886	51430.3	173364	200048	4
101887	54683.6	14198.1	200058	27
101888	145678	73450.7	200078	2
101889	95097.1	169649	200045	3
101890	115781	41662.9	200088	15
101891	101619	9735.59	200063	3
101892	109374	114215	200078	10
101893	70477.2	154730	200018	1
101894	91572	185982	200092	2
101895	25051	121230	200026	5
101896	184305	139482	200056	7
101897	118826	95665.6	200041	5
101898	128703	47944	200060	25
101899	35424.2	79718.1	200046	24
101900	36700.2	108191	200087	4
101901	109447	655.26	200028	4
101902	88380.5	52326.9	200046	25
101903	192892	81234.7	200050	24
101904	35783	39143.7	200038	1
101905	32199	25258.8	200058	4
101906	180370	36717.4	200060	3
101907	210987	156506	200097	4
101908	113680	54791.6	200030	3
101909	206861	102528	200056	8
101910	92783.5	160197	200080	29
101911	78453.3	108278	200018	3
101912	49388.3	75678.8	200046	1
101913	135373	171847	200016	17
101914	167224	83743.6	200060	34
101915	118021	161446	200059	23
101916	57416.1	23850.8	200083	3
101917	34840.1	107468	200044	5
101918	85822.8	128757	200023	3
101919	90600.6	154403	200044	1
101920	142861	192005	200023	2
101921	181096	93988.5	200097	3
101922	69501.6	156243	200059	26
101923	119495	58881.8	200079	3
101924	138160	69489.2	200028	2
101925	174419	142909	200016	1
101926	130986	156658	200013	1
101927	83497.4	194847	200024	25
101928	89637.7	167954	200090	4
101929	81012.5	35024.3	200030	4
101930	175161	133797	200016	4
101931	132751	36791.5	200028	1
101932	80266.8	118445	200041	7
101933	101928	100988	200028	34
101934	148152	179319	200013	2
101935	167901	123659	200056	8
101936	34200.5	189187	200086	3
101937	73150.1	75058.4	200026	13
101938	128811	100269	200040	9
101939	85514.1	128192	200033	5
101940	127077	94960.1	200076	4
101941	2588.81	159590	200009	4
101942	164818	158695	200090	37
101943	105687	87719.2	200040	5
101944	93321.2	54118.7	200098	5
101945	37319.1	92719.9	200067	8
101946	194044	169102	200090	9
101947	63714.7	71157.1	200037	2
101948	62579.9	71423.1	200096	4
101949	67592.7	138748	200094	5
101950	31041.2	58472	200007	14
101951	149407	125506	200043	4
101952	118989	197212	200013	1
101953	110748	13964.4	200030	29
101954	92508.1	41524.9	200075	2
101955	70977.3	136159	200054	2
101956	129751	46850	200066	4
101957	7246.94	46679	200067	4
101958	74346.5	54239.9	200020	24
101959	148371	81930.7	200015	43
101960	203369	55846.5	200089	48
101961	180658	93762.5	200035	4
101962	86903.6	118636	200080	1
101963	144567	104002	200060	3
101964	202983	133239	200056	1
101965	158116	174192	200013	28
101966	94724.9	98882.6	200079	2
101967	139601	177383	200080	5
101968	150897	158241	200059	14
101969	164718	151938	200002	4
101970	163206	186713	200005	3
101971	36571.1	87922.1	200007	16
101972	125701	122136	200090	2
101973	154998	84773.9	200029	3
101974	143610	182604	200100	1
101975	119363	80012.8	200076	3
101976	4480.53	75498.2	200073	44
101977	125564	53947.2	200030	3
101978	204925	150156	200056	17
101979	138928	87249	200015	21
101980	126121	187842	200025	3
101981	111687	72577.6	200075	3
101982	155113	143438	200002	12
101983	129598	86732.1	200078	35
101984	188866	100296	200056	40
101985	101501	80846.7	200020	11
101986	130780	60979.4	200063	5
101987	143699	63836.5	200050	19
101988	57796.7	169118	200031	4
101989	51415.5	55556.3	200007	36
101990	109295	61955.5	200050	29
101991	72614.9	66352.7	200079	19
101992	87978.8	80859.8	200095	2
101993	86022.9	131698	200001	1
101994	108223	5451.12	200095	17
101995	120359	54214.7	200017	58
101996	50970.8	87398.9	200034	3
101997	40742.7	125546	200045	2
101998	102333	156369	200059	61
101999	183790	50085.8	200035	21
102000	43576.1	44790.3	200026	4
