SCHOOLNODENUMBER: 50
SCHNODE_COORD_SECTION
200001	112500	205625	1020	1040	20
200002	129858	180616	725	750	25
200003	66479	77185	930	940	10
200004	200384	48096.4	940	950	10
200005	111140	184851	615	630	15
200006	205567	191135	1035	1045	10
200007	159907	69734	705	735	30
200008	198850	113628	700	710	10
200009	43429.8	75708.9	520	540	20
200010	180996	31898.8	820	840	20
200011	78010	66530.5	910	940	30
200012	100930	27425.6	500	530	30
200013	76392.2	70146.5	1030	1040	10
200014	199766	70713.7	1015	1045	30
200015	180242	104636	855	910	15
200016	8379.16	71680.5	845	910	25
200017	134911	30519.5	605	635	30
200018	11531	167551	535	600	25
200019	174712	63114.4	815	840	25
200020	64596.9	192386	725	735	10
200021	139320	44009.9	740	805	25
200022	54438.8	17808.9	520	530	10
200023	200597	6245.69	930	945	15
200024	58634.8	131340	1030	1055	25
200025	31821.5	132197	740	810	30
200026	3080.95	129110	915	940	25
200027	9719.82	104327	1040	1100	20
200028	85235.4	191780	720	745	25
200029	14089.9	171882	900	925	25
200030	62121.8	52472.9	620	630	10
200031	49005.2	132049	545	615	30
200032	148775	103122	755	805	10
200033	151257	27064.7	1020	1040	20
200034	147873	203949	925	935	10
200035	8392.05	22939.6	955	1005	10
200036	189717	209015	715	745	30
200037	187113	103380	925	940	15
200038	125913	95767.4	720	745	25
200039	114511	1321.32	1000	1010	10
200040	110959	120918	855	920	25
200041	204110	1656.49	535	605	30
200042	48695.8	158012	935	945	10
200043	101046	80749.3	510	525	15
200044	15495	117302	530	545	15
200045	16158.9	128349	930	950	20
200046	181931	180945	610	620	10
200047	79950.1	195963	955	1010	15
200048	21553.8	8450.06	830	850	20
200049	39852.6	137915	920	935	15
200050	186185	80659.1	645	655	10
MAX_RIDING_TIME: 5400
EDGE_WEIGHT_FORMAT: FUNCTION
EDGE_WEIGHT_TYPE: MAN_2D
NODE_COORD_TYPE: TWOD_COORDS
NODE_COORD_SECTION
0	105600	105600	0	0	0	0	0	0	0
1	114039	189113	1511	66	35843	37043	200001	6	1333	101545	100509	100875	100658	100077	100443
2	136175	175203	3590	36	33707	34907	200001	6	3425	101399	101225	101807	101297	100819	101234
3	113087	172453	2028	41	35278	36478	200001	4	1815	100464	101323	101618	100408
4	97459.4	163199	5483	66	31871	33071	200001	10	5303	101817	101851	100001	100219	101306	100999	100102	100987	101520	100595
5	107671	162150	2042	63	35306	36506	200001	2	1722	101449	100543
6	93583.7	187317	1824	65	35528	36728	200001	3	1573	100361	100702	101001
7	137956	128743	3663	64	23187	24687	200002	5	3489	100589	101551	100525	100926	101188
8	169256	159319	4683	65	22169	23669	200002	6	4507	101580	100708	100792	101383	101214	100544
9	80508.5	171789	3330	66	23524	25024	200002	4	3147	100442	100980	100211	100084
10	120626	127642	4409	60	22434	23934	200002	5	4245	101210	101047	100769	101576	101325
11	118716	177586	997	63	25851	27351	200002	4	823	101997	101000	100333	101069
12	105503	144122	4524	65	22328	23828	200002	4	4351	100587	100152	101462	101900
13	106459	149292	2218	64	24632	26132	200002	2	1964	100747	100655
14	99407.5	148361	2491	56	24344	25844	200002	4	2220	101832	100371	100002	101712
15	112833	175498	1112	65	25740	27240	200002	2	879	100128	101073
16	108007	190733	2452	58	24387	25887	200002	4	2281	101052	100976	101855	101096
17	127863	77185	5274	65	29078	29678	200003	5	5096	101290	100632	101478	100863	101791
18	90633.2	105153	2121	58	32218	32818	200003	3	1950	101328	100721	101942
19	65701.2	135762	4515	59	29826	30426	200003	5	4342	100074	100195	101876	100449	100193
20	94479.6	99486.8	2531	59	31810	32410	200003	2	2314	101321	101861
21	61882.3	35798.2	2002	66	32352	32952	200003	2	1741	100216	101005
22	91747.6	83340.7	1649	66	32705	33305	200003	2	1380	101456	100694
23	68015.3	73664.9	4138	65	30214	30814	200003	3	3965	100785	100117	101583
24	61037.5	53481	3429	65	30923	31523	200003	5	3173	101189	101011	100051	101481	101455
25	70238.6	99947.5	3193	55	31140	31740	200003	4	3036	100461	100162	100239	100003
26	175288	85313.7	2889	65	32063	32663	200004	5	2648	100409	100843	101393	101428	101158
27	196721	70272.1	1780	66	33174	33774	200004	2	1519	101939	100203
28	173561	76009	2724	65	32228	32828	200004	3	2442	100995	100786	100087
29	201967	92948.7	2159	64	32791	33391	200004	3	1988	101634	101510	100905
30	168894	52869	4484	64	30466	31066	200004	7	4308	101615	100666	100570	100400	101447	100479	100353
31	154573	47690.9	3091	63	31857	32457	200004	5	2885	100271	100377	101111	101705	101883
32	191358	62955.9	2084	64	32866	33466	200004	4	1902	101703	100144	100004	100659
33	209640	73489.6	3785	65	31167	31767	200004	9	3601	101945	100988	101707	101271	101640	100114	100642	100790	101621
34	186121	59048.8	5137	66	29817	30417	200004	6	4933	101687	101803	101904	101559	101797	100158
35	136428	170597	3683	66	18971	19871	200005	4	3461	100793	101159	100516	101239
36	80476.8	162572	4731	66	17923	18823	200005	6	4475	100467	101308	100270	100979	100291	100637
37	105215	156769	2115	63	20533	21433	200005	3	1928	100294	100695	100527
38	84947.1	167202	3072	66	19582	20482	200005	6	2884	100282	101949	101998	100773	101909	100991
39	104940	155468	1399	31	21188	22088	200005	1	1213	101897
40	121441	143367	2167	64	20483	21383	200005	4	1993	101604	100597	100368	101080
41	98959.1	163815	1486	60	21157	22057	200005	3	1314	100005	101721	101613
42	145445	158022	4908	62	17738	18638	200005	9	4730	101573	101627	101941	100497	101958	101971	100165	100364	100641
43	181636	199815	2683	66	35571	36171	200006	5	2508	101641	101602	100523	101667	100573
44	176980	170365	2587	66	35667	36267	200006	4	2355	101013	100870	101398	101831
45	196022	141053	2376	66	35878	36478	200006	1	2032	100503
46	148367	196210	3310	64	34940	35540	200006	4	3092	100674	100256	101526	101524
47	168535	171955	2608	59	35633	36233	200006	3	2441	100090	101125	101331
48	188968	160100	2149	60	36094	36694	200006	5	1982	100633	100127	101160	101799	101749
49	189862	144214	2910	37	35289	35889	200006	7	2785	100006	100473	100751	101235	101153	100907	100249
50	204709	176239	881	66	37373	37973	200006	1	537	101932
51	165629	172212	2453	59	35788	36388	200006	5	2286	100389	101030	101222	101622	100840
52	102412	69732.2	2752	65	22900	24700	200007	4	2568	100098	100664	100218	101839
53	152462	69733.7	1042	65	24610	26410	200007	3	861	100329	101485	100533
54	123921	59260.7	3088	64	22562	24362	200007	3	2836	101944	100410	100679
55	119134	74079.8	2419	65	23233	25033	200007	3	2155	100759	101172	101107
56	111558	59307.2	2811	63	22837	24637	200007	2	2585	101174	101599
57	134006	61444.8	1539	64	24111	25911	200007	2	1292	101469	101295
58	141172	78207.9	2155	64	23495	25295	200007	3	1929	101288	100381	101824
59	155976	116368	3088	62	22558	24358	200007	3	2856	100638	101858	100474
60	151581	120128	5106	65	20546	22346	200007	6	4933	101443	100207	101365	101348	101902	101568
61	192553	81606.3	5135	66	20519	22319	200007	10	4960	100007	100660	100421	101074	100650	100301	101662	101511	101070	101978
62	150499	113628	2057	52	23270	23870	200008	2	1849	100899	101823
63	142563	117619	2417	66	22937	23537	200008	2	2114	100359	101090
64	162827	95772.1	5334	59	20007	20607	200008	8	5164	101495	101143	101683	101967	101300	100845	100092	100974
65	190725	105021	1982	42	23326	23926	200008	2	1848	101375	100142
66	203785	108254	1731	63	23617	24217	200008	5	1421	101140	101101	101200	100965	101497
67	181558	110535	1006	55	24327	24927	200008	2	719	100008	100657
68	162566	138653	4661	65	20691	21291	200008	6	4488	101975	101780	100426	100558	100196	100241
69	157064	103839	4615	65	20737	21337	200008	5	4431	101223	101805	101694	100873	100795
70	198637	108276	565	62	24781	25381	200008	2	242	100560	100231
71	176431	116420	3115	66	22239	22839	200008	5	2937	100395	101843	101991	101966	101007
72	41975.4	122640	5329	50	13995	15195	200009	9	5173	100881	101084	101649	100214	101015	101659	100186	100966	101053
73	97225.5	84840.8	2682	64	16668	17868	200009	5	2459	100967	100997	100206	100928	100254
74	24246	71510.4	3260	66	16094	17294	200009	6	3074	101337	100009	100953	101779	100362	101773
75	68125.3	101409	4070	66	15284	16484	200009	7	3864	100699	101104	101396	101671	101362	101918	101063
76	49038.2	95980.8	2816	65	16536	17736	200009	2	2635	101961	100257
77	52026.5	90804.1	1031	35	18264	19464	200009	2	904	101898	101067
78	52193.8	56998.7	3881	57	15456	16656	200009	7	3692	100116	101072	101598	100866	101345	101595	100609
79	88745	72899	5004	60	14339	15539	200009	5	4837	101793	101201	101605	101380	101988
80	39905.6	110212	1729	57	17608	18808	200009	2	1506	100325	100567
81	155231	55165.9	2019	63	28129	29329	200010	2	1819	101050	101211
82	150147	40580.8	2794	65	27358	28558	200010	7	2569	101893	100106	101775	100731	101287	100300	100185
83	170241	31271	2475	64	27675	28875	200010	6	2296	101912	100010	101848	101217	100552	101144
84	135276	29062.3	3242	66	26912	28112	200010	4	3059	100255	100617	100136	101371
85	209542	46311.6	4091	65	26061	27261	200010	6	3910	100654	101249	100471	100990	101753	101019
86	177547	72819.7	2373	64	27777	28977	200010	3	2155	101834	100880	100156
87	171762	33466	3483	64	26667	27867	200010	6	3312	100691	101570	101888	101808	101258	100088
88	88952.3	69610.4	773	55	32360	34160	200011	1	478	100308
89	111596	78271.4	2621	63	30527	32327	200011	5	2441	100441	101908	101354	101108	100993
90	100817	84044.8	1669	51	31456	33256	200011	2	1486	100118	101955
91	81792.7	67523.3	4520	66	28634	30434	200011	6	4342	101109	101920	101628	101742	100228	100170
92	86022.8	82518.9	1157	61	31987	33787	200011	2	940	100730	100365
93	66906.4	109614	3240	66	29914	31714	200011	6	3065	101673	100326	100476	101661	100382	100052
94	114941	85245.3	4119	61	29025	30825	200011	8	3949	100700	100451	101167	100826	100614	101433	100011	101669
95	96246.3	26686.6	5044	65	28108	29908	200011	6	4860	100733	101725	100767	101492	101294	100392
96	108924	4766.19	3415	63	14733	16533	200012	7	3246	101100	100283	100488	100345	101198	100774	101798
97	125612	31167.1	2700	63	15448	17248	200012	3	2492	101245	101137	100012
98	111140	9124.85	2679	56	15456	17256	200012	3	2520	100531	100161	101859
99	104302	50358.7	1673	57	16464	18264	200012	3	1510	101286	101071	101169
100	99895.5	28736.7	2132	60	16011	17811	200012	6	1957	101426	100743	101686	101874	100904	101437
101	89594.7	58520.8	3981	66	14173	15973	200012	9	3803	100398	100756	100058	101579	100709	101982	100728	101253	101314
102	85739.2	56440.8	4610	51	13515	15315	200012	5	4425	101864	100825	101056	100835	101311
103	75246.4	31425.8	1355	66	16799	18599	200012	1	1011	100320
104	104940	41917.8	1558	50	16566	18366	200012	3	1408	101326	100771	100220
105	111938	52051.8	4511	65	13641	15441	200012	7	4333	100233	101381	100289	100390	100549	101714	101782
106	119467	77458.4	2311	53	35618	36218	200013	5	2049	100103	101691	100634	100504	100454
107	60209	99768.4	4346	66	33608	34208	200013	7	4147	100629	101434	101057	100745	101901	100929	100013
108	97211.9	53864.1	4882	61	33062	33662	200013	6	4714	101951	101024	101833	101206	101907	102000
109	91420.1	78443.1	5188	65	32764	33364	200013	6	5015	100960	101042	100318	101269	101866	100599
110	73208.1	101319	2520	59	35421	36021	200013	6	2350	101461	101636	101486	100877	100076	101535
111	126213	71911.1	3439	61	34505	35105	200013	6	3165	101422	100306	101498	101774	100719	101664
112	107260	53461	1993	64	35957	36557	200013	3	1705	101868	100601	100818
113	108695	56556.6	2426	65	35526	36126	200013	3	2250	100585	101582	101957
114	77751.3	98059.5	1520	60	36423	37023	200013	3	1351	101232	100690	100132
115	176385	40729.3	3746	65	33306	35106	200014	4	3526	100380	101769	101025	101266
116	185554	117237	3529	63	33519	35319	200014	6	3357	101097	101272	100761	100816	100315	100805
117	161691	95722.1	2653	56	34382	36182	200014	4	2492	100645	101657	101415	100775
118	156312	55179.3	2705	63	34343	36143	200014	3	2528	100423	101451	100413
119	198126	69258.8	440	64	36610	38410	200014	1	105	100182
120	154394	78414.2	3254	61	33790	35590	200014	6	3060	100579	101953	101674	100868	100266	100346
121	200830	73634.1	517	66	36537	38337	200014	2	240	100014	100450
122	166558	85431	1963	51	35062	36862	200014	4	1809	101368	101886	101917	100460
123	150005	95836.1	3824	65	28428	29328	200015	5	3646	101156	101046	101513	100688	101320
124	147049	122201	3561	61	28683	29583	200015	5	3396	101082	101423	101480	100436	100015
125	153978	75809.8	3176	66	29078	29978	200015	4	2964	101363	101558	101879	100867
126	130841	101572	3367	66	28887	29787	200015	3	3181	101440	100154	101442
127	175277	101417	1049	39	31154	32054	200015	2	912	100619	100810
128	167334	115686	1174	65	31078	31978	200015	2	949	100412	101395
129	162761	62564.3	4080	65	28172	29072	200015	6	3904	100258	100653	100724	101141	101800	100886
130	145123	120521	5425	60	26818	27718	200015	11	5250	100753	101592	101132	100213	101411	101543	100749	101518	101746	100788	101146
131	26584.2	90981.8	2007	65	29645	31145	200016	4	1829	100212	101903	101270	100487
132	67875	74379.2	2758	65	28894	30394	200016	3	2517	101581	100744	101036
133	45119.7	52652.9	5435	57	26202	27702	200016	7	5225	101242	101026	100821	101094	101439	100149	100830
134	52259.5	74792.9	3702	56	27933	29433	200016	9	3546	100140	101087	100080	100972	101157	101972	100081	101556	101226
135	43827.4	47797	3442	59	28199	29699	200016	2	3275	101533	100541
136	20199.3	105984	1831	38	29770	31270	200016	3	1654	101776	101650	101145
137	29339.8	113504	4229	65	27423	28923	200016	9	4051	100802	100016	101435	100159	100577	101009	101794	101614	101048
138	40258.1	82195	1878	59	29763	31263	200016	3	1713	100938	100639	100871
139	12377.9	89835	1626	57	30011	31511	200016	4	1468	100075	101018	101666	101022
140	144146	41405.1	4996	62	17050	18850	200017	10	4808	101459	100583	101557	100607	101106	101291	101430	100831	101410	100715
141	134106	91143.8	4450	59	17591	19391	200017	6	4277	101329	100511	100108	100056	100794	101448
142	108555	51510.4	1993	66	20061	21861	200017	3	1742	100489	100518	101279
143	122865	80936.8	4228	66	17826	19626	200017	6	4029	100323	100017	100978	100834	100635	101943
144	114820	39607.1	1540	54	20491	22291	200017	4	1385	101218	100115	101651	101762
145	103342	37034.6	2138	61	19906	21706	200017	4	1900	101663	101732	101547	100811
146	14768.5	154513	5002	63	15246	16746	200018	12	4812	101586	100478	101508	101155	101642	100350	101199	101764	101215	100457	101593	100157
147	45.75	124217	2993	66	17261	18761	200018	5	2761	101264	101282	100018	100290	100417
148	8161.77	109024	2717	66	17537	19037	200018	3	2391	101507	100798	101284
149	22876.3	153786	2072	66	18182	19682	200018	2	1894	100176	101219
150	42741.8	136753	3160	65	17092	18592	200018	8	2974	101419	100411	101292	100529	100678	100297	100432	100465
151	56203.9	168748	3580	65	16672	18172	200018	6	3396	101884	101438	101629	101744	100663	100714
152	10220.2	169869	467	66	19787	21287	200018	1	123	101680
153	25068.2	133906	2189	62	18057	19557	200018	5	2014	101117	100226	100244	101390	101263
154	184316	60227.5	5300	28	24482	25982	200019	9	5194	100433	100069	100113	101706	101835	100129	100055	101758	101922
155	140853	60411.4	4309	63	25539	27039	200019	4	4137	100019	101302	101208	100054
156	150668	30926.9	2260	66	27594	29094	200019	1	1916	100680
157	149951	96879.1	4892	58	24947	26447	200019	11	4672	100858	100787	100251	101313	100850	100605	100706	101552	101501	101493	100456
158	138110	88249.3	2840	52	26987	28487	200019	8	2684	101597	101804	100625	101690	101959	101412	101905	100370
159	183737	85469.8	1956	65	27896	29396	200019	4	1778	101135	101197	100924	100100
160	112433	182954	4353	52	22474	23074	200020	9	4197	100177	100722	101983	100372	100153	100383	101251	101892	100854
161	76614.7	143986	3809	65	23043	23643	200020	4	3633	100791	100878	100842	100181
162	94730.2	162601	2999	58	23840	24440	200020	6	2836	101890	101617	100065	101841	100020	100611
163	25896.7	168728	4644	63	22204	22804	200020	6	4415	101040	100360	100138	101076	101116	101637
164	78122.2	145135	3896	61	22948	23548	200020	9	3723	100681	100520	101608	101996	100530	100406	101045	101616	101915
165	88630.7	167540	2674	64	24176	24776	200020	4	2485	100146	100279	101505	101626
166	63369.9	161573	1591	62	25255	25855	200020	2	1398	101236	100796
167	72063.9	188518	3930	63	22918	23518	200020	7	3756	100335	100311	100481	101122	100556	100151	101035
168	96747.7	190727	1524	64	25326	25926	200020	2	1275	100107	100971
169	142729	95310.2	2168	53	25561	27061	200021	2	1893	100405	101836
170	128503	93110	2355	55	25378	26878	200021	2	2180	101191	100424
171	157455	65008.3	4493	65	23259	24759	200021	4	4320	100908	101491	101347	100264
172	100485	63688.2	4561	64	23189	24689	200021	3	4390	100998	101138	101919
173	106079	19858.8	3134	66	24620	26120	200021	5	2956	100490	101934	100757	101376	101391
174	131904	77674.9	2582	62	25164	26664	200021	2	2342	100959	101715
175	103157	41123	4967	66	22787	24287	200021	5	4779	101977	100935	101128	101165	101034
176	105964	53397.1	1796	57	25941	27441	200021	3	1510	100227	100958	101692
177	119501	22256.9	1820	54	25911	27411	200021	3	1548	100989	100897	100021
178	131370	34805.2	2333	64	25417	26917	200021	4	2102	101250	101862	100455	101530
179	162518	69023	4495	66	23259	24759	200021	6	4289	101906	101631	101719	100175	101796	101407
180	45791	40286.4	4900	66	14454	15054	200022	7	4725	100942	100453	100598	101527	101643	100955	101179
181	76025.3	19724.7	1483	58	17856	18456	200022	4	1320	100807	101693	100348	101555
182	61828.4	51358.5	2151	61	17193	17793	200022	7	1962	101873	101502	100376	101244	100446	101130	101374
183	31572.7	54750.5	2397	65	16955	17555	200022	2	2213	100528	101126
184	58838.5	31351.1	1046	61	18298	18898	200022	2	881	101963	101261
185	103129	24751	2481	50	16843	17443	200022	2	2276	101935	100147
186	97472.5	6922.34	2835	64	16515	17115	200022	2	2575	100277	100338
187	83969.2	42435.7	2199	60	17144	17744	200022	3	1915	100646	100931	101460
188	66221.5	57663.4	3831	64	15519	16119	200022	7	3652	100540	100022	100336	101500	101745	100705	101177
189	182213	38780	2067	55	32266	33166	200023	3	1793	100143	100155	101361
190	166635	35346.1	3565	65	30787	31687	200023	5	3392	101571	100505	101241	101446	100366
191	204854	56771.9	2537	59	31804	32704	200023	4	2364	100672	101697	101954	100913
192	153141	4144.04	2293	58	32046	32946	200023	5	2133	101032	100778	100448	100738	100764
193	161910	23744.5	3038	61	31306	32206	200023	7	2873	100313	100701	100354	100387	100437	100204	100887
194	160715	15314.3	3637	65	30715	31615	200023	8	3461	101772	100427	100145	101947	101051	100696	101016	100097
195	190837	44916.1	2214	60	32129	33029	200023	6	2045	100023	100651	101029	100547	101499	100927
196	75017.1	87607.7	2611	54	35320	36820	200024	4	2459	101925	100947	101187	100500
197	98147.4	135553	4978	64	32972	34472	200024	6	4783	101838	101517	100192	100912	100944	101378
198	96816.4	133370	1797	66	36157	37657	200024	2	1567	101353	100661
199	65355.2	118776	4827	66	33127	34627	200024	5	4649	101619	101529	101105	100024	100872
200	73236.5	115874	2026	65	35926	37426	200024	3	1759	100535	101343	101563
201	82620.2	156301	4961	65	32991	34491	200024	8	4788	100537	101150	100606	100859	100109	101828	100594	101463
202	93636.6	127922	2285	66	35669	37169	200024	5	2021	100347	101055	100420	100267	100133
203	70999	85064.4	2257	43	35653	37153	200024	2	2030	100667	100060
204	50102.5	110805	4917	57	33020	34520	200024	6	4756	101324	101766	101512	101827	100278	100519
205	45211.9	105138	1631	44	36281	37781	200024	3	1404	101509	100057	100493
206	40828.9	85431.1	2603	66	25151	26951	200025	2	2345	100137	101788
207	22339.2	108185	4139	65	23613	25413	200025	7	3966	100025	100622	100874	101468	101585	101878	100686
208	20948.3	99711.7	2588	66	25166	26966	200025	4	2402	101012	101339	101028	101999
209	46841.5	122078	2219	66	25535	27335	200025	4	2044	100630	101453	101496	100351
210	53892.3	111909	3275	61	24469	26269	200025	4	3084	101562	100623	101267	101731
211	47672.8	118870	3839	66	23915	25715	200025	3	3633	100900	101578	101740
212	53330.6	153803	2712	65	25040	26840	200025	8	2471	101806	100833	101830	100202	101532	101704	101747	101372
213	58996.1	111710	2246	64	25504	27304	200025	3	1984	101682	100626	101465
214	46009.6	132197	1570	65	26182	27982	200025	3	1392	100194	100755	101281
215	70851.9	123781	2513	64	25237	27037	200025	4	2329	100167	100374	101079	101059
216	37796.7	168374	4447	66	23307	25107	200025	4	4251	101761	101322	100141	100631
217	23734	122834	934	65	26818	28618	200025	1	594	101926
218	34365.9	104899	3318	50	24406	26206	200025	3	3173	101809	100596	100562
219	52680.2	139348	3548	65	29904	31404	200026	4	3370	100317	100772	101299	101099
220	3237.52	110232	1175	51	32250	33750	200026	3	1026	100224	101928	101700
221	35031.6	143904	4799	50	28625	30125	200026	8	4646	100996	101127	100514	101937	101355	100939	100571	100621
222	26931.5	106394	1949	66	31505	33005	200026	2	1763	100393	100094
223	53557.9	126876	2689	62	30757	32257	200026	5	2514	100882	101316	100466	101124	100452
224	972.83	116246	867	65	32585	34085	200026	2	694	100355	101123
225	20755.4	91254.3	2865	64	30585	32085	200026	8	2694	100894	101785	101421	100026	100964	100059	100491	100397
226	36478.4	120029	4348	60	29095	30595	200026	8	4179	101849	101060	100884	100713	100848	101406	100440	100399
227	36891.4	127587	2077	65	36475	37675	200027	2	1758	100861	101717
228	20237.1	98151.1	3778	66	34776	35976	200027	6	3595	100438	101713	101750	101489	100093	101734
229	40839.8	79088.8	2486	54	36045	37245	200027	8	2261	100235	101754	101085	101735	100762	100344	101164	100602
230	32393.2	104728	1067	52	37460	38660	200027	1	786	100985
231	49533.2	114383	3631	62	34915	36115	200027	5	3464	101494	101819	101727	100027	101021
232	56578.6	93675.7	5148	66	33406	34606	200027	7	4973	101726	100111	100919	100166	101931	100123	100358
233	24119	151471	3519	63	35029	36229	200027	5	3287	100750	101471	101813	100588	101550
234	69167.4	101696	2929	61	35615	36815	200027	6	2712	101635	101786	100429	101882	101185	101183
235	40445.6	110669	1477	33	37014	38214	200027	2	1295	101588	100307
236	49202.5	113257	3831	64	34719	35919	200027	4	3655	101457	101403	101566	100934
237	74709.7	155004	3457	65	23095	24595	200028	6	3279	101987	100071	101940	100184	101610	100208
238	131524	180709	3951	61	22593	24093	200028	7	3739	101402	101444	100906	100604	100104	100265	100053
239	98700.3	175621	2278	66	24276	25776	200028	3	2095	101515	101192	100851
240	64892.9	155313	3596	64	22954	24454	200028	6	3420	101212	101681	100292	101388	101751	101887
241	65071.9	186678	1214	64	25336	26836	200028	2	892	101950	100888
242	53728.9	160141	4971	66	21583	23083	200028	9	4788	101795	100375	101863	101464	101405	100725	101936	101609	100862
243	89525.6	164299	1895	66	24659	26159	200028	7	1709	100469	100028	101929	101993	101728	100110	101755
244	88791.8	203423	1940	60	24603	26103	200028	4	1765	100763	100439	100217	101812
245	4735.93	127551	2494	65	30058	31558	200029	4	2316	101822	101881	100592	101401
246	59859.1	182178	4554	63	27994	29494	200029	7	4377	100892	100430	101792	101248	100521	100945	101516
247	19690.2	116067	2624	62	29922	31422	200029	4	2374	100689	101479	100692	101010
248	41313.7	164995	1898	66	30656	32156	200029	2	1712	100237	100385
249	54663.4	155777	2922	61	29622	31122	200029	4	2710	100822	100089	100992	101853
250	11095.9	119873	3846	61	28698	30198	200029	4	3676	100029	101307	100847	101952
251	8571.31	176439	2817	66	29737	31237	200029	5	2642	101624	101075	101296	101531	101722
252	56499.5	157962	4371	60	28172	29672	200029	5	4207	100434	100950	101349	100391	100849
253	30614.5	151323	1625	48	30895	32395	200029	4	1455	100574	101607	101875	101142
254	59190.3	162158	3309	57	29228	30728	200029	4	3140	100838	100223	100893	100068
255	86099.1	69571.6	4802	66	18152	18752	200030	7	4627	100485	101990	100717	100302	101065	100656	101341
256	66667.5	96988.5	2294	66	20660	21260	200030	6	2075	100250	101738	101260	101273	101720	101632
257	87381.8	71169.6	2003	64	20947	21547	200030	4	1795	100853	100710	100122	100201
258	65928.9	89755.6	3205	66	19749	20349	200030	4	3019	100179	101784	100340	100030
259	63527	53884.3	4986	66	17968	18568	200030	8	4806	100339	101171	100341	100242	100260	100799	100414	101120
260	96096.1	52472.9	3579	64	19371	19971	200030	7	3397	101528	100844	101418	101068	100565	101318	101670
261	77857.9	32168.3	2670	65	20282	20882	200030	4	2486	100086	101956	101268	100608
262	92456.5	24588.3	4766	58	18173	18773	200030	5	4601	101933	101008	101647	101205	101335
263	84129.6	105568	3119	66	17735	19535	200031	2	2837	100463	100981
264	59313.5	119679	1244	65	19608	21408	200031	3	1001	100920	101540	100948
265	47846.9	102963	2080	65	18772	20572	200031	4	1896	100252	100356	100174	100513
266	28144.4	117993	4568	64	16282	18082	200031	5	4363	101867	101620	100259	101679	100169
267	37160	90662.9	5505	62	15341	17141	200031	6	5330	101871	101995	101178	101115	101452	100883
268	60184.8	135196	1595	64	19255	21055	200031	3	1413	101429	100031	101644
269	72435.2	131428	1179	61	19665	21465	200031	2	946	101818	100954
270	77215.4	124379	2128	66	18726	20526	200031	7	1919	100483	100183	100723	101175	101472	100885	100276
271	87624.5	153370	5358	66	15496	17296	200031	8	5157	100697	100823	101006	100125	100551	101408	101450	100275
272	45408.4	131633	480	66	20374	22174	200031	1	136	100512
273	205417	105128	4055	66	24599	25199	200032	3	3794	100032	100384	100404
274	102519	110132	2540	66	26114	26714	200032	4	2357	100316	101840	100419	100780
275	140031	122683	3197	65	25455	26055	200032	3	3024	100941	100373	100480
276	109700	80174.5	5335	64	23315	23915	200032	7	5159	100855	101733	101427	101985	100078	101181	101161
277	124326	96935.8	1402	65	27250	27850	200032	2	1107	100180	100225
278	163931	133363	2693	63	25955	26555	200032	3	2417	101770	101536	101043
279	109417	90525.5	3411	66	25243	25843	200032	5	3233	101825	101382	100324	100896	101778
280	139927	94390.1	1529	51	27096	27696	200032	5	1372	101163	101304	101203	100494	100496
281	113904	106839	2425	65	26227	26827	200032	5	2247	101564	101102	100492	101787	100918
282	148959	109058	4455	64	24195	24795	200032	5	4281	100946	100232	101645	100741	100836
283	107026	25889.9	5172	66	32182	33382	200033	7	4997	101166	101894	101718	100973	100064	100591	100296
284	160189	81143.8	2585	64	34765	35965	200033	3	2414	100898	101655	101154
285	143200	75835.1	2659	41	34647	35847	200033	4	2527	101973	100331	101190	101916
286	118454	13941.9	3043	66	34311	35511	200033	4	2860	100613	101488	101633	100890
287	177038	57454.6	5185	55	32148	33348	200033	7	5026	101569	100923	100922	101710	100499	101880	100612
288	108857	36600.7	2848	64	34502	35702	200033	7	2677	100737	100369	100752	100033	101231	100327	100506
289	133366	184528	4259	65	29793	30393	200034	5	4075	101333	101976	100367	101350	101546
290	106573	192701	3769	64	30281	30881	200034	5	3559	101810	101549	100148	101668	100860
291	141650	176136	5492	64	28558	29158	200034	6	5310	101896	101702	100593	100682	101002	101801
292	129259	161298	3307	61	30737	31337	200034	4	3121	101054	101425	101729	101148
293	111773	187550	3316	62	30730	31330	200034	4	3149	100462	100472	101289	101229
294	108779	182815	3409	66	30645	31245	200034	6	3229	100648	101504	100673	101474	100498	101309
295	138531	150789	2837	65	31215	31815	200034	3	2656	101131	100067	100782
296	127884	173736	4862	66	29192	29792	200034	8	4682	100034	101837	100963	100827	101173	101400	101358	100415
297	138914	164220	2377	66	31677	32277	200034	6	2199	100576	100801	100813	101389	101654	100754
298	45594.3	25063.3	4043	66	31811	32411	200035	8	3865	101280	101255	101960	100876	100486	101256	101003	100035
299	860.02	56377.7	1772	65	34080	34680	200035	3	1596	101346	101216	100961
300	52445.4	6395.84	2876	65	32976	33576	200035	4	2700	101414	100386	100569	100652
301	69077.3	24308.8	3788	65	32064	32664	200035	7	3565	100548	100895	101357	100495	100542	100534	100190
302	16064.9	60967.1	2417	66	33437	34037	200035	5	2237	101970	100349	101648	100314	101385
303	28247.6	50057.5	1972	64	33878	34478	200035	3	1741	101265	101711	100683
304	8682.24	9827.77	800	66	35054	35654	200035	1	456	100856
305	49673.5	38916.1	2305	46	33511	34111	200035	5	2129	100677	101038	100902	100671	101176
306	7064.85	65766.3	1887	56	33948	34548	200035	4	1731	101293	100407	101213	101870
307	22178.5	17139.6	975	58	34864	35464	200035	1	667	101276
308	150870	188015	2614	64	23636	25436	200036	4	2435	101820	100243	101872	101195
309	155949	205160	1617	64	24633	26433	200036	1	1282	101394
310	132149	204419	2727	64	23523	25323	200036	7	2545	100916	101623	101424	100121	101777	100236	101301
311	166602	171074	2495	59	23746	25546	200036	5	2333	101470	100139	100510	101088	100968
312	174546	171927	2144	66	24110	25910	200036	2	1922	101238	101317
313	192764	195745	1638	65	24614	26414	200036	3	1465	100036	100532	100247
314	183365	159784	4132	60	22111	23911	200036	10	3963	100952	101162	100740	101298	100857	101672	101525	101548	101560	100555
315	176025	162218	3329	62	22917	24717	200036	8	3159	100770	101826	101984	101689	101392	100418	100458	101781
316	159682	176686	2817	65	23435	25235	200036	5	2641	101553	101058	101404	100105	100784
317	176987	56098.9	2902	63	31146	32046	200037	2	2733	100716	100803
318	147223	85758.8	3663	63	30385	31285	200037	3	3494	100949	100522	100735
319	168212	138876	2503	65	31549	32449	200037	4	2228	101417	100101	100396	100820
320	185976	94562.6	674	64	33376	34276	200037	1	339	100729
321	142272	105762	3263	65	30789	31689	200037	6	3079	101305	101638	101113	101221	100482	100253
322	208630	99580.5	1875	65	32177	33077	200037	3	1580	100726	101964	100234
323	159528	95351.3	1427	33	32564	33464	200037	2	1234	101397	100832
324	162568	107994	2310	64	31740	32640	200037	4	2009	100245	100620	100712	101379
325	180381	118090	4379	62	29667	30567	200037	6	4209	101591	101432	101574	101589	101639	101846
326	156537	80325.9	2213	63	31835	32735	200037	4	1942	100817	101487	101327	100865
327	189334	103616	4602	63	29446	30346	200037	7	4430	100901	100037	101767	101473	101676	101384	101319
328	151220	116667	4338	65	22214	23714	200038	5	4157	101377	100669	100502	101948	101544
329	94784.1	107270	3721	61	22823	24323	200038	6	3452	101207	100038	101330	100742	101911	100561
330	133075	102711	1585	56	24950	26450	200038	6	1421	101091	101454	101860	101842	101895	101359
331	131494	81635.8	4493	66	22061	23561	200038	7	4318	100940	100703	101885	100066	101277	100091	101783
332	119706	89641.8	4254	66	22300	23800	200038	7	4074	100124	101413	100889	101684	101658	100188	101730
333	73738.7	99466.5	2532	62	24014	25514	200038	3	2295	101193	100846	101914
334	107202	96761.4	2081	61	24463	25963	200038	4	1908	100925	101534	101765	101709
335	103193	12294	1077	56	35058	35658	200039	2	809	101342	100575
336	118164	56294.7	3144	61	33000	33600	200039	5	2979	101980	101921	101445	100837	100319
337	88804	29038	2933	59	33208	33808	200039	7	2747	101816	100983	100083	101891	101149	101441	101542
338	109364	45016.5	2069	61	34075	34675	200039	5	1899	100644	100675	101759	100879	101992
339	141597	27369	2366	65	33786	34386	200039	4	2188	100932	100061	100039	100309
340	139782	37095.1	4336	61	31808	32408	200039	5	4168	101521	100768	100082	101220	101927
341	85304.9	32494	2630	66	33524	34124	200039	2	2364	100668	100930
342	101081	16656.6	2468	66	33686	34286	200039	6	2282	100304	100711	101974	101561	101093	100975
343	128365	99261.4	3323	63	28925	30425	200040	4	3151	100507	101014	101946	101340
344	102653	107980	5535	62	26711	28211	200040	11	5360	100628	100610	101514	100828	100903	101356	101678	100280	101981	100269	100643
345	109397	117867	4906	66	27348	28848	200040	4	4731	101611	100063	100824	100526
346	121969	107706	1524	66	30730	32230	200040	4	1297	100343	100416	101962	100215
347	101848	114541	1760	66	30494	31994	200040	4	1580	100402	101768	100273	100665
348	117360	118225	2181	59	30060	31560	200040	3	1977	100616	100328	100299
349	69288.7	116101	5137	64	27113	28613	200040	6	4963	100809	101285	101064	100295	101110	100040
350	182395	37711.9	2943	65	17309	19109	200041	8	2765	100746	101600	101089	101979	100119	100268	100748	100261
351	144912	1590.92	2692	57	17545	19345	200041	4	2456	100150	100337	100041	101752
352	191037	33244.3	2265	66	17989	19789	200041	6	2087	101246	101182	100584	101930	101121	100563
353	208972	49269.2	2373	57	17864	19664	200041	7	2184	101477	100736	101986	100431	101503	101336	101652
354	200076	57719.2	2691	61	17553	19353	200041	4	2523	101247	100536	100676	100070
355	176982	25295.9	2146	66	18108	19908	200041	5	1966	100618	100783	101924	100554	100685
356	150763	8863.5	2903	60	17340	19140	200041	7	2666	100073	101723	100403	101114	101763	100168	101994
357	42591.9	138642	1307	65	33345	33945	200042	2	1051	100720	100545
358	81168.1	164117	3013	66	31641	32241	200042	4	2835	100603	101575	101278	100969
359	36759.5	117656	2607	64	32043	32643	200042	5	2433	100342	101133	100274	100909	100428
360	67703.1	141150	1581	65	33071	33671	200042	2	1358	101017	100586
361	37023.3	107164	4151	65	30501	31101	200042	6	3967	101852	100739	100915	101538	101373	101965
362	78583.4	147267	2808	55	31825	32425	200042	4	2646	100085	101119	100781	100707
363	11088.6	135022	4356	64	30294	30894	200042	8	4185	100910	101194	101847	101677	100484	101086	100459	100042
364	60182.4	194844	5162	63	29486	30086	200042	5	4990	100687	100221	100517	100937	100172
365	51452.2	110156	2131	56	32504	33104	200042	2	1837	100135	100800
366	136199	100157	4968	62	13778	14678	200043	8	4772	101845	100238	101475	100401	101334	100704	101741	101989
367	105644	119051	2714	61	16030	16930	200043	6	2476	101259	100649	101252	101829	100982	100096
368	110325	71593.6	5524	54	13207	14107	200043	8	5367	101049	100970	101490	101338	100684	101736	101228	101344
369	97340.9	105945	2374	66	16380	17280	200043	3	2191	101367	100911	101756
370	117762	106783	4236	61	14508	15408	200043	5	4014	101587	101184	100043	101899	101136
371	92349.9	103353	3149	63	15599	16499	200043	4	2902	101675	100546	101630	100779
372	47628.5	71194.5	3805	61	14939	15839	200043	6	3635	101458	100951	101603	101771	101332	100917
373	76649.7	99483.3	1805	60	16938	17838	200043	2	1493	101081	101708
374	103947	87560.7	4803	65	13949	14849	200043	4	4625	101129	100468	101062	100578
375	68818.9	114942	4187	66	15767	16667	200044	4	4001	101023	101743	100272	100322
376	48847.8	102570	2028	64	17922	18822	200044	4	1758	100636	100131	100305	101757
377	43008.6	137667	4306	65	15646	16546	200044	7	4122	101572	100553	100582	101467	101112	100841	100869
378	45144.7	111456	3713	62	16233	17133	200044	6	3535	100624	101037	100590	101938	101227	101554
379	51138.3	90645.1	3836	59	16105	17005	200044	6	3671	101790	100732	101596	101310	100765	101315
380	20898.3	59503.7	3090	59	16851	17751	200044	5	2858	100962	100936	101303	101877	100777
381	61742.5	125997	2298	64	17652	18552	200044	4	2072	101254	100806	100079	100627
382	34998.1	111061	1261	59	18680	19580	200044	3	1021	100568	100734	100044
383	54294.1	107735	2365	66	31989	33189	200045	2	2031	100957	101386
384	37781.4	107755	2803	66	31551	32751	200045	8	2620	101814	101369	100943	101027	101567	101695	101483	100357
385	43853.1	158758	4411	60	29932	31132	200045	8	4242	101537	100287	100572	101889	100815	100321	101066	100187
386	66260.1	119389	2887	61	31457	32657	200045	4	2711	100693	100045	101739	100914
387	55560.9	139440	3357	49	30965	32165	200045	6	3193	100120	101760	101275	100178	100956	101204
388	37705.7	117191	1635	53	32694	33894	200045	2	1448	101180	100891
389	21137.5	104633	2634	60	31709	32909	200045	4	2418	100933	100797	100864	101168
390	156603	152137	2224	56	20111	20711	200046	4	1969	100209	101170	100303	101625
391	143735	177068	2603	60	19740	20340	200046	3	2428	101224	100285	101387
392	196251	148134	5193	66	17161	17761	200046	11	5013	101844	101857	100312	100134	101724	100163	101476	100173	101031	101506	100550
393	139472	177555	2640	66	19714	20314	200046	3	2389	100670	100130	100046
394	158385	162529	1852	60	20491	21091	200046	4	1659	100378	101923	101283	101565
395	192733	137064	2584	63	19764	20364	200046	5	2415	101685	100814	100921	101601	101152
396	151610	161664	4419	64	17931	18531	200046	6	4245	101606	101364	100112	100580	100160	100099
397	128790	184159	4111	64	18239	18839	200046	7	3935	100977	101103	101233	100072	100727	101092	101420
398	31363.8	184848	2379	66	33475	34375	200047	1	2035	100171
399	95437.9	206200	2583	65	33269	34169	200047	6	2399	100198	100246	101584	101262	100647	100662
400	128093	197589	2638	62	33208	34108	200047	4	2463	101243	101196	101656	101821
401	66055	158866	2082	66	33772	34672	200047	1	1738	101646
402	102117	205059	1387	57	34450	35350	200047	2	1086	101594	100812
403	96900.2	182216	1450	65	34402	35302	200047	3	1170	101660	101913	101409
404	102038	171722	3381	64	32469	33369	200047	5	3184	100852	100475	101665	101612	101466
405	80118	158018	3869	65	31983	32883	200047	5	3688	101134	101701	100444	101033	100288
406	83521	153098	2175	66	33679	34579	200047	4	1997	100205	100566	100557	101230
407	61126.1	172541	3614	66	32240	33140	200047	4	3439	100445	100515	101020	100539
408	81229.3	163863	5458	64	30392	31292	200047	6	5276	100240	100047	100248	101484	100422	101789
409	87842.6	185398	1116	35	34679	35579	200047	5	989	100293	101811	100379	100758	100600
410	58084.5	16162.7	1956	59	28785	29985	200048	3	1783	100048	100286	101240
411	25892.1	64373.6	2402	63	28346	29546	200048	2	2225	100698	101352
412	18575.6	47302.6	1802	66	28952	30152	200048	2	1481	101577	100330
413	34207.8	45173.3	2115	62	28631	29831	200048	3	1854	101865	101095	100994
414	54677.6	2800	1924	66	28830	30030	200048	5	1681	101856	100298	101696	100808	100435
415	15586.1	63047.1	3268	64	27482	28682	200048	6	3089	101044	101209	101202	101039	100470	100394
416	50335.8	24872.4	2469	66	28285	29485	200048	4	2247	100766	100229	100189	101351
417	62129.3	7373.57	2201	64	28549	29749	200048	5	2030	101541	100718	100524	100425	100352
418	22063.8	46950.5	3954	64	26796	27996	200048	9	3757	100332	101802	100281	101854	100789	100200	100334	101539	100388
419	85018.7	126489	3195	61	30549	31449	200049	4	3022	100615	101237	100508	100564
420	25189.1	106607	5285	59	28456	29356	200049	7	5120	101147	100095	101151	100804	101186	101653	101083
421	68280.7	136152	1436	50	32288	33188	200049	3	1182	100222	101519	100776
422	23289.2	109420	2999	64	30751	31651	200049	5	2817	101118	101257	100164	100263	101077
423	66943.3	123885	3206	63	30542	31442	200049	7	3029	100760	101098	101910	101698	100477	101431	100538
424	36378.6	158943	1179	66	32575	33475	200049	1	835	100986
425	52091.3	99082.1	2957	52	30770	31670	200049	4	2770	100049	101004	101716	101590
426	35943.3	130907	716	66	33038	33938	200049	1	372	100829
427	60931.1	155322	5447	64	28303	29203	200049	8	5271	101737	100210	100310	100839	101869	101748	101366	100284
428	184658	114738	1567	64	22883	23483	200050	2	1367	100640	101850
429	159726	82064.8	1279	63	23169	23769	200050	1	949	101969
430	149146	62299.9	2458	63	21990	22590	200050	4	2281	100559	100191	100199	101061
431	188101	85157.8	623	58	23816	24416	200050	2	432	101370	100363
432	187460	82606.6	454	60	23989	24589	200050	2	279	100126	101312
433	182097	129162	3164	64	21286	21886	200050	4	2920	101416	101482	100197	100984
434	183349	50224.7	3675	66	20779	21379	200050	7	3466	101360	100050	100581	101139	100501	101968	100230
435	199079	109504	2794	66	21660	22260	200050	5	2598	101688	100447	101699	101274	101041
436	159811	90939.1	2429	65	22023	22623	200050	4	2209	101078	101815	100262	101523
437	196145	95467.7	1678	66	22776	23376	200050	3	1495	101436	101522	100062
DIMENSION: 438
SOLVETIME: 174.06
DEPOT_SECTION
1
-1
EOF
