SCHOOLNODENUMBER: 50
SCHNODE_COORD_SECTION
200001	61470.8	110476	830	855	25
200002	34567.3	135143	515	530	15
200003	16236.2	54870.6	755	810	15
200004	153081	88329.3	520	530	10
200005	131185	22333.7	900	910	10
200006	200623	177619	740	755	15
200007	205483	121150	955	1025	30
200008	110824	68354.6	525	555	30
200009	132494	97836.4	920	935	15
200010	159391	10029.2	755	815	20
200011	164593	21134.8	920	950	30
200012	27754.4	54993.1	715	745	30
200013	42765.9	147480	815	830	15
200014	110689	148356	735	800	25
200015	159082	179333	930	950	20
200016	210330	33129.9	740	755	15
200017	105455	28340.9	1035	1100	25
200018	51789.7	26561.9	915	935	20
200019	100118	182447	940	955	15
200020	142027	133248	555	625	30
200021	11627.7	198567	525	545	20
200022	15024.5	29449.5	815	840	25
200023	204522	178586	840	855	15
200024	199437	129845	535	545	10
200025	193668	159655	625	640	15
200026	94194.7	146223	850	900	10
200027	176381	164496	550	620	30
200028	200178	207030	720	735	15
200029	161982	66955.9	630	700	30
200030	48566.9	102490	545	610	25
200031	78248.5	117515	855	925	30
200032	62940.4	34522.1	520	545	25
200033	9848.73	16816.3	450	515	25
200034	174061	125881	620	635	15
200035	146345	127602	610	635	25
200036	45092.8	166868	800	825	25
200037	17422.2	178612	500	510	10
200038	62457	22043.6	510	525	15
200039	183343	106931	920	930	10
200040	135439	63398	1025	1035	10
200041	44512.7	81903.1	1035	1050	15
200042	106216	151431	850	920	30
200043	7173.85	133074	510	535	25
200044	80665.5	121092	510	520	10
200045	190587	15681.9	630	655	25
200046	46433.4	82902.1	710	725	15
200047	111056	158630	600	630	30
200048	45311.9	116909	825	845	20
200049	187577	104359	630	645	15
200050	55296	204149	935	945	10
MAX_RIDING_TIME: 5400
EDGE_WEIGHT_FORMAT: FUNCTION
EDGE_WEIGHT_TYPE: MAN_2D
NODE_COORD_TYPE: TWOD_COORDS
NODE_COORD_SECTION
0	105600	105600	0	0	0	0	0	0	0
1	72234.1	114026	830	35	29865	31365	200001	4	688	100658	100479	100108	100194
2	66401.2	115607	5381	66	25373	26873	200001	6	5203	100867	100928	100885	100345	100079	100636
3	104865	98677.1	3062	63	27686	29186	200001	4	2890	100760	100168	100294	100429
4	75734	70246.7	5540	66	25214	26714	200001	5	5362	100623	100290	100675	100725	100001
5	65862.5	163405	3380	42	15628	16528	200002	5	3225	100970	100450	100911	100856	100187
6	37187.5	111557	4321	65	14731	15631	200002	11	4143	100002	100778	100662	100575	100968	100180	100646	100542	100997	100395	100502
7	62455	45757.7	2960	65	25692	26592	200003	7	2779	100271	100961	100160	100772	100115	100722	100462
8	43705.4	70600.3	1843	64	26807	27707	200003	3	1664	100086	100384	100505
9	23477.7	71166.1	1528	44	27084	27984	200003	4	1361	100449	100246	100727	100003
10	43790.8	54870.6	4129	66	24525	25425	200003	4	3954	100455	100751	100776	100870
11	22969.2	100663	2106	52	26521	27421	200003	3	1953	100188	100947	100106
12	14558.5	71296.1	4510	51	24115	25015	200003	10	4364	100625	100581	100063	100518	100497	100222	100789	100801	100183	100756
13	106830	84637	3274	57	16063	16663	200004	5	3105	100980	100950	100004	100874	100853
14	139602	91111	1411	62	17935	18535	200004	3	1171	100668	100915	100642
15	134005	131001	3327	64	16023	16623	200004	5	3125	100981	100544	100679	100686	100689
16	177510	99379.9	5447	40	13858	14458	200004	8	5318	100982	100392	100190	100387	100361	100368	100993	100626
17	167022	41904.8	3924	65	28628	29228	200005	6	3751	100256	100452	100529	100328	100200	100898
18	125366	36695.3	3792	57	28745	29345	200005	8	3631	100765	100978	100167	100699	100134	100453	100805	100457
19	120297	30695.2	1004	63	31544	32144	200005	2	744	100705	100402
20	104274	42434	4348	62	28198	28798	200005	6	4131	100354	100922	100207	100377	100367	100436
21	107225	24887.5	2339	63	30209	30809	200005	6	2167	100229	100579	100005	100615	100202	100398
22	144041	171079	5088	63	22660	23560	200006	4	4859	100641	100371	100266	100084
23	185082	162283	5449	58	22290	23190	200006	9	5219	100006	100758	100935	100129	100890	100204	100684	100237	100593
24	185979	103847	3603	60	32240	34040	200007	6	3436	100640	100629	100231	100488	100264	100170
25	174459	115601	4723	66	31131	32931	200007	6	4548	100336	100613	100852	100244	100871	100563
26	202632	107544	1092	61	34752	36552	200007	2	885	100126	100068
27	194472	113150	4484	53	31345	33145	200007	6	4303	100296	100144	100406	100007	100463	100869
28	164802	113873	1979	62	33867	35667	200007	2	1775	100500	100233
29	104645	110368	3512	65	16140	17940	200008	6	3336	100008	100631	100344	100097	100862	100431
30	110326	84427.6	5194	65	14458	16258	200008	7	5010	100920	100761	100112	100174	100526	100378	100113
31	136955	53010.3	5458	54	14173	15973	200008	6	5301	100721	100474	100362	100796	100600	100578
32	123036	104581	4824	37	28875	29775	200009	7	4688	100103	100965	100635	100931	100799	100595	100517
33	138672	42223.4	4301	57	29436	30336	200009	3	4140	100768	100815	100777
34	75998.9	99835.8	5550	66	28204	29104	200009	4	5367	100009	100905	100892	100111
35	186817	42358.1	4797	65	23855	25055	200010	9	4616	100243	100608	100986	100331	100451	100782	100659	100401	100062
36	125532	38813.1	2845	50	25779	26979	200010	5	2658	100665	100366	100058	100670	100616
37	133132	34599.3	2739	61	25905	27105	200010	5	2563	100823	100648	100010	100938	100957
38	128389	38256.3	2495	54	26136	27336	200010	5	2340	100473	100753	100695	100219	100253
39	117122	20325.1	3214	61	25430	26630	200010	5	3049	100553	100516	100057	100282	100138
40	139767	12098.4	4969	60	28774	30574	200011	5	4800	100715	100647	100716	100755	100155
41	136852	50002.5	4568	66	29186	30986	200011	5	4382	100937	100891	100942	100934	100365
42	131343	47615.9	3095	52	30632	32432	200011	5	2942	100011	100318	100818	100940	100711
43	169441	47569.2	4172	64	29578	31378	200011	3	3951	100958	100548	100329
44	30672.8	83573.7	5493	65	20759	22559	200012	4	5211	100943	100948	100258	100927
45	85357.9	54993.1	2194	41	24012	25812	200012	1	1963	100012
46	30862.3	91879.7	5109	63	21139	22939	200012	9	4875	100211	100619	100804	100085	100100	100975	100051	100341	100209
47	55002.2	70036.1	3155	60	23088	24888	200012	3	2991	100610	100066	100713
48	27651.1	112846	4645	64	25205	26105	200013	4	4466	100590	100570	100324	100421
49	53905.2	128318	2499	63	27349	28249	200013	3	2325	100393	100149	100254
50	54039.9	102076	2174	39	27629	28529	200013	2	2042	100252	100098
51	23806.9	142683	3868	65	25984	26884	200013	6	3656	100013	100790	100534	100706	100808	100914
52	50866	114859	2548	39	27255	28155	200013	5	2424	100260	100408	100719	100783	100376
53	116365	147547	497	51	26928	28428	200014	1	221	100274
54	113026	117349	1421	53	26008	27508	200014	1	1136	100456
55	81598.9	136117	4414	64	23036	24536	200014	5	4219	100791	100065	100276	100580	100014
56	120092	115506	5498	65	21954	23454	200014	4	5268	100949	100414	100128	100326
57	126438	117616	1845	39	25558	27058	200014	3	1645	100929	100082	100156
58	140472	149778	5488	42	28820	30020	200015	4	5330	100740	100712	100191	100152
59	113665	178779	4656	64	29694	30894	200015	6	4485	100709	100340	100151	100547	100661	100015
60	151731	170511	1086	62	33260	34460	200015	2	828	100337	100939
61	163090	136334	2423	60	31920	33120	200015	3	2248	100681	100591	100410
62	174669	10453.3	2827	65	24925	25825	200016	7	2602	100396	100315	100710	100857	100618	100277	100574
63	199857	85024.8	2765	62	24981	25881	200016	4	2590	100416	100666	100660	100283
64	200142	62693.3	1839	66	25915	26815	200016	3	1578	100208	100700	100316
65	174655	18849.2	3782	65	23970	24870	200016	5	3609	100599	100932	100754	100622	100461
66	189069	70460.8	2472	62	25274	26174	200016	4	2297	100807	100786	100692	100985
67	195945	69204.2	2805	65	24947	25847	200016	4	2580	100912	100016	100682	100946
68	132951	8364.71	2971	64	35279	36779	200017	5	2753	100335	100349	100322	100017	100513
69	96873.2	5429.85	4937	50	33287	34787	200017	9	4792	100304	100840	100094	100876	100822	100624	100604	100676	100483
70	75137.8	65922.8	4784	29	28600	29800	200018	9	4676	100602	100441	100549	100781	100515	100749	100192	100788	100130
71	54081.8	61054.7	5457	32	27932	29132	200018	4	5336	100419	100854	100763	100769
72	78812.5	2590.27	4493	35	28902	30102	200018	7	4366	100480	100475	100900	100018	100973	100267	100525
73	74123.9	151250	5420	42	29488	30388	200019	7	5280	100257	100218	100019	100901	100533	100494	100962
74	87890	167771	4593	33	30298	31198	200019	5	4431	100844	100643	100145	100308	100573
75	109972	131285	5312	48	29608	30508	200019	6	5168	100959	100230	100884	100903	100743	100484
76	120946	134368	1723	23	19649	21449	200020	2	1625	100369	100601
77	160064	91922.3	4712	57	16725	18525	200020	4	4510	100685	100908	100102	100991
78	154578	181954	3949	66	17505	19305	200020	4	3771	100054	100213	100879	100750
79	118090	111243	1924	61	19520	21320	200020	3	1756	100426	100798	100020
80	46026.3	183286	3549	64	16101	17301	200021	9	3370	100812	100420	100021	100070	100141	100838	100465	100163	100887
81	23710.1	163951	1909	56	17726	18926	200021	2	1703	100688	100268
82	3399.64	155618	2261	23	17311	18511	200021	3	2165	100228	100478	100364
83	35322	55168.1	3840	66	26014	27514	200022	6	3654	100825	100552	100118	100632	100830	100536
84	71555.6	30450.4	3715	66	26139	27639	200022	5	3540	100052	100357	100022	100996	100592
85	64468.5	42426.1	2513	33	27278	28778	200022	3	2349	100926	100242	100691
86	42469.1	45894.9	1853	49	27969	29469	200022	4	1710	100708	100495	100528	100828
87	33282.4	74513	3040	59	26801	28301	200022	5	2873	100226	100351	100994	100235	100394
88	154511	165932	3130	51	28195	29095	200023	5	2971	100652	100074	100811	100507	100303
89	178649	204516	2449	41	28857	29757	200023	7	2306	100999	100215	100546	100227	100535	100557	100995
90	179731	149881	2204	66	29150	30050	200023	3	2018	100023	100576	100847
91	189294	143690	2452	46	28864	29764	200023	3	2304	100797	100445	100466
92	186375	117404	1308	65	18944	19544	200024	2	997	100650	100363
93	147603	121517	4035	65	16217	16817	200024	7	3815	100809	100907	100732	100672	100372	100289	100173
94	170849	113730	1850	58	18389	18989	200024	2	1594	100834	101000
95	167065	99628.9	4566	54	15665	16265	200024	8	4344	100347	100880	100024	100355	100280	100521	100489	100435
96	182524	108902	4933	63	15315	15915	200024	4	4712	100988	100902	100083	100440
97	183755	168112	5390	62	17856	18756	200025	7	5218	100332	100634	100784	100726	100933	100556	100560
98	201085	115750	2679	65	20573	21473	200025	4	2493	100481	100864	100669	100262
99	157702	161566	2815	53	20414	21314	200025	4	2665	100203	100865	100025	100092
100	187510	132930	2734	52	20493	21393	200025	5	2552	100299	100055	100143	100728	100123
101	87455.6	132473	1384	33	30507	31107	200026	3	1202	100614	100026	100605
102	79993.5	108309	5293	62	26653	27253	200026	6	5123	100620	100468	100723	100405	100837	100309
103	116588	118361	2323	61	29621	30221	200026	4	2025	100889	100598	100241	100663
104	101136	132675	4565	60	27378	27978	200026	6	4401	100696	100875	100346	100522	100131	100757
105	149469	191486	2667	65	18485	20285	200027	4	2494	100747	100504	100142	100512
106	198091	128628	3222	59	17919	19719	200027	5	3049	100509	100966	100971	100651	100334
107	181024	159400	5511	63	15637	17437	200027	7	5326	100135	100027	100596	100139	100729	100397	100186
108	163149	132649	1967	63	19181	20981	200027	3	1790	100477	100510	100654
109	144658	159399	1798	48	19322	21122	200027	3	1649	100589	100952	100216
110	192474	162821	2400	46	24116	25016	200028	3	2258	100380	100680	100690
111	152417	198964	3147	52	23380	24280	200028	6	2996	100738	100458	100471	100565	100116	100989
112	187587	176673	1916	64	24634	25534	200028	3	1698	100969	100028	100124
113	206418	150859	3085	63	23463	24363	200028	7	2903	100390	100444	100501	100120	100496	100702	100469
114	183262	166282	3132	65	23420	24320	200028	4	2894	100577	100835	100873	100136
115	153630	117515	3546	63	20002	21802	200029	4	3299	100930	100172	100742	100861
116	161173	30336.7	4356	58	19183	20983	200029	7	4185	100586	100029	100839	100587	100425	100637	100831
117	161659	65280.3	313	44	23199	24999	200029	1	68	100370
118	164768	87135.6	4693	60	18850	20650	200029	4	4529	100423	100899	100297	100842
119	146530	80182.5	2055	51	21470	23270	200029	3	1901	100236	100358	100059
120	177912	76122.4	2171	66	21383	23183	200029	2	1949	100293	100359
121	53086	107029	3395	17	17366	18866	200030	4	3302	100300	100030	100433	100224
122	69973	88878.7	5419	65	15433	16933	200030	7	5241	100404	100746	100833	100133	100703	100956	100904
123	57314.3	99169.3	5279	12	15472	16972	200030	5	5204	100305	100664	100284	100829	100078
124	115771	104770	2685	66	29569	31369	200031	3	2502	100031	100720	100389
125	95899.2	141585	4116	62	28130	29930	200031	5	3941	100795	100147	100718	100511	100850
126	91901.3	97821.5	3035	65	29217	31017	200031	4	2859	100612	100157	100748	100159
127	81780.8	133552	2320	45	29894	31694	200031	4	2185	100467	100199	100110	100184
128	75121.7	102695	874	48	31346	33146	200031	1	611	100415
129	83985.8	105810	862	49	31360	33160	200031	1	594	100060
130	42006.6	113326	3543	54	28688	30488	200031	3	3362	100171	100960	100597
131	90401.4	52674	5488	64	13862	15362	200032	4	5208	100295	100348	100559	100210
132	98237.7	29809	2796	65	16556	18056	200032	4	2597	100399	100851	100080	100438
133	64759.4	93277	5295	52	14032	15532	200032	7	5142	100032	100627	100076	100381	100963	100342	100492
134	106338	19472.6	5112	65	14240	15740	200032	9	4934	100717	100286	100628	100779	100162	100617	100333	100221	100836
135	16921	64916	2945	49	14577	16077	200033	7	2797	100122	100752	100803	100657	100033	100439	100119
136	65234.9	19760.6	3711	48	13809	15309	200033	6	3562	100895	100418	100310	100737	100881	100687
137	40476.2	27829.1	1777	61	15767	17267	200033	3	1604	100428	100701	100539
138	162352	108335	3092	65	19860	20760	200034	4	2911	100524	100820	100201	100793
139	157338	99834.3	4385	66	18569	19469	200034	6	4202	100403	100430	100649	100107	100571	100974
140	163332	111518	4541	65	18411	19311	200034	6	4248	100307	100936	100848	100034	100896	100998
141	161096	98810.4	1975	58	20364	21864	200035	4	1690	100302	100855	100639	100088
142	171467	93974.3	2431	65	19921	21421	200035	4	2214	100814	100741	100179	100238
143	117326	119156	2586	66	19768	21268	200035	3	2411	100944	100176	100921
144	99004.3	140925	5251	49	17071	18571	200035	4	5103	100806	100992	100279	100382
145	185437	106471	3961	63	18387	19887	200035	5	3789	100585	100035	100417	100437	100193
146	153068	100529	1505	64	20845	22345	200035	2	1248	100385	100638
147	136962	174097	2267	66	20087	21587	200035	2	2024	100611	100972
148	60262.4	118736	2674	55	26259	27759	200036	5	2468	100036	100460	100734	100321	100240
149	91268.4	178987	5157	60	23786	25286	200036	7	4933	100555	100067	100498	100976	100707	100206	100140
150	51346.4	179918	4907	66	24047	25547	200036	5	4667	100530	100821	100292	100886	100454
151	43392	124158	4627	60	24316	25816	200036	6	4403	100338	100105	100984	100197	100339	100878
152	62479.5	186260	4587	66	13567	14167	200037	6	4401	100566	100564	100697	100977	100313	100447
153	23161.3	134141	2403	24	15671	16271	200037	4	2290	100214	100693	100269	100683
154	42633.1	170591	1959	57	16178	16778	200037	3	1733	100291	100071	100990
155	9055.79	130605	2997	63	15151	15751	200037	6	2823	100551	100919	100037	100877	100987	100448
156	73603	695.13	4280	66	14474	15374	200038	4	4100	100273	100114	100849	100422
157	107249	16868	2694	54	16037	16937	200038	6	2539	100205	100967	100671	100038	100561	100352
158	63893.1	43655.3	1314	64	17436	18336	200038	2	1067	100816	100319
159	81277.7	56496	5268	41	13438	14338	200038	7	5102	100350	100735	100327	100785	100391	100459	100287
160	167353	141868	2417	61	31327	31927	200039	3	2200	100941	100582	100558
161	187344	100026	3530	63	30218	30818	200039	4	3356	100039	100400	100531	100744
162	176431	113398	814	65	32938	33538	200039	2	589	100247	100568
163	180685	146901	4023	58	29716	30316	200039	7	3852	100678	100519	100470	100655	100677	100195	100794
164	184192	97812.3	2359	48	31361	31961	200039	3	2150	100053	100656	100125
165	101967	66965.8	2682	62	34964	35564	200040	7	2504	100918	100771	100064	100325	100813	100644	100523
166	154025	91789	4736	66	32918	33518	200040	5	4475	100301	100503	100537	100863	100826
167	131941	104909	3631	65	34021	34621	200040	5	3450	100413	100766	100859	100239	100245
168	118681	30684.5	3883	44	33729	34329	200040	5	3726	100745	100217	100386	100196	100550
169	114064	98019.7	3382	57	34255	34855	200040	6	3224	100073	100040	100261	100538	100773	100832
170	67090.1	115095	2241	61	36003	36903	200041	2	1982	100540	100883
171	84922.1	82618.5	4018	50	34206	35106	200041	4	3868	100964	100860	100633	100343
172	45935.4	88954.2	973	64	37277	38177	200041	4	784	100607	100379	100374	100223
173	56812	35870.2	5453	65	32799	33699	200041	6	5220	100093	100041	100780	100353	100464	100472
174	106284	136041	1020	16	30839	32639	200042	2	935	100532	100360
175	106903	120384	5028	51	26897	28697	200042	4	4871	100250	100042	100802	100724
176	80977.1	113611	5287	62	26659	28459	200042	8	5102	100189	100181	100164	100275	100442	100288	100121	100146
177	129613	114275	4961	60	26982	28782	200042	6	4792	100075	100248	100089	100251	100759	100446
178	57071.7	132505	4033	66	14721	16221	200043	5	3847	100917	100770	100069	100198	100514
179	58762.1	125722	4034	51	14691	16191	200043	5	3888	100800	100225	100736	100043	100061
180	33821.8	104383	3196	55	15537	17037	200043	4	2925	100603	100081	100704	100424
181	77495.8	109227	1856	52	16871	17471	200044	3	1671	100096	100583	100645
182	119224	114898	1864	45	16850	17450	200044	3	1638	100044	100132	100306
183	79440.4	99810.9	3649	54	15082	15682	200044	4	3492	100153	100841	100117	100817
184	114445	147033	2996	57	15741	16341	200044	4	2807	100263	100916	100137	100109
185	81443.5	110771	3606	62	15140	15740	200044	4	3418	100161	100177	100077	100312
186	167502	54218.1	4275	61	19269	20769	200045	5	4105	100485	100232	100330	100767	100434
187	139024	27278.9	4732	62	18814	20314	200045	7	4554	100913	100493	100906	100101	100694	100499	100945
188	166355	44244.5	3191	46	20325	21825	200045	9	3051	100845	100491	100554	100045	100594	100165	100320	100272	100432
189	22412.6	118214	5450	56	20485	21385	200046	2	5164	100520	100427
190	77555.5	102308	4333	57	21604	22504	200046	3	4112	100787	100733	100166
191	70556.7	64715.2	5299	59	20642	21542	200046	5	5129	100443	100255	100653	100739	100185
192	98485	93646.2	3450	50	22474	23374	200046	7	3305	100090	100983	100979	100545	100046	100127	100606
193	100285	126450	4885	52	16842	18642	200047	6	4737	100953	100486	100792	100888	100104	100764
194	121831	111699	4380	61	17364	19164	200047	6	4197	100373	100285	100388	100508	100909	100259
195	103847	149661	900	59	20841	22641	200047	3	655	100175	100323	100506
196	102894	199079	2709	59	19032	20832	200047	5	2539	100047	100412	100234	100858	100667
197	79301.4	90326.8	2413	51	28012	29212	200048	5	2152	100762	100048	100278	100411	100212
198	55878.2	105717	2566	66	27888	29088	200048	3	2388	100621	100281	100923
199	83290.8	114554	3243	54	27188	28388	200048	5	3080	100630	100314	100543	100409	100714
200	70526	111003	1952	63	28496	29696	200048	4	1679	100866	100476	100872	100265
201	61050.4	143441	4648	63	25800	27000	200048	4	4476	100541	100819	100169	100810
202	53702.9	87594.6	5438	65	25014	26214	200048	5	5257	100897	100584	100609	100298	100072
203	173842	121761	5007	58	18532	19432	200049	5	4842	100775	100894	100375	100673	100846
204	162488	113369	1632	55	21901	22801	200049	2	1449	100383	100490
205	149684	87620.4	3655	61	19889	20789	200049	2	3401	100148	100099
206	180906	103044	1816	65	21736	22636	200049	4	1570	100910	100407	100150	100356
207	156149	126770	4475	65	19077	19977	200049	6	4302	100154	100572	100567	100311	100317	100095
208	178358	54269.8	3120	66	20434	21334	200049	5	2937	100056	100730	100527	100049	100893
209	69123.5	182190	2046	66	32608	33208	200050	3	1866	100951	100220	100588
210	63953.8	179729	3982	66	30672	31272	200050	3	3804	100827	100824	100050
211	87644.7	198953	2247	66	32407	33007	200050	3	1963	100955	100482	100954
212	34097.3	182475	1814	64	32836	33436	200050	2	1515	100925	100487
213	53182.3	150043	4666	66	29988	30588	200050	8	4473	100182	100569	100868	100674	100087	100178	100731	100562
214	80411.5	205930	2016	64	32634	33234	200050	5	1837	100270	100091	100924	100774	100843
215	26717.1	191524	3481	66	31173	31773	200050	4	3210	100249	100158	100698	100882
DIMENSION: 216
SOLVETIME: 54.221
DEPOT_SECTION
1
-1
EOF
