SCHOOLNODENUMBER: 12
SCHNODE_COORD_SECTION
200001	151386	175292	940	1005	25
200002	83372.7	127486	630	655	25
200003	160893	122239	655	710	15
200004	76102.1	158347	715	745	30
200005	210581	9391.1	835	900	25
200006	87639.6	91642.2	510	535	25
200007	47516.3	55192.9	510	535	25
200008	185637	94897.2	550	600	10
200009	203685	156155	855	915	20
200010	127434	131250	825	840	15
200011	49765.8	22978.2	835	850	15
200012	119951	3190.52	840	855	15
MAX_RIDING_TIME: 5400
EDGE_WEIGHT_FORMAT: FUNCTION
EDGE_WEIGHT_TYPE: MAN_2D
NODE_COORD_TYPE: TWOD_COORDS
NODE_COORD_SECTION
0	105600	105600	0	0	0	0	0	0	0
1	139984	132612	2193	41	32713	34213	200001	2	2001	100390	100472
2	121528	160492	3618	56	31317	32817	200001	7	3451	100182	100397	100450	100018	100394	100484	100354
3	129424	143612	3005	64	31945	33445	200001	6	2834	100301	100281	100059	100025	100345	100446
4	105796	167137	2664	61	32280	33780	200001	4	2416	100105	100088	100284	100305
5	137797	193822	4620	65	30332	31832	200001	7	4442	100157	100400	100131	100209	100469	100432	100366
6	155618	175255	5229	66	29725	31225	200001	10	5054	100392	100251	100232	100419	100171	100065	100324	100445	100320	100314
7	176810	154673	4807	59	30134	31634	200001	6	4616	100198	100248	100001	100023	100494	100481
8	90336.1	82882.5	4094	65	19458	20958	200002	6	3877	100421	100495	100357	100233	100370	100348
9	109809	108280	1984	62	21562	23062	200002	3	1710	100201	100418	100161
10	84027.6	116115	1291	65	22261	23761	200002	3	1048	100143	100140	100162
11	68449	100733	2796	59	20745	22245	200002	5	2629	100451	100410	100497	100244	100064
12	77481.6	145616	4061	64	19489	20989	200002	5	3882	100258	100261	100053	100138	100186
13	88046.9	141051	2716	64	20834	22334	200002	3	2542	100234	100100	100276
14	88408.6	125471	784	65	22768	24268	200002	2	512	100068	100055
15	109380	150149	2019	62	21527	23027	200002	3	1774	100149	100145	100361
16	118430	100069	2474	54	21057	22557	200002	4	2322	100038	100465	100300	100206
17	102801	147001	3426	61	20118	21618	200002	6	3240	100119	100374	100460	100294	100369	100083
18	54151.1	107796	3471	63	20077	21577	200002	6	3294	100382	100355	100187	100330	100309	100462
19	86504.7	135627	1192	62	22354	23854	200002	3	916	100434	100137	100002
20	99640.2	113808	1677	59	21864	23364	200002	3	1403	100024	100169	100154
21	114602	97741.6	3237	58	20302	21802	200002	3	3007	100262	100177	100414
22	131378	104906	5180	65	19872	20772	200003	4	4996	100317	100219	100113	100468
23	139199	106477	4350	65	20702	21602	200003	5	4151	100263	100168	100316	100166	100130
24	147889	138715	4156	65	20896	21796	200003	4	3983	100403	100196	100176	100362
25	201342	109295	2164	66	22890	23790	200003	1	1820	100347
26	117596	118010	3903	65	21149	22049	200003	3	3730	100175	100228	100129
27	131493	107012	3936	64	21114	22014	200003	6	3757	100082	100439	100081	100047	100380	100117
28	168212	119461	916	63	24132	25032	200003	2	661	100029	100180
29	102271	126395	4207	52	20820	21720	200003	4	4051	100214	100331	100103	100015
30	172865	153359	1813	66	23241	24141	200003	1	1469	100500
31	116666	114328	3778	58	21261	22161	200003	3	3597	100042	100376	100409
32	136120	114311	4642	66	20412	21312	200003	7	4443	100199	100293	100455	100104	100133	100496	100474
33	114496	126355	3359	47	21659	22559	200003	3	3217	100373	100379	100071
34	156897	103303	3795	59	21246	22146	200003	7	3620	100194	100208	100013	100017	100179	100099	100106
35	148553	87431.3	2570	56	22465	23365	200003	3	2411	100003	100323	100264
36	129189	148853	3358	56	22877	24677	200004	7	3181	100329	100026	100239	100452	100152	100052	100046
37	102904	180481	5432	55	20801	22601	200004	7	5278	100271	100019	100475	100147	100292	100146	100238
38	51605.5	130485	5382	43	20828	22628	200004	10	5243	100423	100098	100402	100337	100094	100139	100420	100142	100164	100430
39	79405.3	132752	5006	62	21240	23040	200004	8	4828	100401	100014	100035	100230	100115	100110	100459	100004
40	89467.8	161855	919	66	25335	27135	200004	1	575	100350
41	192203	15093.3	1300	61	29744	31244	200005	5	1114	100155	100289	100005	100493	100039
42	156039	14341.3	3580	65	27472	28972	200005	9	3378	100363	100327	100108	100313	100415	100287	100178	100334	100050
43	164551	9389.71	2220	64	28830	30330	200005	4	2038	100291	100349	100433	100297
44	199784	39010.2	1759	66	29295	30795	200005	3	1529	100073	100352	100093
45	188258	28499.3	1766	60	29277	30777	200005	3	1602	100226	100412	100275
46	188587	48556.5	2481	64	28569	30069	200005	3	2310	100267	100221	100087
47	194762	22497.9	1377	65	29675	31175	200005	2	1193	100269	100411
48	195148	39582.8	1930	65	29122	30622	200005	3	1661	100356	100371	100499
49	204027	62385.9	2812	66	28242	29742	200005	2	2551	100190	100160
50	170780	30452.4	2451	65	28601	30101	200005	3	2210	100086	100101	100224
51	210871	10839.1	403	66	30651	32151	200005	1	59	100444
52	62783.9	92081.6	3266	58	15473	16973	200006	3	2973	100441	100426	100151
53	114714	104765	1748	45	16966	18466	200006	4	1548	100165	100440	100299	100252
54	97963.6	42720.3	2363	66	16391	17891	200006	1	2019	100188
55	104433	88638.9	1382	60	17361	18861	200006	5	1197	100159	100148	100260	100307	100006
56	69321.7	122521	3537	64	15213	16713	200006	7	3363	100250	100310	100405	100338	100134	100351	100487
57	130778	97792.8	2024	66	16730	18230	200006	1	1680	100021
58	67046.1	113846	1802	66	16952	18452	200006	1	1458	100389
59	73065.2	119480	1789	66	16965	18465	200006	1	1445	100220
60	110399	64329.4	2985	66	15769	17269	200006	3	2799	100404	100225	100437
61	102588	108951	1604	41	17102	18602	200006	3	1394	100066	100431	100272
62	99392.8	65963.1	5455	66	13299	14799	200006	7	5269	100417	100365	100326	100030	100471	100256	100333
63	119282	121252	4576	63	14172	15672	200006	3	4378	100335	100408	100058
64	118108	83358	2598	66	16156	17656	200006	5	2379	100192	100254	100069	100290	100492
65	62676.5	70420.8	1866	66	16888	18388	200007	4	1686	100092	100040	100286	100429
66	63964	76033.4	4788	64	13962	15462	200007	7	4617	100358	100016	100144	100453	100089	100102	100028
67	52439.8	10875.5	2022	66	16732	18232	200007	1	1678	100156
68	20052.7	89431.1	2438	51	16287	17787	200007	4	2185	100007	100090	100482	100416
69	96280.2	56056.2	4613	55	14120	15620	200007	8	4454	100063	100057	100456	100218	100480	100435	100442	100454
70	52716.6	78802.4	1838	57	16899	18399	200007	2	1675	100060	100054
71	58953.9	4190.66	5183	59	13558	15058	200007	9	5013	100183	100422	100034	100243	100061	100193	100478	100311	100298
72	176355	62243.6	5198	65	15954	16554	200008	10	5022	100388	100413	100195	100476	100132	100342	100241	100031	100036	100126
73	157570	114911	4794	52	16333	16933	200008	7	4646	100202	100033	100045	100436	100200	100032	100222
74	148532	102555	4287	63	16861	17461	200008	9	4110	100464	100332	100097	100211	100207	100466	100438	100181	100174
75	143617	105132	3366	66	17788	18388	200008	6	3183	100341	100489	100027	100205	100283	100236
76	129792	101851	3835	64	17315	17915	200008	5	3653	100473	100091	100479	100037	100008
77	183962	93724.8	1054	63	20094	20694	200008	3	874	100483	100080	100116
78	161148	100862	1342	52	19785	20385	200008	2	1108	100253	100210
79	187715	111440	2977	64	29273	30473	200009	4	2801	100273	100125	100308	100049
80	177003	176374	4475	66	27779	28979	200009	8	4300	100078	100319	100461	100107	100364	100242	100077	100074
81	194107	102388	2569	53	29660	30860	200009	4	2323	100288	100406	100391	100384
82	146622	158175	3405	65	28847	30047	200009	6	3229	100344	100020	100009	100463	100277	100477
83	181390	138074	3197	65	29055	30255	200009	3	3021	100486	100062	100266
84	181137	173154	2929	64	29321	30521	200009	3	2685	100491	100235	100173
85	177753	189983	2770	65	29482	30682	200009	3	2534	100398	100485	100424
86	168963	139704	2439	60	29804	31004	200009	4	2267	100498	100340	100353	100158
87	206974	154482	513	66	31741	32941	200009	1	169	100339
88	156948	160537	2822	64	29428	30628	200009	3	2646	100084	100213	100285
89	100092	97228.3	4956	60	25487	26387	200010	6	4768	100096	100259	100212	100312	100467	100255
90	104442	124997	1901	64	28549	29449	200010	4	1730	100127	100428	100295	100490
91	101761	107649	2051	60	28392	29292	200010	4	1796	100135	100043	100372	100304
92	127189	75554	2415	53	28014	28914	200010	5	2265	100217	100449	100268	100223	100443
93	113421	155855	4648	64	25802	26702	200010	5	4420	100306	100488	100111	100128	100240
94	165937	111310	4506	56	25929	26829	200010	7	4350	100153	100231	100237	100378	100282	100112	100399
95	102965	122452	1557	53	28872	29772	200010	3	1402	100387	100022	100328
96	146787	99275.3	2753	53	27676	28576	200010	7	2595	100215	100359	100189	100383	100136	100302	100010
97	50975.1	31739.2	5093	66	25961	26861	200011	8	4918	100296	100346	100278	100396	100123	100448	100075	100118
98	75917.7	43061.4	4156	61	26888	27788	200011	8	3983	100185	100124	100386	100072	100377	100141	100427	100150
99	91266.1	8883.21	3188	65	27864	28764	200011	6	3012	100167	100067	100447	100385	100051	100368
100	47771	39592.3	977	43	30033	30933	200011	2	838	100170	100114
101	86698.9	30294.7	2848	63	28200	29100	200011	6	2606	100048	100322	100457	100343	100257	100184
102	66124	34169.5	1283	66	29771	30671	200011	1	939	100249
103	89631.8	40330.9	2191	35	28804	29704	200011	3	2007	100120	100245	100318
104	39709.9	29624.8	1910	64	29140	30040	200011	4	1614	100011	100315	100229	100325
105	118374	54069.5	2456	64	28894	29794	200012	3	2233	100197	100395	100360
106	96951.2	27988.5	4138	59	27203	28103	200012	4	3973	100303	100203	100041	100274
107	107032	19558.6	4611	60	26732	27632	200012	4	4447	100321	100085	100381	100367
108	144306	21217.2	4840	62	26506	27406	200012	10	4618	100163	100095	100458	100012	100247	100246	100216	100204	100172	100227
109	109565	33329.8	2452	63	28896	29796	200012	4	2272	100044	100109	100056	100407
110	133894	48995.4	3121	59	28220	29120	200012	8	2956	100079	100425	100121	100279	100336	100191	100076	100470
111	107348	48737.6	2727	47	28591	29491	200012	4	2583	100070	100393	100375	100265
112	106829	17246.4	3029	65	28323	29223	200012	3	2778	100122	100270	100280
DIMENSION: 113
SOLVETIME: 52.713
DEPOT_SECTION
1
-1
EOF
