SCHOOLNODENUMBER: 12
SCHNODE_COORD_SECTION
200001	184664	16745.4	455	525	30
200002	30203.7	193881	535	550	15
200003	171882	9848.73	1025	1055	30
200004	189633	54174.5	850	905	15
200005	48444.4	178708	1045	1100	15
200006	178418	128678	1015	1025	10
200007	38808.4	75167.5	610	625	15
200008	188911	131585	915	935	20
200009	110373	154312	525	535	10
200010	183201	177451	710	725	15
200011	60059.3	36107.7	655	715	20
200012	151347	6522.85	1000	1015	15
MAX_RIDING_TIME: 5400
EDGE_WEIGHT_FORMAT: FUNCTION
EDGE_WEIGHT_TYPE: MAN_2D
NODE_COORD_TYPE: TWOD_COORDS
NODE_COORD_SECTION
0	105600	105600	0	0	0	0	0	0	0
1	141232	1130.03	3499	66	14355	16155	200001	7	3319	100211	100204	100020	100229	100103	100127	100208
2	200443	51981.9	2468	66	15386	17186	200001	6	2290	100046	100001	100221	100121	100130	100063
3	184147	55649.5	2742	66	15112	16912	200001	6	2520	100151	100139	100038	100097	100192	100224
4	155404	37609.9	4271	64	13579	15379	200001	8	4092	100215	100105	100158	100140	100213	100075	100189	100183
5	63091.8	172559	2479	43	17731	18631	200002	3	2340	100048	100114	100203
6	37617.4	178053	1349	62	18897	19797	200002	2	1171	100160	100106
7	39335.9	197628	1340	61	18904	19804	200002	2	1089	100002	100222
8	16773.5	146957	2818	58	17421	18321	200002	3	2650	100117	100110	100148
9	52618.1	170254	2178	59	18063	18963	200002	2	2000	100022	100059
10	78457.3	194108	1946	51	18279	19179	200002	2	1704	100024	100104
11	21076.5	178179	2866	64	17384	18284	200002	4	2682	100141	100233	100078	100178
12	27993.7	169395	1931	64	18319	19219	200002	2	1749	100058	100133
13	143457	26831.5	3926	66	33728	35528	200003	4	3751	100195	100003	100179	100014
14	148200	20813.1	1882	66	35772	37572	200003	5	1686	100226	100164	100089	100119	100095
15	204091	36447.3	2932	36	34665	36465	200003	4	2744	100157	100124	100153	100021
16	186750	38247.6	1770	55	35863	37663	200003	1	1475	100250
17	136780	33828.5	2832	66	34822	36622	200003	4	2639	100150	100136	100168	100088
18	175687	89766	2086	62	29860	30760	200004	3	1820	100017	100055	100180
19	165992	88012.7	3427	54	28504	29404	200004	8	3270	100116	100142	100029	100067	100154	100064	100207	100112
20	186630	65825.9	839	65	31113	32013	200004	1	499	100249
21	164460	48723.5	5072	66	26882	27782	200004	4	4829	100034	100004	100126	100060
22	48618	139492	2027	41	36779	37679	200005	3	1895	100234	100205	100198
23	82974.6	151703	2338	39	36465	37365	200005	2	2203	100235	100045
24	89249.6	197166	3625	60	35218	36118	200005	9	3453	100113	100217	100177	100228	100174	100019	100036	100042	100129
25	81247.6	162450	2053	66	36801	37701	200005	3	1722	100025	100062	100163
26	35443.6	163921	4969	61	33875	34775	200005	5	4796	100146	100190	100169	100138	100111
27	48523.3	181255	433	66	38421	39321	200005	1	89	100005
28	135715	146200	5491	39	31512	32112	200006	6	5359	100230	100006	100242	100027	100166	100152
29	164420	79769.9	5210	64	31840	32440	200006	6	5028	100245	100145	100176	100191	100212	100156
30	150218	110746	3318	43	33692	34292	200006	6	3179	100118	100035	100100	100099	100206	100081
31	56585.4	58826.4	1805	57	20532	21432	200007	5	1642	100107	100013	100085	100220	100132
32	51469.2	62223.8	3718	64	18632	19532	200007	4	3536	100007	100143	100194	100144
33	42210.8	95767	4019	64	18331	19231	200007	5	3845	100028	100236	100171	100167	100135
34	47609	123151	4047	51	18278	19178	200007	3	3890	100248	100201	100084
35	175631	129451	5446	66	28008	29208	200008	5	5260	100047	100241	100214	100175	100098
36	157457	115191	4168	61	29276	30476	200008	6	3998	100086	100181	100109	100072	100049	100219
37	184140	114825	3523	66	29931	31131	200008	4	3348	100225	100202	100147	100039
38	202775	96481	2541	45	30873	32073	200008	5	2336	100030	100077	100231	100246	100069
39	174351	133661	1079	66	32375	33575	200008	3	899	100197	100240	100008
40	89723.7	144077	3451	65	16201	16801	200009	5	3278	100102	100149	100096	100040	100185
41	91750.8	178785	5409	66	14245	14845	200009	9	5234	100070	100056	100032	100227	100101	100023	100247	100091	100090
42	106236	130572	5173	65	14479	15079	200009	4	4997	100041	100018	100237	100238
43	127865	128102	3218	59	16423	17023	200009	3	2947	100016	100068	100122
44	133011	121658	3958	62	15688	16288	200009	4	3767	100009	100043	100193	100057
45	194498	137797	2076	65	23876	24776	200010	1	1736	100010
46	200962	147548	1891	36	24006	24906	200010	3	1770	100243	100161	100087
47	141400	183410	1958	63	23990	24890	200010	1	1628	100033
48	137576	184989	2160	63	23788	24688	200010	2	1887	100052	100216
49	164395	171064	2804	62	23142	24042	200010	4	2632	100209	100137	100128	100134
50	170346	157036	4710	65	21242	22142	200010	6	4529	100182	100037	100051	100218	100073	100092
51	48729.2	32810.3	1895	66	23159	24359	200011	3	1709	100159	100162	100066
52	52788.8	75741.3	5048	55	19985	21185	200011	5	4891	100184	100031	100196	100123	100210
53	75289.8	38279.3	5245	66	19809	21009	200011	5	5054	100094	100079	100173	100074	100115
54	100788	38996.7	3220	64	21830	23030	200011	4	3044	100050	100053	100015	100011
55	55261	38433.2	2245	64	22805	24005	200011	2	2004	100187	100044
56	91916.8	52251.6	2017	66	23037	24237	200011	3	1761	100071	100172	100054
57	66372.6	45752	812	49	24210	25410	200011	1	544	100244
58	92502.1	44622.4	1609	29	23375	24575	200011	3	1496	100083	100165	100188
59	125178	22839.4	1915	66	34239	35139	200012	3	1586	100239	100080	100076
60	116661	23333.8	3046	64	33104	34004	200012	5	2745	100170	100108	100082	100131	100120
61	144076	55963.9	4717	66	31437	32337	200012	8	4531	100026	100012	100155	100200	100093	100232	100065	100061
62	122361	21210.6	2010	65	34142	35042	200012	4	1702	100199	100125	100223	100186
DIMENSION: 63
SOLVETIME: 14.471
DEPOT_SECTION
1
-1
EOF
