SCHOOLNODENUMBER: 100
SCHNODE_COORD_SECTION
200001	118159	163826	630	700	30
200002	144934	148382	520	545	25
200003	113660	107111	910	920	10
200004	68754.2	197252	540	605	25
200005	112803	198618	615	630	15
200006	154293	85538.4	1035	1055	20
200007	69991.8	199759	545	615	30
200008	77249.4	159939	540	555	15
200009	161267	183839	535	605	30
200010	42308.3	157045	735	800	25
200011	6329.49	124353	710	730	20
200012	71119.7	72131.7	725	740	15
200013	134602	143335	850	900	10
200014	55934.1	209466	600	610	10
200015	203981	152456	940	1010	30
200016	156445	203021	1030	1045	15
200017	97314.3	154170	705	730	25
200018	61367.7	175608	635	700	25
200019	94852.1	146835	1035	1055	20
200020	71745	23597	555	610	15
200021	122594	56230.6	805	830	25
200022	204078	206475	1000	1020	20
200023	188770	115884	750	810	20
200024	59221.3	28289.3	500	520	20
200025	107460	6600.2	740	800	20
200026	90385.4	169684	735	750	15
200027	198999	134395	640	655	15
200028	46336.8	177322	955	1005	10
200029	10409.5	189195	1025	1050	25
200030	81078.1	203871	715	740	25
200031	124663	53181.9	640	650	10
200032	94607.2	28714.7	1015	1025	10
200033	89025.4	101916	735	805	30
200034	50610.1	5878.3	700	720	20
200035	65956.9	53459.1	1010	1040	30
200036	3615.93	137541	720	735	15
200037	81509.9	167106	925	950	25
200038	47090.9	18762.9	905	925	20
200039	39336.9	145282	530	555	25
200040	182215	75844.3	545	555	10
200041	77958.4	173900	900	915	15
200042	107511	85403	455	515	20
200043	3925.31	88271.2	605	635	30
200044	196504	43114	615	630	15
200045	124315	43848.8	1050	1100	10
200046	72898.7	2861.8	725	755	30
200047	99099.7	157309	1000	1010	10
200048	63449.6	153442	735	805	30
200049	37590.2	174125	845	905	20
200050	37158.4	76856.3	1020	1040	20
200051	37293.7	7257.64	945	1000	15
200052	66098.7	145114	1030	1050	20
200053	65866.6	91107.3	740	755	15
200054	162259	197684	535	545	10
200055	186423	72209	1025	1050	25
200056	146339	146255	830	840	10
200057	69875.8	60781.2	800	830	30
200058	71010.2	183459	925	950	25
200059	117843	7850.63	640	650	10
200060	142530	173191	755	825	30
200061	183014	164767	555	605	10
200062	140725	123322	615	625	10
200063	111198	90707.6	825	850	25
200064	27084	51248.2	550	605	15
200065	204142	9855.18	1020	1040	20
200066	51138.7	87007.9	830	845	15
200067	124766	82889.2	850	905	15
200068	144096	180397	755	810	15
200069	46381.9	127299	555	625	30
200070	78068	45685.8	755	825	30
200071	33110.6	208938	910	925	15
200072	179707	188783	645	710	25
200073	185927	203929	1050	1100	10
200074	63797.7	3912.42	815	825	10
200075	75850.8	20593.4	950	1015	25
200076	33316.8	120795	740	810	30
200077	210027	58995.7	825	855	30
200078	77056.1	131688	940	1000	20
200079	39266	7225.41	720	735	15
200080	55212.2	146610	545	615	30
200081	110573	198573	915	945	30
200082	17054.8	51589.8	815	830	15
200083	127492	38209	1010	1035	25
200084	16913	60639.3	450	515	25
200085	99364	46736.4	1025	1045	20
200086	62250.7	26832.7	755	820	25
200087	144141	128523	640	700	20
200088	193630	47090.9	730	755	25
200089	818.57	189588	605	620	15
200090	63172.4	37242.2	845	910	25
200091	152275	148363	535	605	30
200092	123399	178399	645	705	20
200093	123251	184013	620	645	25
200094	202421	122439	635	700	25
200095	78422.5	166346	825	835	10
200096	111958	124785	710	735	25
200097	18008.8	168138	820	850	30
200098	176227	91474.7	925	955	30
200099	161389	159088	920	940	20
200100	203085	131115	540	610	30
MAX_RIDING_TIME: 5400
EDGE_WEIGHT_FORMAT: FUNCTION
EDGE_WEIGHT_TYPE: MAN_2D
NODE_COORD_TYPE: TWOD_COORDS
NODE_COORD_SECTION
0	105600	105600	0	0	0	0	0	0	0
1	116406	150241	5459	63	18089	19889	200001	4	5266	101549	100818	101463	101020
2	118281	136165	1219	40	22286	24086	200001	2	1051	101668	101832
3	127682	144399	2006	62	21540	23340	200001	3	1834	100948	100418	101291
4	130029	123700	5112	60	18431	20231	200001	4	4937	100860	100598	101776	101421
5	103908	148729	4259	66	19295	21095	200001	4	4076	100484	100001	101161	100517
6	98077	140574	4073	53	19456	21256	200001	5	3915	101896	100899	100124	100605	101907
7	118739	175742	770	66	22784	24584	200001	1	426	100378
8	90958.3	152209	3969	47	15349	16849	200002	4	3825	101679	100508	100747	100849
9	113829	132964	1961	22	17309	18809	200002	3	1836	101451	101731	101408
10	199195	147903	2333	65	17019	18519	200002	2	2074	101098	101706
11	122510	129527	4287	66	15067	16567	200002	5	4101	100885	101608	100002	100979	100752
12	151162	122501	5324	55	27809	28409	200003	5	5162	101616	101937	100003	101413	101708
13	83284.2	137621	5219	44	27893	28493	200003	7	5086	101700	100850	101531	100107	100368	101673	101289
14	110064	181570	2999	66	17555	19055	200004	4	2743	100794	101054	100004	101088
15	91474.5	167936	2358	54	18173	19673	200004	3	2117	101302	100626	100105
16	85820.3	189166	5052	62	15494	16994	200004	4	4880	100826	101392	100506	101999
17	54448.7	156899	2278	64	18272	19772	200004	2	2070	101597	100636
18	45721.5	165252	4359	59	16182	17682	200004	6	4137	101543	100916	100339	100614	100737	100209
19	109076	179265	1081	55	21552	22452	200005	1	786	101804
20	97336.1	153572	4956	60	17687	18587	200005	7	4758	101842	101982	101229	101848	101373	101548	101222
21	100761	177031	4442	65	18210	19110	200005	8	4261	101654	100184	100677	100225	100478	101150	100388	101968
22	132483	159347	5268	47	17350	18250	200005	6	5124	100413	100005	100142	100888	100255	101881
23	102283	166436	2131	56	20504	21404	200005	5	1962	101016	100579	100313	101454	100411
24	152184	89093.1	463	43	37747	38947	200006	2	332	100924	101007
25	104118	95893.4	2751	56	35484	36684	200006	4	2595	100494	100231	100671	101666
26	151458	128168	3693	56	34542	35742	200006	7	3534	100846	100427	100191	100119	100744	100274	100210
27	138845	55384.8	3268	62	34978	36178	200006	4	3093	100444	100893	100006	100299
28	146109	101170	2672	53	35557	36757	200006	6	2511	100233	100695	100767	101770	100954	101665
29	81758.9	168347	5261	64	15589	17389	200007	5	5082	100298	100342	100815	100007	100112
30	86281.6	178740	1952	62	18894	20694	200007	2	1774	101399	100158
31	93986.7	166304	2671	65	18181	19981	200007	6	2443	101202	100155	100655	100197	100741	100930
32	111664	190639	2655	59	18186	19986	200007	3	2488	100688	100857	100525
33	102195	199676	1486	62	19360	21160	200007	2	1165	101276	100482
34	127777	203582	3029	65	17823	19623	200007	3	2845	101753	100731	100861
35	69755.1	145915	2588	52	18239	20039	200007	4	2437	101829	100967	100538	101550
36	45285.4	141168	3192	63	17356	18256	200008	3	3023	101235	101620	100509
37	122231	143768	4402	33	16089	16989	200008	5	4285	101428	101126	100268	100472	100125
38	85876	130777	1650	66	18904	19804	200008	2	1464	101901	101427
39	102172	187785	4476	64	16074	16974	200008	4	4237	101623	100438	100555	100595
40	95589.9	130813	2334	61	18210	19110	200008	5	2161	100223	101520	100008	101744	101318
41	169073	156567	1471	51	18754	20554	200009	1	1195	100164
42	103665	187923	4152	65	16100	17900	200009	4	3968	100492	100791	101534	101093
43	128974	176274	1558	34	18635	20435	200009	1	1358	100955
44	190179	175381	3050	62	17196	18996	200009	3	2859	101987	100639	100957
45	186321	175330	1488	66	18766	20566	200009	1	1144	100420
46	194017	171406	3239	64	17011	18811	200009	5	3060	100009	101584	101657	100733	101701
47	28267.6	107988	2495	66	24959	26459	200010	1	2151	101527
48	48426.3	151008	936	55	26497	27997	200010	3	777	101003	101592	100412
49	68742.8	163983	1481	66	25973	27473	200010	1	1137	100396
50	25645.2	118740	2350	65	25102	26602	200010	5	2174	100854	101095	100683	101766	101542
51	21169	153649	3510	66	23944	25444	200010	5	3200	101225	100847	100010	101113	100701
52	28944.1	131812	1365	65	24587	25787	200011	1	1025	101955
53	9416.8	109723	2302	65	23650	24850	200011	4	2100	101491	101119	101983	101493
54	27601	106780	3561	64	22389	23589	200011	3	3325	100199	100805	101905
55	39416.4	144984	3591	63	22357	23557	200011	3	3417	101575	100011	100864
56	42455	127812	1987	65	23965	25165	200011	2	1803	101383	101188
57	46213.3	113022	2108	66	23846	25046	200011	2	1922	100323	100623
58	4585.09	138882	898	66	25056	26256	200011	1	554	101694
59	36347.3	119421	4813	59	21128	22328	200011	5	4638	100721	100563	100642	100504	101175
60	26258.1	55099.6	2454	66	24400	25300	200012	1	2110	101456
61	89862	105042	2799	66	24055	24955	200012	6	2621	101114	100602	101667	101393	101155	100519
62	113674	78199	5515	65	21337	22237	200012	5	5253	101664	100331	101446	101969	100012
63	40166.2	59748.7	1821	66	25033	25933	200012	1	1477	100574
64	88772.9	74807.7	5218	66	21636	22536	200012	7	4962	100544	100929	100977	101436	101407	101577	101271
65	75282.6	63639.1	1607	65	25245	26145	200012	3	1312	101503	100841	101904
66	133917	135988	3804	65	28148	28748	200013	8	3623	101930	100175	101837	100734	101713	100789	101897	101699
67	105782	140520	2320	62	29626	30226	200013	6	2150	100185	100668	101458	100632	100013	100869
68	134127	131424	757	64	31193	31793	200013	1	422	100998
69	112841	126929	5319	63	26629	27229	200013	3	5142	100742	100553	100548
70	185307	135191	4993	66	26961	27561	200013	4	4813	100883	101972	100454	100635
71	73413.4	179546	5013	66	16741	17341	200014	6	4804	100350	101199	101014	100510	100473	100311
72	83987	180786	2081	18	19582	20182	200014	2	1986	100014	100852
73	42924.2	165481	3395	64	18355	18955	200014	4	3216	100667	101134	101926	101004
74	53039.8	184599	2033	66	19721	20321	200014	6	1858	101047	101180	100261	100779	100949	101344
75	81450	200293	1570	64	20180	20780	200014	3	1342	100559	101477	101123
76	158182	167560	5404	44	29508	31308	200015	8	5260	100513	100387	101686	101908	100491	101734	100933	100212
77	176816	137770	2473	63	32475	34275	200015	2	2291	101441	100607
78	209916	103675	2191	58	32748	34548	200015	2	1966	100015	101656
79	148292	148107	3448	51	31477	33277	200015	6	3291	100862	101010	101899	100682	101916	100638
80	157282	182035	1038	55	36895	37795	200016	1	743	101031
81	176204	170376	2932	66	35022	35922	200016	6	2746	101089	100637	101395	101976	100016	101030
82	141255	188552	5194	64	32756	33656	200016	8	5023	100622	100689	101414	101110	100329	101921	100455	101215
83	109113	208915	2413	63	35535	36435	200016	4	2244	100762	100665	101906	100834
84	132910	191869	1544	66	36410	37310	200016	2	1213	100423	101101
85	132892	190822	2278	44	35634	36534	200016	4	2111	101044	101082	100154	101226
86	101665	143154	868	59	24773	26273	200017	2	633	100312	101296
87	124601	141242	2986	44	22626	24126	200017	5	2853	101752	100222	101450	101145	101328
88	113223	167789	4627	59	21014	22514	200017	6	4462	100596	100202	100589	100189	100982	100127
89	88896.5	114275	5063	66	20591	22091	200017	7	4888	101192	100577	101479	101478	100994	101887	101865
90	92868.6	128661	1388	63	24260	25760	200017	3	1211	100879	100017	101035
91	93139.5	98763.7	2857	65	22795	24295	200017	4	2681	101333	101957	100383	100280
92	98155.7	163113	1925	44	21887	23387	200018	1	1680	101470
93	80286.6	149325	1798	37	22001	23501	200018	3	1673	100172	101223	100911
94	54628.4	123375	3834	64	20016	21516	200018	5	3632	101742	101886	101204	100777	101889
95	29621.5	151672	3742	62	20104	21604	200018	4	3479	100547	101621	100926	100152
96	115429	166924	2501	66	21353	22853	200018	2	2271	100467	100528
97	82671.7	183055	2209	59	21632	23132	200018	2	1948	100389	100181
98	99317.2	158846	3733	61	20111	21611	200018	4	3568	100285	100649	100201	100018
99	93724.4	201379	2321	61	21523	23023	200018	2	2005	100265	100259
100	79823.3	112398	1986	52	36241	37441	200019	2	1770	101065	100448
101	78862.4	108352	2138	48	36082	37282	200019	2	1882	101922	100659
102	70992.4	163849	2999	65	35253	36453	200019	2	2737	100745	101284
103	116539	144329	5226	50	32998	34198	200019	5	5031	101025	101165	100597	101934	100909
104	115632	111090	2748	51	35477	36677	200019	4	2594	100019	100108	100848	101425
105	104029	162949	1192	59	37049	38249	200019	2	882	101596	101266
106	109916	1182.14	5411	65	16041	16941	200020	6	5191	101996	101824	101135	101938	100831	101600
107	53989	42074.1	2450	65	19002	19902	200020	3	2269	100227	101038	100712
108	105745	45765.2	3193	60	18250	19150	200020	3	3008	100593	101398	101201
109	83955.2	70980.1	5225	65	16227	17127	200020	2	4948	100694	100851
110	58731.8	33090.4	1085	60	20358	21258	200020	1	767	100629
111	78929.6	26545.3	1313	63	20135	21035	200020	2	996	101741	100020
112	85495	21138	2313	66	19141	20041	200020	2	2112	100194	101115
113	73715.7	56229.1	4946	60	24297	25797	200021	6	4699	101918	100436	100376	101625	101952	101509
114	117386	67608.8	5152	63	24096	25596	200021	9	4933	100965	100866	101092	101513	101071	100021	101841	100766	101378
115	113340	50796.1	700	34	28493	29993	200021	1	500	101891
116	138268	33621.6	1649	66	27605	29105	200021	1	1305	101634
117	117345	64404.7	765	58	28474	29974	200021	1	457	101290
118	144234	89289	2779	61	26465	27965	200021	3	2609	101710	100969	101997
119	181174	180940	2516	66	33638	34838	200022	5	2330	100838	101552	100540	101342	101381
120	170323	185841	2342	66	33812	35012	200022	4	2021	100471	100187	100332	100296
121	173131	204475	1828	59	34313	35513	200022	6	1666	101769	100445	101800	100653	100195	101424
122	197327	210350	901	66	35253	36453	200022	2	601	100586	100608
123	202161	165553	1960	66	34194	35394	200022	4	1774	100161	100644	101672	100324
124	176197	181741	2916	65	33236	34436	200022	6	2735	101998	101705	100116	100022	101012	100431
125	170045	89133.4	4735	54	23596	24796	200023	7	4570	100163	100109	101834	100921	101237	101729	100470
126	178187	102227	1166	57	27171	28371	200023	3	1008	100421	100310	101817
127	173625	96681.6	1934	30	26352	27552	200023	6	1827	101375	100023	101151	101895	101159	101618
128	44012.8	56127.4	4646	35	13449	14649	200024	7	4525	101061	100585	100106	101556	100117	101782	100928
129	103857	20698.8	2387	51	15738	16938	200024	2	2184	101443	100620
130	59977.7	26746.2	391	53	17738	18938	200024	2	241	101449	101606
131	104422	23118.5	3908	63	14240	15440	200024	5	3739	100266	101128	100024	100295	100617
132	87592.4	42965.3	4111	54	23620	24820	200025	8	3925	100025	100144	100800	100137	101497	101576	101688	101440
133	44821.3	6598.31	5540	61	22204	23404	200025	8	5266	101943	101023	100761	100975	101304	100379	101244	101140
134	102469	80.52	736	66	27018	28218	200025	1	392	101931
135	122516	196296	5083	66	22371	23271	200026	5	4905	101452	100026	101603	101680	101052
136	89253.6	118479	2347	21	25021	25921	200026	2	2221	100442	100875
137	105292	141815	2332	66	25122	26022	200026	5	2149	101767	101117	101864	100801	100281
138	157771	116184	3050	66	21104	22004	200027	4	2867	100613	100138	100027	100173
139	174011	96951.9	2450	46	21666	22566	200027	3	2305	100870	100363	100234
140	178079	156165	4220	65	19932	20832	200027	4	4044	101828	100264	101127	101485
141	148501	134394	3129	47	20989	21889	200027	5	2987	100235	100365	100780	101806	101282
142	156754	122100	5332	55	18801	19701	200027	6	5178	101506	101647	101484	101032	100884	100391
143	58148.8	133113	2349	60	33494	34094	200028	2	2180	100907	101909
144	17652.3	154058	4384	44	31428	32028	200028	6	4240	100104	101499	101792	101210	101219	101555
145	99736.9	186387	3351	37	32448	33048	200028	6	3189	100028	101288	100809	101571	101181	100803
146	24110	177295	1189	46	36427	37927	200029	3	982	100561	100327	101547
147	1737.99	156736	1746	66	35908	37408	200029	1	1402	100289
148	22008.5	142483	4467	60	33176	34676	200029	8	4295	101839	100292	100685	100974	101772	100489	100029	101209
149	14684	140212	2548	66	35106	36606	200029	3	2373	101465	101619	101733
150	48714.8	164361	2835	61	34809	36309	200029	4	2665	101327	101241	100527	101207
151	79638.3	201447	435	57	25802	27302	200030	1	131	101568
152	47297.7	192397	2271	66	23983	25483	200030	2	2013	101588	101041
153	45179.8	196792	3332	58	22907	24407	200030	4	3172	100338	100738	101488	100272
154	110484	205227	1392	66	24862	26362	200030	1	1048	100366
155	114950	198232	5036	66	21218	22718	200030	6	4853	100457	100030	101354	101964	100837	101851
156	97885.4	42469.6	2915	64	21235	21835	200031	3	2741	100624	101254	101116
157	108498	78354.9	5294	63	18854	19454	200031	6	5120	100709	100278	100795	101156	101977	100963
158	94676.3	61620.9	3590	65	20562	21162	200031	3	3352	101280	100153	101321
159	124414	3316.49	5151	65	19001	19601	200031	5	4973	100618	101519	100031	101256	101816
160	109762	51865.9	2151	66	34903	35503	200032	2	1937	101208	100609
161	120227	37164.7	4018	64	33032	33632	200032	4	3839	100621	101861	100220	100824
162	73712.5	58291	2064	66	34990	35590	200032	1	1720	100032
163	90048.4	49409	2341	66	34713	35313	200032	6	2166	101515	101489	101569	100462	101387	101028
164	110942	17708.9	1217	53	35812	36412	200032	1	932	101077
165	106221	43430.6	2646	40	34359	34959	200032	3	2478	101448	100507	100619
166	83514.4	54756.9	4909	63	32139	32739	200032	3	4732	101868	100157	101346
167	107753	123601	5180	63	22268	24068	200033	4	5008	101269	101500	101026	101749
168	127926	115515	2289	66	25165	26965	200033	2	2031	100343	100434
169	117185	89478.6	3926	59	23515	25315	200033	5	3759	100352	100493	101403	101124	101084
170	94401.6	113135	4383	47	23035	24835	200033	4	4218	101312	100782	100033	101687
171	82177.1	25271.4	2744	58	22595	23795	200034	3	2576	101059	100446	101748
172	34516.6	47708.9	2292	60	23051	24251	200034	1	1974	101850
173	87969.6	15683.3	1951	66	23403	24603	200034	1	1607	101508
174	30366.3	46268.9	4198	59	21143	22343	200034	7	4028	100961	101182	100430	101980	100730	100167	100937
175	70003.3	36493.1	2280	58	23059	24259	200034	4	2115	100034	101194	101858	100939
176	68060.7	29675.7	3143	59	22198	23398	200034	5	2981	101604	100839	100408	100859	100169
177	53128.1	103236	2631	63	34117	35917	200035	2	2431	100892	101717
178	76144.3	59811.3	4045	54	32686	34486	200035	3	3885	101825	101831	101846
179	45905.5	85935.6	2098	54	34633	36433	200035	2	1876	100321	100753
180	77666.6	36568.8	5362	59	31379	33179	200035	6	5192	100486	101009	101468	101138	100542	100035
181	61748.9	137028	2520	39	23983	24883	200036	3	2318	100599	101074	100300
182	53275.6	127365	2401	62	24145	25045	200036	3	2109	100808	100230	101774
183	37382.6	111133	4149	63	22399	23299	200036	5	3980	101724	101981	100719	100739	100498
184	51169.1	125726	2344	53	24185	25085	200036	3	2111	101870	100823	101341
185	21516.6	179907	2434	66	24120	25020	200036	3	2259	100149	100240	101260
186	3826.86	89879.1	3858	64	22692	23592	200036	4	3679	101662	101893	101504	100036
187	81389.7	139772	5487	41	28519	30019	200037	5	5349	100353	100284	100858	100037	101546
188	67200.4	121699	3279	57	30758	32258	200037	5	3121	101553	101474	101762	101696	101380
189	133173	165736	2466	63	31582	33082	200037	2	2172	101690	101390
190	119077	191962	4680	63	29368	30868	200037	6	4503	101303	101168	100674	100206	100722	101923
191	76410.3	169805	609	66	33445	34945	200037	1	265	101967
192	107149	157373	2069	65	31983	33483	200037	3	1896	100165	101203	100404
193	43232.6	76796.6	5400	62	27446	28646	200038	4	5225	101475	101560	100474	100920
194	72940.3	23945.7	5292	58	27547	28747	200038	5	5132	101685	100697	100170	101311	100889
195	101736	27181.2	3496	8	29248	30448	200038	4	3431	101554	101537	100293	101859
196	65624.5	59262.9	2896	64	29954	31154	200038	6	2722	100827	101017	100500	100971	101400	100038
197	27915.2	11482.7	1245	66	31609	32809	200038	1	901	100134
198	67426.5	114453	2348	57	17589	19089	200039	3	2060	101799	101678	100183
199	89713.4	134419	3827	48	16093	17593	200039	4	3678	100822	101255	100825	100533
200	10737.6	139494	4854	53	15075	16575	200039	4	4699	101218	101070	100829	100279
201	50796.7	99129.9	3784	61	16160	17660	200039	5	3616	100679	100039	100923	100464	100334
202	28690.1	139851	1126	58	18813	20313	200039	2	914	100727	100417
203	78110.8	122513	2618	55	17315	18815	200039	3	2453	101069	100735	100400
204	175512	97786.2	1294	60	19549	20149	200040	1	976	100813
205	169226	70181.6	5256	54	15575	16175	200040	8	5096	101587	100283	100740	101283	101268	100529	100040	100634
206	173007	96440.9	3470	55	17363	17963	200040	5	3311	101434	101162	101565	101388	100656
207	168576	78380.7	1138	61	19706	20306	200040	2	973	101389	100406
208	145648	92383.8	3864	63	16984	17584	200040	3	3687	101751	101377	100254
209	195851	102410	1750	66	19104	19704	200040	3	1414	100711	100282	100886
210	195378	108334	2312	60	18531	19131	200040	3	2140	101892	100778	101796
211	105420	193705	2713	64	29837	30737	200041	7	2534	101482	101411	100594	100853	101803	101189	100361
212	64207.7	135112	2521	62	30025	30925	200041	4	2343	101029	100328	101104	100041
213	93308.7	172401	5320	65	27232	28132	200041	5	5069	101039	100461	100912	101064	100786
214	97877.3	148198	2322	63	30226	31126	200041	7	2142	101794	100101	101174	101227	101813	100625	101510
215	122259	174684	2234	50	30290	31190	200041	3	1974	100526	100702	100981
216	111562	97160.4	1918	64	15932	17132	200042	2	1622	100042	100226
217	103467	107451	3110	58	14729	15929	200042	5	2939	101248	100126	100207	100192	100147
218	81546.4	105341	4894	46	12922	14122	200042	3	4749	100162	101100	101315
219	114058	83991.2	3526	65	14326	15526	200042	5	3290	100129	100661	101200	101459	100336
220	156984	87155.3	3283	66	14571	15771	200042	6	3097	100314	100986	100302	101301	100130	101313
221	44439	95601.3	3889	62	18157	19957	200043	6	3610	101404	101230	101607	101614	100043	101396
222	62506	85678.7	5131	65	16921	18721	200043	6	4955	100872	100511	101234	100983	100316	101243
223	52656.6	90273.7	3069	52	18958	20758	200043	7	2921	100395	100381	101442	100562	100372	101947	100546
224	34525.8	101466	1903	39	20100	21900	200043	5	1768	101480	100439	101021	101735	100241
225	150635	52580.4	5415	66	17239	18139	200044	8	5232	100868	101265	101933	100113	100044	101801	100150	101170
226	181110	71291.5	2607	66	20047	20947	200044	3	2390	101495	101558	101239
227	176695	82301	3023	61	19621	20521	200044	4	2847	100390	100273	101063	101196
228	108929	52342.4	1073	47	38045	38645	200045	1	814	100560
229	121034	82768.1	5053	37	34046	34646	200045	4	4922	100569	101615	101845	101090
230	158170	51464.3	1757	66	37397	37997	200045	1	1413	101086
231	104085	50125.5	4649	61	34495	35095	200045	5	4364	101883	100045	101593	101627	101353
232	108297	60516.9	1386	46	37730	38330	200045	2	1145	101294	101130
233	93696.6	33437.5	2394	66	24460	26260	200046	5	2214	101633	101075	100046	101293	100532
234	76326.1	42607.2	4804	61	22040	23840	200046	4	4639	101429	100657	101589	100935
235	71473.2	61633.9	3091	61	23753	25553	200046	3	2918	101773	100871	101924
236	103062	15239.4	1981	46	24835	26635	200046	5	1844	101285	101689	100211	100768	101583
237	88850.1	29680.4	1812	60	25031	26831	200046	3	1520	101037	100479	101541
238	110635	149.6	2489	48	24331	26131	200046	4	2348	100941	101444	100297	101610
239	105731	187415	3982	63	32166	32766	200047	4	3802	101073	101364	101002	100490
240	100552	157760	432	50	35692	36292	200047	3	279	101857	100958	101590
241	110296	145021	1050	45	35064	35664	200047	1	800	100567
242	88365.8	143953	2024	55	34109	34709	200047	2	1870	101764	101683
243	107180	161959	777	66	35377	35977	200047	1	433	100221
244	124722	189775	2320	65	33832	34432	200047	1	1980	100736
245	131317	130222	3175	60	32968	33568	200047	6	3008	101739	100047	101332	101810	100707	101355
246	88895.6	156611	2084	36	25313	27113	200048	3	1896	101994	101648	101522
247	67298	150646	525	56	26910	28710	200048	1	226	100551
248	40895.5	122107	2110	50	25314	27114	200048	1	1837	100103
249	25001.6	157540	1794	66	25660	27460	200048	1	1450	101361
250	82833.8	124397	2051	51	25374	27174	200048	2	1894	100143	101409
251	82591.6	149668	1316	66	26138	27938	200048	2	1034	101658	101624
252	33573.1	152648	2416	66	25038	26838	200048	4	2129	100232	101784	100828	101649
253	93298.6	186792	5120	61	22324	24124	200048	6	4843	100952	101287	101486	100750	100048	100581
254	73937.1	131052	1470	59	25971	27771	200048	3	1308	100890	101525	101726
255	64479.1	156009	3461	56	28174	29374	200049	4	3305	101747	101370	101231	100910
256	53018.1	135060	5105	40	26500	27700	200049	4	4974	100918	101000	100128	100523
257	41212.6	167894	4507	66	27147	28347	200049	5	4321	100995	100049	100836	100251	100776
258	78880.9	79815.6	2694	65	34658	35858	200050	3	2518	101055	101419	101637
259	73320.1	90220.3	1946	43	35364	36564	200050	2	1719	101512	101563
260	47295.5	108058	5385	66	31969	33169	200050	3	5132	101754	100759	101798
261	35313.1	92224.8	845	47	36473	37673	200050	1	586	100575
262	27903	118870	2046	56	35289	36489	200050	1	1747	100515
263	72453.8	74039.6	1508	36	35789	36989	200050	1	1299	100684
264	28600.3	88103	943	49	36379	37579	200050	1	675	100141
265	73100.9	53554.1	2377	65	34975	36175	200050	2	2040	100369	101732
266	35085.9	81180.7	2951	61	34393	35593	200050	3	2736	100429	101516	100050
267	83499	4392.48	2773	66	32481	33381	200051	4	2491	100680	101631	100122	100650
268	33579.4	57263.1	3854	63	31394	32294	200051	6	3682	100938	100675	100306	100051	101221	101169
269	53851.3	32588.6	4280	65	30972	31872	200051	4	4107	101334	101677	100260	101476
270	89603.4	184739	2496	66	35458	36658	200052	1	2152	101599
271	82740.6	174336	4829	55	33104	34304	200052	6	4610	100534	100110	100288	101675	100215	100052
272	97304	140947	1853	65	36099	37299	200052	4	1680	101609	100588	100880	100111
273	55652.8	108617	2879	50	35045	36245	200052	4	2695	100535	101617	101249	100904
274	41027.4	94200.4	3838	62	23908	24808	200053	3	3668	101954	100700	100633
275	65270.6	84710.4	466	40	27239	28139	200053	1	238	100053
276	70778.6	92396.4	541	63	27207	28107	200053	1	211	100322
277	80294.4	108114	1445	63	26303	27203	200053	2	1193	101066	101426
278	125733	89519	5376	63	22372	23272	200053	5	5191	101118	101880	100422	100341	101532
279	74334.6	105383	1137	66	26617	27517	200053	2	951	100627	101369
280	67207.2	94416	2151	58	25588	26488	200053	5	1983	100725	100384	100401	100196	101722
281	99495.9	120413	5520	57	22217	23117	200053	8	5351	100985	100337	100318	101356	101989	101676	101097	101080
282	122007	182402	2274	57	17963	18563	200054	3	2064	100208	100951	100902
283	146039	161778	2388	64	17862	18462	200054	3	2217	101487	101473	100600
284	145263	175395	5482	51	14743	15343	200054	7	5328	100054	101274	100135	100783	101368	100242	101433
285	145224	175701	1692	66	18562	19162	200054	2	1431	101760	100590
286	134537	178283	3533	61	16711	17311	200054	4	3360	100452	101350	100428	101692
287	126440	187259	2102	59	18139	18739	200054	3	1940	101820	100465	100942
288	159637	152125	2029	54	18202	18802	200054	2	1809	100469	100335
289	159971	104531	3526	60	34117	35617	200055	7	3351	100433	100541	101259	101632	101703	100325	101942
290	175572	111427	3871	51	33754	35254	200055	5	3725	100399	101018	101111	100055	101198
291	168599	27071.1	4664	58	32975	34475	200055	7	4493	101462	101133	100520	100652	101746	100821	101431
292	128670	169476	4215	63	26533	27133	200056	6	4038	101376	100267	101298	100676	100751	101985
293	187560	162324	2297	66	28457	29057	200056	1	1953	101830
294	134432	127346	3788	48	26932	27532	200056	4	3629	100483	101523	101005	100354
295	151907	145157	562	64	30188	30788	200056	1	227	100229
296	175474	124289	3423	42	27285	27885	200056	4	3283	100968	100497	100410	101559
297	136301	112318	2136	63	28612	29212	200056	5	1894	101601	100774	100855	100906	100997
298	130153	152236	2612	66	28142	28742	200056	4	2434	101736	100610	101539	100940
299	136874	138297	4084	65	26668	27268	200056	4	3911	101640	100056	101386	101460
300	78077.9	87635.5	5009	66	23945	25745	200057	2	4712	100631	100743
301	24830.6	56381.4	2029	66	26925	28725	200057	1	1685	101430
302	42379.7	41537.9	5415	65	23537	25337	200057	8	5239	100057	101439	100416	100204	100244	101814	101704	100198
303	102369	85734.2	4759	66	24195	25995	200057	4	4576	101771	101661	101953	101963
304	74621	144719	1770	58	32269	33769	200058	2	1469	100723	101087
305	88684.2	157965	4284	61	29760	31260	200058	6	4111	101391	100660	100798	100887	100564	100058
306	77593.3	170028	2193	56	31842	33342	200058	3	1933	100146	100819	100944
307	92422.7	156817	1955	56	32080	33580	200058	2	1682	101394	100802
308	94301.4	197982	2918	60	31125	32625	200058	6	2754	101910	101331	101076	101805	101102	101299
309	141306	37945.8	3709	64	20441	21041	200059	5	3452	100603	101959	100307	100905	101809
310	103282	39666.4	5347	61	18797	19397	200059	9	5174	101245	101927	101305	100903	100713	100136	100611	101863	100059
311	106549	55120.1	2457	25	21619	22219	200059	6	2349	101494	101062	101217	100687	101048	101336
312	96979	189347	2929	66	25725	27525	200060	4	2754	100060	100580	101866	100830
313	155866	142633	2048	50	26576	28376	200060	4	1874	101636	101300	100356	100806
314	120331	182299	5114	64	23536	25336	200060	8	4912	101777	101416	101540	100217	100151	100565	100835	101372
315	126309	149793	1744	49	26878	28678	200060	5	1515	100224	100672	101960	100666	100373
316	168509	128034	2645	63	18803	19403	200061	5	2361	101158	101418	101885	101840	101718
317	206417	154856	5104	65	16348	16948	200061	10	4923	101397	101995	100758	100305	101877	101103	100245	100820	100402	100468
318	160464	150427	2104	62	19342	19942	200061	3	1877	100263	101325	100460
319	146174	164440	3406	65	18046	18646	200061	6	3222	101371	100943	101160	100061	101224	101262
320	114977	149183	5343	48	17277	17877	200062	7	5194	101053	100114	101711	100673	100640	100062	101125
321	134172	117081	2081	66	20573	21173	200062	4	1901	100501	101971	100499	101108
322	101218	120168	1798	66	20856	21456	200062	1	1454	101674
323	123520	125464	2230	31	20357	20957	200062	6	2117	101107	100477	100630	100710	100748	100898
324	126285	86756.1	4804	58	17835	18435	200062	4	4636	101166	100367	101176	101852
325	142184	122738	413	66	22241	22841	200062	1	69	101867
326	96327.8	53051.5	5347	53	25082	26582	200063	5	5189	100063	101956	100419	101337	101991
327	100197	101001	5240	52	25187	26687	200063	8	5084	101526	100168	100863	101630	101974	100833	100219	100458
328	124193	119780	3438	64	27012	28512	200063	3	3199	101723	101781	100385
329	159124	89436.2	2021	66	28433	29933	200063	1	1677	101083
330	108263	97950.1	4471	66	25983	27483	200063	6	4296	100790	100476	101278	101022	100503	100699
331	14899.7	102244	2472	12	18579	19479	200064	3	2384	101757	101875	101524
332	2128.21	44405.1	4374	66	16780	17680	200064	7	4196	101585	100658	100704	101167	101738	101120	100405
333	726.35	69629.9	1869	66	19285	20185	200064	1	1525	101894
334	65288.3	59841.8	2493	63	18655	19555	200064	4	2321	101932	101505	100349	101644
335	30171.9	87896.4	2145	63	19003	19903	200064	4	1971	100276	100064	100236	100692
336	36947	96026.6	2581	64	18569	19469	200064	5	2407	100987	100304	101728	100573	101578
337	194571	55100.2	2110	39	35193	36393	200065	2	1900	101698	101719
338	168223	2724.36	1811	66	35543	36743	200065	1	1467	101758
339	194666	44516.6	1894	64	35456	36656	200065	4	1718	100724	101043	100882	101382
340	200228	54356.4	1923	46	35393	36593	200065	2	1760	100518	100842
341	196271	24954.6	1146	62	36200	37400	200065	3	968	100881	101347	100133
342	176329	31822.4	3124	61	34220	35420	200065	5	2956	100351	101984	101862	100065	101153
343	82727.3	63192.7	2364	65	28388	29288	200066	5	2183	100681	101379	100246	101765	100159
344	45865.9	107467	1543	66	29211	30111	200066	4	1368	101316	100571	101586	100481
345	69997.9	51749.3	5474	58	25265	26165	200066	5	5303	100897	101357	100398	100522	101058
346	77918.9	112068	4865	49	25857	26757	200066	6	4714	101019	100066	100539	101652	100706	101191
347	85101	97546.7	1997	59	28744	29644	200066	5	1827	101990	100919	101573	101374	101912
348	165910	98928.1	4492	65	27460	28360	200067	6	4316	100432	101105	100067	100340	101437	101521
349	87047.1	64193	4721	66	27233	28133	200067	3	4546	100915	101206	100615
350	132053	127007	2134	63	29814	30714	200067	2	1882	101275	100865
351	123772	76520	595	66	31359	32259	200067	1	251	101958
352	149559	119339	4149	58	27790	28690	200067	6	3978	101775	100346	101639	101872	100496	100397
353	110002	153732	2489	66	26165	27065	200068	2	2303	100732	101695
354	100129	165463	2838	44	25774	26674	200068	2	2598	101339	100068
355	116122	191875	4465	65	24187	25087	200068	6	4281	100326	101613	101212	101669	101257	101538
356	103854	201584	3207	49	25415	26315	200068	6	3040	100797	101564	101950	100914	100568	101530
357	157426	164964	4287	64	24363	25263	200068	5	4113	101279	101348	101786	101879	100843
358	140464	147699	2552	64	26098	26998	200068	3	2318	100333	101721	100524
359	80091.9	118133	1961	64	19489	21289	200069	3	1785	101457	100566	101367
360	70915.3	145458	4088	65	17364	19164	200069	4	3912	100726	100765	100177	100203
361	21700.7	103790	4036	61	17408	19208	200069	3	3855	101490	100069	100487
362	100261	123958	4461	59	16980	18780	200069	6	4294	100247	101812	101641	101139	100690	101051
363	72002.5	96552.6	4120	62	17326	19126	200069	4	3909	101050	101013	101096	100287
364	53890.5	66381.5	1886	61	26758	28558	200070	3	1713	100993	100176	101286
365	130701	53190.1	2349	47	26269	28069	200070	2	2158	100345	100645
366	68225.8	69975.8	1458	55	27175	28975	200070	1	1163	100301
367	71994	89679.6	4640	62	24006	25806	200070	3	4431	101650	100746	101790
368	63098	46747.1	1354	57	27283	29083	200070	2	1196	101420	101131
369	92847.5	38031.6	2725	60	25918	27718	200070	2	2548	101730	101472
370	82051.8	47078.4	4489	66	24165	25965	200070	4	4303	101939	100070	101270	101791
371	1749.55	190251	2221	65	30931	31831	200071	3	2014	101498	101228	101360
372	58821	179697	2186	55	30947	31847	200071	2	1904	100392	101847
373	49020.4	202536	1188	56	31947	32847	200071	2	1032	100962	100867
374	34219.6	174723	2935	66	30219	31119	200071	2	2695	100514	100286
375	82652.9	201877	2437	46	30679	31579	200071	3	2292	100239	100071	100810
376	15348.4	165948	3335	65	29817	30717	200071	3	3162	100249	101856	100756
377	10764.5	200454	1575	66	31579	32479	200071	3	1324	100375	101783	100485
378	73064.3	188550	2860	66	30294	31194	200071	3	2677	101570	101992	101561
379	25942.8	187523	1837	61	31307	32207	200071	3	1661	101177	101079	100253
380	6184.22	197124	1691	64	31459	32359	200071	3	1374	100775	100900	100844
381	164991	179786	1093	53	23336	24836	200072	1	808	100999
382	154325	192507	1429	48	22991	24491	200072	3	1285	100250	102000	100140
383	150717	196941	3161	62	21285	22785	200072	6	2983	100072	101216	101951	100156	100840	100604
384	182139	141426	2027	63	22421	23921	200072	1	1697	101594
385	162424	166555	5350	63	19098	20598	200072	5	5142	101745	100213	101629	101646	100696
386	181047	162143	1912	47	37206	37806	200073	2	1703	101467	100720
387	169241	209896	1035	40	38070	38670	200073	3	901	100488	100771	101307
388	184423	166147	3177	57	35960	36560	200073	4	2899	101572	100678	100238	100073
389	171133	193000	1221	62	37925	38525	200073	2	952	100950	101469
390	114219	1680.97	2312	33	27479	28079	200074	5	2197	101359	101878	100393	100988	101179
391	87161.3	10369.2	1265	41	28541	29141	200074	2	1114	101900	101965
392	61584.2	49342.9	4408	63	25440	26040	200074	5	4234	100845	100512	101602	100262	101040
393	87421.8	21398.4	1899	64	27951	28551	200074	5	1665	101143	101106	100582	101033	100131
394	51886.7	38475.8	2057	65	27795	28395	200074	5	1775	101843	100074	101412	100552	101903
395	76038	18971.7	1355	66	28499	29099	200074	4	1154	101036	100973	101873	101919
396	80831.5	16698.1	587	53	34942	36442	200075	1	302	100708
397	41841.7	45764.4	4827	65	30725	32225	200075	6	4651	100425	100591	100075	101183	100530	101323
398	112625	34183.7	3179	42	32329	33829	200075	2	2969	101808	101928
399	85055.9	44521.7	1473	66	34081	35581	200075	1	1129	101406
400	105167	3181.67	2878	63	32670	34170	200075	3	2709	101659	100463	100403
401	103701	43217.3	2282	47	33236	34736	200075	2	2028	100414	101528
402	81660	124224	2497	65	25255	27055	200076	3	2316	101720	100076	100945
403	43082.6	111818	2541	65	25211	27011	200076	4	2357	101638	101121	100715	100330
404	33039.7	86427.4	4288	66	23466	25266	200076	3	4110	100894	101144	101888
405	21012.9	106029	1352	65	26400	28200	200076	4	1025	101045	100991	101533	101008
406	28011.3	102858	2594	54	25137	26937	200076	5	2426	101591	100394	101112	101653	100716
407	30434.4	125464	601	66	27153	28953	200076	1	257	101049
408	190901	69876.7	4839	66	25615	27415	200077	6	4664	100193	100917	100480	100166	100873	101319
409	184867	79354.8	3290	66	27164	28964	200077	7	3107	101763	100186	101232	100521	100077	101544	101807
410	167181	70005.2	2725	66	27729	29529	200077	3	2482	100876	100686	101697
411	100644	138327	2938	66	32016	33216	200078	5	2758	101205	100959	101149	101755	100382
412	61923.1	106684	3466	66	31488	32688	200078	2	3291	101835	100647
413	90009.4	116956	1699	66	33255	34455	200078	3	1433	101855	100174	101402
414	109754	113258	2339	64	32611	33811	200078	4	2082	101743	101240	100078	101853
415	75877.6	102095	5244	64	29706	30906	200078	5	4940	100913	100663	101795	100654	100291
416	110690	159464	4491	65	30461	31661	200078	4	4307	101314	100576	101317	100817
417	54785.4	50859.2	2943	53	23586	24486	200079	4	2749	100572	101277	101432	100691
418	22066	51932.3	2810	66	23744	24644	200079	3	2635	101309	101264	101481
419	46014	53514	3100	65	23452	24352	200079	6	2893	101622	101944	100505	101129	100205	101193
420	56148.9	46342.5	5486	64	21064	21964	200079	8	5304	101464	101466	101163	100931	100781	100583	100079	101447
421	78111.8	23166	2396	66	24158	25058	200079	3	2187	100115	100816	100760
422	71675.9	2206.08	1871	65	24681	25581	200079	3	1690	101496	101925	101046
423	106145	146160	2373	66	18481	20281	200080	4	2195	101435	101941	100755	101081
424	72157.4	165542	3733	60	17110	18910	200080	3	3558	101645	100953	100896
425	38438.9	110797	2136	66	18718	20518	200080	1	1792	100749
426	43063.9	169813	1549	66	19305	21105	200080	1	1205	101948
427	98091.6	137364	3753	52	17074	18874	200080	3	3597	100770	100409	100718
428	31607.3	144725	1172	57	19665	21465	200080	1	868	100947
429	42351	117140	4448	49	16374	18174	200080	5	4305	101034	101628	101142	100080	100277
430	121112	185732	3104	66	30350	32150	200081	4	2926	101322	100456	101072	100877
431	89320	190730	2637	65	30815	32615	200081	6	2448	100145	100990	100936	101682	101042	101445
432	90778.6	194729	1654	65	31798	33598	200081	3	1439	101295	101788	100081
433	109712	159610	1701	62	31745	33545	200081	2	1386	101349	101660
434	46303.3	74885.5	4863	60	24980	25880	200082	6	4694	100160	100757	101492	101015	101471	101184
435	57429.4	62953.8	3460	64	26390	27290	200082	3	3216	101709	101190	100763
436	15947	64733.2	5041	64	24809	25709	200082	7	4820	101579	100693	100123	101580	101258	100545	100792
437	24019.2	102044	2349	61	27495	28395	200082	3	2184	100121	100082	101273
438	996.03	98189.2	2537	52	27290	28190	200082	4	2360	101352	101986	100475	101220
439	108229	78404.5	2397	64	34353	35853	200083	3	2223	100814	101566	101598
440	138654	88883.9	4237	63	32511	34011	200083	7	4029	101057	101091	100908	101297	101849	100804	101836
441	118716	69927.9	4494	66	32260	33760	200083	7	4316	100956	100587	100495	101727	100083	101651	101635
442	112160	45639.8	2590	65	34162	35662	200083	4	2409	101246	100784	100662	100269
443	53103.4	68779.9	2124	62	15422	16922	200084	3	1887	100084	101422	101860
444	63026.6	58598.6	2681	65	14871	16371	200084	3	2500	101122	101761	101415
445	33635.6	30663.6	5064	65	12488	13988	200084	8	4883	100592	100171	100641	100550	101945	101351	100972	101663
446	18649.2	80271.2	1072	66	16482	17982	200084	1	728	100374
447	33460.3	64210.8	1029	66	16525	18025	200084	1	685	101345
448	19031.6	44223.4	975	66	16579	18079	200084	1	631	101027
449	792.16	75723.6	2473	66	15081	16581	200084	4	2225	101684	100601	101655	100450
450	28677.5	91946.5	2459	53	15070	16570	200084	4	2298	101838	100932	101502	101759
451	84567.2	51908.4	894	37	36705	37905	200085	1	680	101529
452	95027.6	46235.2	3822	65	33830	35030	200085	4	3646	101884	100764	101826	101827
453	127364	16006	4302	64	33348	34548	200085	5	4123	100643	101326	101785	100788	100102
454	110158	64220.3	2811	66	34843	36043	200085	3	2592	100320	101789	100440
455	107037	25094.2	1284	53	36345	37545	200085	1	999	101966
456	107842	92962.7	4523	61	33121	34321	200085	3	4350	101854	100946	101060
457	103166	78414.3	5208	62	32438	33638	200085	4	5036	100303	100085	101988	101949
458	105631	19116.8	3361	66	25293	26793	200086	3	3126	100270	101914	100729
459	39016.8	50168.9	4442	65	24210	25710	200086	5	4139	100922	100308	100317	100606	100086
460	70428.9	20085.8	3065	66	25589	27089	200086	5	2848	100895	101793	101136	101148	101292
461	37930.9	17103.5	1504	66	27150	28650	200086	1	1160	101455
462	96144.9	39324.7	2849	66	25805	27305	200086	3	2640	100258	101545	100554
463	73316.5	22631.8	2307	66	26347	27847	200086	3	2129	101574	101261	100364
464	99669.7	28821.8	2370	65	26282	27782	200086	4	2132	101626	100370	101410	100878
465	120969	117038	5027	66	19127	20327	200087	5	4844	100347	101363	101185	100087	100796
466	130709	112404	4479	66	19675	20875	200087	4	4239	101094	100616	100228	100426
467	115232	145157	4809	65	19343	20543	200087	5	4625	101233	100502	100148	101338	101691
468	117132	116593	2048	66	22106	23306	200087	3	1849	101869	101281	101251
469	119762	122813	4804	66	19350	20550	200087	5	4624	101750	101152	100584	100437	101214
470	155868	39972.4	4634	65	22518	24018	200088	4	4323	101642	101514	100218	100970
471	149868	46394.8	5500	65	21652	23152	200088	8	5303	101643	101085	101815	101267	100669	100178	101582	101384
472	199351	94751.7	2199	66	24955	26455	200088	3	2019	100088	100120	101211
473	45777	180400	3275	66	18779	19679	200089	7	3089	101822	100989	100966	101517	101461	100772	101272
474	38812	203635	2118	66	19936	20836	200089	1	1774	100089
475	39584.5	165861	2708	59	19333	20233	200089	3	2502	101787	101253	101067
476	13451.1	170660	1508	65	20544	21444	200089	3	1311	101343	101186	100415
477	56748.9	195724	3669	63	18379	19279	200089	7	3497	100754	100964	100703	100344	100717	100386	100536
478	6913.44	202307	985	66	21069	21969	200089	1	641	101595
479	13757.5	155048	1945	58	20094	20994	200089	2	1725	101178	101146
480	32855	166899	2219	60	19824	20724	200089	3	1909	101507	100799	101011
481	92740.5	27360	3520	45	28094	29594	200090	3	3302	101308	101737	100290
482	100980	42632.6	1954	66	29700	31200	200090	2	1774	101024	100362
483	44019.6	52495.9	1516	66	30138	31638	200090	1	1172	101236
484	99818.7	13483.7	4354	63	27294	28794	200090	4	4177	100612	101536	100807	101920
485	74366.6	50437.3	5492	56	26143	27643	200090	4	5328	100309	100188	101715	100407
486	89469.2	28310.8	1614	65	30038	31538	200090	2	1355	100090	101779
487	66422.8	47246.4	2173	66	29481	30981	200090	2	1948	101137	100377
488	102201	156861	2941	36	17256	19056	200091	4	2755	100664	100214	101768	101247
489	130744	132129	5526	53	14703	16503	200091	3	5373	100179	100359	101535
490	151320	105132	2994	54	17237	19037	200091	6	2842	101671	100091	100811	101501	101725	101915
491	109479	201864	3492	52	20935	22135	200092	4	3336	101141	101911	101310	101335
492	109428	185478	1025	58	23414	24614	200092	1	717	100466
493	79364.4	188209	3098	66	21356	22556	200092	3	2837	101340	100901	100449
494	130606	140981	3976	65	20476	21676	200092	3	3798	100355	100118	101833
495	166666	195660	3380	66	21074	22274	200092	3	3200	101935	100092	100874
496	130201	169622	1183	64	23267	24467	200092	3	1004	101099	101453	100832
497	98727.2	144121	3391	40	21014	22214	200092	2	3262	100424	101707
498	122231	125558	2176	60	22267	23467	200092	2	1861	100976	101358
499	113370	180284	701	55	23732	24932	200092	1	406	100934
500	114803	190567	1193	57	23244	24444	200092	2	962	101756	100651
501	124254	177589	709	19	22156	23656	200093	2	620	100773	101405
502	90414.8	172872	3431	64	19519	21019	200093	4	3226	101157	101511	100093	101483
503	112694	207752	4513	66	18441	19941	200093	7	4265	101154	100447	101780	101946	101173	101811	101562
504	129435	151907	4202	65	18750	20250	200093	5	4018	101670	101329	101306	101917	101001
505	178925	133994	2966	64	20884	22384	200094	6	2790	100252	100435	100646	100812	100451	100557
506	143971	119075	2455	63	21393	22893	200094	2	2132	101882	101898
507	181263	118658	5047	54	18784	20284	200094	5	4892	101611	101551	100769	101366	101365
508	171734	95215	4697	61	19147	20647	200094	3	4527	100094	100698	100190
509	205766	106591	998	66	22856	24356	200094	1	654	101197
510	100254	139183	2400	40	28005	28605	200095	4	2269	101940	100980	101823	101702
511	66154.8	151081	4314	66	26140	26740	200095	4	4136	100549	101557	100558	100978
512	106318	177793	3405	53	27024	27624	200095	5	3231	101961	101693	100095	101068	100348
513	67474.1	133635	4840	66	25614	26214	200095	4	4589	101195	100257	100360	101324
514	74967.6	120493	2170	59	28271	28871	200095	3	1977	100180	101740	101973
515	102140	102287	3993	37	21906	23406	200096	5	3870	101250	101438	101902	101802	100927
516	101373	114339	4867	66	21087	22587	200096	7	4681	100271	101913	100531	101821	100992	100096	100380
517	117892	104055	1145	42	24763	26263	200096	1	909	100516
518	119762	108126	4061	61	21883	23383	200096	6	3885	100543	100537	101132	100714	101890	101818
519	52245.9	164181	4966	59	25175	26975	200097	9	4799	101252	100097	100139	100182	101871	100315	101716	100984	100200
520	68346.4	169921	3072	64	27078	28878	200097	2	2810	100925	100243
521	30797.7	123459	3941	65	26211	28011	200097	5	3731	101362	100670	101605	101330	100248
522	37587.1	159490	2403	65	27749	29549	200097	4	2147	101712	100728	100453	100357
523	32447.9	147310	1647	62	28499	30299	200097	2	1339	101164	101385
524	144957	120733	4662	66	29392	31192	200098	6	4409	101978	101929	100856	100275	100443	100787
525	165866	91657.8	573	37	33426	35226	200098	1	359	100358
526	165707	70011.7	3554	63	30494	32294	200098	4	3380	100371	100441	100216	100319
527	177120	102075	3420	52	30607	32407	200098	5	3233	100705	101242	101778	100996	101567
528	126173	99060.8	2827	54	31204	33004	200098	2	2675	100459	101797
529	178980	95521.7	526	55	33507	35307	200098	1	231	101056
530	116918	93573.6	4514	66	29540	31340	200098	4	4331	100556	101819	101681	100785
531	185110	101400	1084	62	32962	34762	200098	2	831	100098	100891
532	106964	157642	4333	64	29417	30617	200099	4	4094	100570	101612	101263	101109
533	166315	204852	5321	46	28395	29595	200099	6	5179	100793	101962	101993	101518	100960	101936
534	124896	151892	2162	66	31592	32792	200099	2	1961	100578	101581
535	113345	146023	3562	66	30192	31392	200099	3	3356	101320	100099	101213
536	178730	163122	2514	58	18025	19825	200100	4	2343	101172	101401	101979	101876
537	166851	135771	1684	46	18832	20632	200100	3	1477	100100	100256	101714
538	162575	141783	2088	66	18466	20266	200100	1	1744	101423
539	182474	160458	4369	63	16179	17979	200100	3	4127	101078	101171	101006
540	197073	95793.7	2366	66	18188	19988	200100	5	2180	100132	101147	101970	101874	101187
541	207166	113340	1133	66	19421	21221	200100	3	958	101417	100237	101975
542	175547	105413	2291	66	18263	20063	200100	5	2038	100648	101238	100628	100294	101844
DIMENSION: 543
SOLVETIME: 115.878
DEPOT_SECTION
1
-1
EOF
