SCHOOLNODENUMBER: 25
SCHNODE_COORD_SECTION
200001	111830	53594.4	935	950	15
200002	24235.1	64352	900	930	30
200003	38995.3	181003	1010	1025	15
200004	164902	69547	455	515	20
200005	122890	148994	835	900	25
200006	84442.6	36159.3	915	925	10
200007	184477	33471.5	650	715	25
200008	29604.2	96005.9	615	625	10
200009	162214	112281	630	640	10
200010	153822	159178	720	745	25
200011	145875	130128	745	815	30
200012	89057.6	142633	805	830	25
200013	119970	68322.4	640	700	20
200014	128014	13864.3	915	940	25
200015	50358.8	96083.2	550	620	30
200016	3976.87	72260.6	930	1000	30
200017	102909	125887	850	910	20
200018	125829	200810	1005	1025	20
200019	149265	28772.8	955	1015	20
200020	199463	200230	655	705	10
200021	38325	87272.2	625	645	20
200022	93227.8	149497	940	1010	30
200023	210865	207545	1020	1035	15
200024	201757	159178	905	930	25
200025	122897	2674.88	700	710	10
MAX_RIDING_TIME: 5400
EDGE_WEIGHT_FORMAT: FUNCTION
EDGE_WEIGHT_TYPE: MAN_2D
NODE_COORD_TYPE: TWOD_COORDS
NODE_COORD_SECTION
0	105600	105600	0	0	0	0	0	0	0
1	146508	62042.6	2444	66	32210	33110	200001	4	2225	100197	100270	100217	100340
2	104544	39372.7	5524	56	29111	30011	200001	5	5256	100348	100465	100482	100064	100001
3	134805	81669.4	2050	48	32570	33470	200001	3	1904	100319	100190	100444
4	98063.3	71036.3	4474	56	30161	31061	200001	5	4315	100213	100354	100116	100040	100241
5	41431.3	100237	5447	50	27077	28877	200002	9	5291	100153	100371	100455	100038	100092	100002	100330	100316	100258
6	68903.7	61582.1	2982	65	29570	31370	200002	4	2809	100046	100286	100147	100388
7	8297.82	66050.7	5465	22	27005	28805	200002	6	5353	100357	100180	100068	100309	100396	100425
8	57368.9	197014	5168	50	31556	32456	200003	6	5020	100172	100095	100225	100445	100167	100194
9	92191.3	189823	3604	17	33057	33957	200003	4	3514	100151	100247	100321	100420
10	73943.9	177422	1675	66	35079	35979	200003	2	1339	100363	100214
11	54642.5	134258	5034	53	31695	32595	200003	9	4832	100293	100168	100129	100030	100032	100003	100210	100139	100411
12	25372	179555	857	66	35897	36797	200003	1	513	100250
13	147396	115048	4246	45	13568	14768	200004	5	4111	100333	100171	100377	100211	100441
14	196273	91091.2	3716	41	14090	15290	200004	4	3578	100408	100123	100481	100004
15	138893	60195.8	3963	64	13887	15087	200004	4	3654	100496	100488	100307	100176
16	185932	72166.5	1150	66	16704	17904	200004	1	806	100416
17	128197	61631.3	3188	63	14660	15860	200004	4	2938	100160	100035	100417	100379
18	105317	150553	2307	66	28747	30247	200005	4	2127	100150	100405	100342	100137
19	116098	195176	4040	63	27008	28508	200005	4	3824	100193	100220	100368	100161
20	114496	137332	4281	61	26763	28263	200005	4	4105	100435	100292	100464	100238
21	131070	137630	1420	61	29624	31124	200005	3	1250	100428	100325	100005
22	148465	126308	3395	49	27627	29127	200005	3	3236	100382	100429	100439
23	93971.1	131316	2354	47	28664	30164	200005	4	2210	100495	100478	100079	100492
24	66806.3	75611.4	5202	59	28239	28839	200006	4	5029	100091	100322	100409	100181
25	112410	54645.7	4696	56	28739	29339	200006	5	4540	100268	100006	100049	100381	100280
26	76710.9	58595.2	5059	62	28387	28987	200006	3	4861	100109	100182	100179
27	88140.8	58549.8	1826	56	31609	32209	200006	2	1644	100291	100398
28	95935.5	41729.9	1368	36	32029	32629	200006	3	1242	100246	100117	100265
29	162397	47238.1	2117	54	22614	24114	200007	3	1931	100264	100443	100203
30	188018	43186.4	769	60	23974	25474	200007	1	451	100419
31	198798	80360.9	5450	43	19260	20760	200007	6	5311	100346	100007	100052	100164	100162	100136
32	154545	38008	2843	65	21909	23409	200007	8	2665	100072	100318	100090	100489	100101	100085	100369	100111
33	30965.9	105871	686	53	21943	22543	200008	2	510	100008	100344
34	32999.4	108278	3844	66	18810	19410	200008	4	3669	100216	100108	100045	100486
35	34876.6	100360	638	48	21982	22582	200008	2	388	100432	100373
36	46985.2	125307	4266	60	18377	18977	200008	6	4047	100105	100184	100407	100158	100173	100207
37	81810.4	96005.9	5460	65	17192	17792	200008	7	5284	100438	100358	100281	100454	100380	100487	100349
38	135558	113697	3701	57	19836	20436	200009	5	3538	100252	100243	100447	100120	100359
39	123399	102460	5083	62	18463	19063	200009	10	4911	100076	100288	100389	100312	100009	100221	100132	100259	100078	100229
40	164109	64738.6	2029	66	21525	22125	200009	1	1685	100237
41	132095	89572	5495	60	18048	18648	200009	4	5320	100235	100036	100422	100345
42	178107	140186	2826	65	23726	25226	200010	4	2598	100140	100096	100404	100351
43	202872	163531	2164	66	24390	25890	200010	1	1820	100491
44	141739	184391	1611	65	24941	26441	200010	1	1271	100010
45	115558	141048	4367	52	22160	23660	200010	5	4211	100121	100361	100152	100463	100353
46	127715	136017	1978	52	24549	26049	200010	2	1827	100215	100279
47	137421	133130	1683	42	24825	26325	200010	1	1447	100337
48	150866	132561	2290	55	24243	25743	200010	3	2079	100062	100097	100205
49	143925	118942	1212	64	26838	28638	200011	2	958	100178	100070
50	107117	122485	2996	66	25058	26858	200011	3	2764	100343	100399	100356
51	139666	112614	1283	64	26767	28567	200011	3	1026	100056	100011	100384
52	134544	122198	1339	62	26707	28507	200011	4	1102	100104	100227	100122	100099
53	165995	131914	1090	66	26964	28764	200011	1	746	100222
54	129367	101730	5334	66	22720	24520	200011	3	5047	100170	100480	100226
55	155989	95936.4	5189	66	22865	24665	200011	4	4993	100055	100397	100460	100385
56	101254	129247	1448	59	27793	29293	200012	4	1174	100424	100012	100387	100362
57	104334	189652	5215	61	24029	25529	200012	8	5047	100204	100423	100057	100206	100245	100067	100352	100189
58	90347.6	84347.3	2258	36	26939	28439	200012	2	2054	100110	100433
59	101705	149326	5255	59	23986	25486	200012	7	5085	100301	100328	100453	100174	100446	100272	100192
60	95379.8	109808	1678	66	27576	29076	200012	1	1334	100201
61	102871	48524.5	4296	59	19845	21045	200013	7	4126	100375	100233	100283	100071	100274	100198	100347
62	124605	91292.9	1730	62	22416	23616	200013	2	1493	100472	100133
63	139044	86814.4	2493	64	21657	22857	200013	3	2309	100500	100410	100128
64	108696	76979.8	3795	61	20349	21549	200013	5	3554	100305	100442	100269	100114	100088
65	114153	110458	4068	66	20086	21286	200013	4	3893	100469	100406	100094	100372
66	123203	74498.1	1108	52	23019	24219	200013	3	923	100013	100476	100458
67	145689	46218.8	4871	66	28583	30083	200014	5	4696	100209	100471	100236	100054	100451
68	95820.8	15574.7	1409	42	31999	33499	200014	2	1176	100014	100106
69	143776	59604.9	2698	48	30722	32222	200014	4	2479	100278	100082	100185	100228
70	80955.4	3715.72	2508	64	30942	32442	200014	3	2329	100143	100166	100329
71	112043	28775.3	3030	53	30399	31899	200014	4	2869	100273	100335	100074	100421
72	26209.8	100151	5337	33	15754	17554	200015	7	5214	100034	100115	100390	100127	100256	100401	100060
73	52122.4	94077.4	598	61	20546	22346	200015	2	287	100015	100494
74	97950.8	90584	2153	66	19001	20801	200015	1	1809	100483
75	28376.2	68731	2025	66	19129	20929	200015	1	1681	100183
76	97389.3	110677	4831	65	16321	18121	200015	10	4658	100050	100370	100310	100360	100367	100430	100468	100047	100324	100297
77	41660.7	74685.2	2812	56	31523	33323	200016	8	2656	100069	100202	100200	100475	100191	100296	100254	100196
78	39478.8	93321.9	5322	60	29021	30821	200016	7	5158	100287	100093	100026	100016	100262	100366	100484
79	43233	85983.5	2123	56	32212	34012	200016	2	1925	100314	100414
80	23495.8	104642	3083	29	31201	33001	200016	2	2908	100175	100125
81	71902.7	114739	2755	41	29151	30351	200017	3	2625	100338	100080	100242
82	88845.1	107739	5380	25	26496	27696	200017	7	5275	100466	100255	100103	100063	100244	100134	100119
83	108780	98068	5334	55	26599	27799	200017	7	5180	100303	100334	100017	100364	100499	100302	100075
84	120014	179474	2307	66	34147	35347	200018	4	2127	100267	100199	100188	100253
85	121663	192311	654	35	35741	36941	200018	2	457	100219	100498
86	124324	198951	328	37	36071	37271	200018	1	114	100048
87	102624	175340	4728	61	31716	32916	200018	9	4552	100412	100304	100261	100427	100300	100169	100497	100018	100477
88	130069	155327	4204	66	32250	33450	200018	7	4029	100426	100392	100234	100112	100232	100065	100299
89	112005	5079.27	2532	59	33309	34509	200019	4	2365	100350	100298	100386	100456
90	151540	51051	1136	52	34691	35891	200019	2	985	100452	100148
91	107870	44069.4	3861	64	31989	33189	200019	6	3690	100043	100271	100277	100019	100393	100295
92	166505	55622.1	5148	56	30687	31887	200019	6	4989	100037	100461	100395	100155	100479	100100
93	200880	144378	3614	66	21440	22040	200020	6	3439	100126	100177	100415	100320	100098	100240
94	184472	194731	1042	66	24012	24612	200020	1	698	100084
95	155043	185590	3634	65	21418	22018	200020	6	3461	100450	100131	100311	100394	100186	100141
96	165993	176815	2489	65	22563	23163	200020	5	2305	100208	100327	100157	100187	100020
97	57964.2	77967.6	5181	64	18069	19269	200021	8	4945	100462	100163	100041	100102	100248	100021	100113	100290
98	45558.1	113417	4389	65	18863	20063	200021	6	4216	100402	100449	100061	100028	100218	100249
99	65979.6	119870	4284	63	18964	20164	200021	5	4110	100224	100418	100474	100448	100400
100	62340.2	108200	2071	63	21177	22377	200021	3	1863	100156	100042	100195
101	42592.2	102696	4177	57	19060	20260	200021	6	3972	100341	100285	100039	100263	100107	100239
102	45116.2	92681.2	1003	65	22249	23449	200021	3	819	100159	100066	100089
103	88905.5	90859.9	2150	52	21077	22277	200021	2	1955	100053	100317
104	95304.8	205816	5114	17	29747	31547	200022	5	5027	100467	100306	100434	100326	100376
105	135467	138812	4813	53	30116	31916	200022	6	4655	100138	100336	100058	100223	100044	100331
106	123340	121817	5109	48	29811	31611	200022	5	4874	100391	100275	100022	100231	100059
107	185532	200498	1447	66	35907	36807	200023	1	1103	100149
108	210159	175629	2008	64	35342	36242	200023	3	1834	100146	100033	100374
109	191972	175433	2508	53	34821	35721	200023	6	2347	100023	100339	100493	100027	100473	100378
110	190485	198088	1777	60	35566	36466	200023	5	1608	100212	100154	100031	100081	100029
111	196307	106009	2800	65	30052	31552	200024	4	2627	100294	100437	100315	100118
112	186833	135518	2274	66	30580	32080	200024	2	2099	100086	100276
113	158319	175535	5153	57	27684	29184	200024	8	4984	100490	100323	100144	100485	100251	100413	100051	100087
114	195088	207673	5474	66	27380	28880	200024	6	5203	100077	100365	100230	100470	100024	100355
115	150178	38203.7	3194	62	22152	22752	200025	3	3016	100135	100289	100124
116	122153	58695.1	2309	62	23037	23637	200025	2	2017	100073	100266
117	136981	32989	2134	49	23188	23788	200025	4	1889	100284	100025	100313	100083
118	149490	34269.8	2953	60	22390	22990	200025	5	2781	100383	100257	100431	100145	100142
119	102056	34685.1	4396	66	20958	21558	200025	6	4213	100308	100403	100332	100165	100130	100459
120	108996	45891.7	3264	53	22065	22665	200025	5	3109	100282	100436	100440	100260	100457
DIMENSION: 121
SOLVETIME: 31.184
DEPOT_SECTION
1
-1
EOF
