SCHOOLNODENUMBER: 6
SCHNODE_COORD_SECTION
200001	264.26	119029	510	540	30
200002	123554	101349	710	735	25
200003	173784	157683	810	820	10
200004	150058	108459	945	1000	15
200005	19304.3	76972.3	810	830	20
200006	208776	94130.2	545	605	20
MAX_RIDING_TIME: 5400
EDGE_WEIGHT_FORMAT: FUNCTION
EDGE_WEIGHT_TYPE: MAN_2D
NODE_COORD_TYPE: TWOD_COORDS
NODE_COORD_SECTION
0	105600	105600	0	0	0	0	0	0	0
1	30312.1	112435	2027	64	16723	18523	200001	5	1851	100246	100057	100030	100039	100134
2	26674.8	122869	4013	62	14733	16533	200001	5	3755	100171	100195	100110	100206	100141
3	30337.2	117674	1692	66	17062	18862	200001	3	1413	100163	100102	100194
4	28829.5	95432.9	3123	56	15612	17412	200001	6	2949	100180	100170	100155	100213	100068	100230
5	30071.8	103992	5148	66	13606	15406	200001	5	4968	100222	100139	100043	100087	100049
6	56648.1	121026	3528	60	15215	17015	200001	3	3335	100211	100025	100187
7	11791.5	109251	1182	65	17570	19370	200001	6	1009	100036	100177	100150	100183	100093	100001
8	30758.8	119028	1438	66	17316	19116	200001	2	1195	100138	100120
9	51565	110702	3865	64	14885	16685	200001	3	3691	100080	100189	100228
10	126058	104764	4392	63	21556	23056	200002	3	4103	100162	100133	100247
11	95965.5	74123.8	3960	62	21986	23486	200002	8	3782	100215	100002	100070	100129	100083	100132	100207	100079
12	109056	120402	4397	66	21557	23057	200002	5	4214	100099	100035	100125	100048	100109
13	113692	100912	719	64	25231	26731	200002	2	501	100179	100084
14	116285	114113	1299	65	24653	26153	200002	4	1121	100175	100088	100137	100047
15	78429.9	118938	3682	61	22262	23762	200002	4	3514	100010	100174	100184	100115
16	111807	104210	975	46	24941	26441	200002	4	830	100072	100130	100117	100135
17	118816	89945.6	4430	65	21522	23022	200002	6	4254	100123	100176	100244	100127	100078	100164
18	118071	117259	3789	65	22163	23663	200002	4	3605	100158	100250	100091	100067
19	173527	99299.3	2290	50	27234	27834	200003	2	2023	100227	100249
20	169005	153945	3566	65	25986	26586	200003	7	3393	100069	100241	100248	100161	100186	100234	100140
21	138496	147413	2490	62	27056	27656	200003	5	2294	100154	100231	100063	100165	100203
22	142319	140674	3114	64	26436	27036	200003	2	2857	100058	100041
23	168930	126584	3771	54	25760	26360	200003	5	3619	100143	100136	100114	100131	100096
24	152291	135709	2078	66	27476	28076	200003	5	1892	100144	100061	100217	100224	100038
25	157859	112762	2426	64	27124	27724	200003	2	2172	100003	100026
26	164519	179433	1479	66	28075	28675	200003	2	1247	100233	100042
27	157317	155037	5381	65	24171	24771	200003	7	5205	100046	100235	100094	100106	100095	100202	100126
28	123037	160379	2604	59	26937	27537	200003	3	2424	100209	100113	100107
29	154936	132451	1862	52	27665	28265	200003	3	1646	100037	100098	100013
30	147718	149341	1543	64	28007	28607	200003	3	1325	100021	100104	100031
31	145100	175567	4755	63	24793	25393	200003	5	4581	100105	100147	100073	100016	100190
32	129244	97206.7	1369	40	33836	34736	200004	3	1201	100071	100151	100238
33	141165	57430	4578	64	30672	31572	200004	8	4373	100204	100239	100085	100111	100033	100056	100004	100028
34	114652	124851	4050	66	31204	32104	200004	3	3768	100212	100044	100240
35	88794.9	107916	3607	63	31641	32541	200004	6	3430	100198	100064	100160	100023	100221	100223
36	140189	113907	4752	65	30500	31400	200004	3	4558	100009	100152	100017
37	149401	157968	4293	64	30957	31857	200004	7	4117	100055	100142	100218	100199	100156	100200	100108
38	145280	101299	5009	65	30243	31143	200004	5	4818	100229	100219	100008	100214	100178
39	45142.2	55248.5	5529	63	24019	25219	200005	9	5355	100032	100173	100082	100166	100119	100243	100169	100188	100097
40	47751.9	60006.4	2124	66	27430	28630	200005	4	1824	100074	100029	100220	100124
41	30770.3	72974.7	4587	66	24967	26167	200005	8	4378	100205	100245	100112	100020	100146	100014	100015	100128
42	63012	92251.3	2655	60	26888	28088	200005	4	2460	100062	100065	100075	100022
43	1859.98	101665	1758	53	27771	28971	200005	3	1600	100236	100192	100019
44	53006.9	88753.8	3297	61	26247	27447	200005	3	3088	100005	100201	100086
45	27934.8	110464	1830	56	27705	28905	200005	3	1630	100050	100012	100116
46	46242.2	105006	2683	59	26858	28058	200005	4	2518	100242	100226	100092	100121
47	43529.8	111265	2800	66	26754	27954	200005	4	2523	100118	100077	100053	100168
48	156248	99222.1	3448	66	17406	18606	200006	5	3273	100167	100181	100193	100157	100006
49	175357	107843	2885	64	17965	19165	200006	7	2649	100034	100052	100007	100089	100100	100101	100045
50	166244	79683.3	3151	65	17701	18901	200006	6	2975	100210	100051	100216	100122	100024	100232
51	207563	104241	1003	65	19849	21049	200006	3	778	100225	100208	100148
52	168988	100897	5485	62	15361	16561	200006	8	5313	100191	100149	100237	100027	100018	100153	100060	100076
53	158367	103607	2469	66	18385	19585	200006	4	2226	100182	100011	100090	100159
54	146935	95310.9	2962	62	17884	19084	200006	6	2784	100040	100059	100066	100103	100145	100197
55	192005	111984	3911	62	16935	18135	200006	5	3744	100196	100054	100081	100185	100172
DIMENSION: 56
SOLVETIME: 23.946
DEPOT_SECTION
1
-1
EOF
