SCHOOLNODENUMBER: 25
SCHNODE_COORD_SECTION
200001	150883	74896.8	555	615	20
200002	161963	103773	535	605	30
200003	118855	65028.7	540	610	30
200004	203807	138488	710	725	15
200005	74033.1	8192.24	610	635	25
200006	138411	22204.8	945	1010	25
200007	102013	199514	800	830	30
200008	91822.7	153126	920	930	10
200009	66711	147164	735	800	25
200010	79357.1	20831.9	535	600	25
200011	50068.7	210053	855	920	25
200012	141717	121143	600	610	10
200013	184593	199392	535	600	25
200014	85125.8	201293	515	545	30
200015	89850.4	13168.2	730	755	25
200016	92667.1	171599	925	945	20
200017	25040.8	191341	905	915	10
200018	94761.9	93066.7	750	805	15
200019	167093	68657.6	525	545	20
200020	10950.9	85828.4	530	540	10
200021	126371	72325.1	935	945	10
200022	17995.9	158334	845	905	20
200023	178437	138778	820	850	30
200024	210800	168627	915	945	30
200025	198973	163342	1025	1045	20
MAX_RIDING_TIME: 5400
EDGE_WEIGHT_FORMAT: FUNCTION
EDGE_WEIGHT_TYPE: MAN_2D
NODE_COORD_TYPE: TWOD_COORDS
NODE_COORD_SECTION
0	105600	105600	0	0	0	0	0	0	0
1	120803	78642.6	5065	61	16379	17579	200001	6	4897	100280	100874	100807	100224	100275	100348
2	128973	71970.6	1305	66	20149	21349	200001	2	1125	100658	100999
3	113736	69935.6	2793	66	18661	19861	200001	4	2615	100829	100293	100396	100520
4	124746	84032.6	3077	65	18375	19575	200001	4	2896	100120	100606	100651	100150
5	162769	124649	5527	61	15917	17117	200001	8	5362	100779	100702	100532	100783	100376	100678	100001	100852
6	133559	87250.2	1897	60	19546	20746	200001	4	1694	100056	100889	100730	100735
7	151115	92448	5201	63	16247	17447	200001	7	5027	100556	100922	100707	100078	100154	100630	100982
8	136642	97073.9	2100	65	19352	20552	200001	7	1927	100480	100597	100971	100739	100826	100162	100211
9	188347	84023.5	3965	49	17457	18657	200001	5	3822	100756	100324	100379	100634	100085
10	119786	97912.4	4725	63	16723	17923	200001	3	4551	100929	100539	100146
11	122257	125692	4091	64	16159	17959	200002	6	3909	100802	100864	100133	100405	100591	100256
12	136548	90033.5	3555	65	16697	18497	200002	5	3332	100744	100567	100770	100517	100853
13	161281	105297	1369	66	18885	20685	200002	4	1118	100431	100609	100310	100353
14	161081	92071	1155	65	19097	20897	200002	2	909	100736	100523
15	114208	106310	3014	39	17189	18989	200002	6	2887	100139	100940	100383	100064	100518	100088
16	161104	98268	1321	65	18931	20731	200002	2	1145	100575	100906
17	192623	104973	4660	44	15552	17352	200002	7	4511	100975	100723	100002	100072	100474	100352	100769
18	162049	104359	330	58	19909	21709	200002	1	22	100361
19	103113	46802.2	4798	61	15746	17546	200003	5	4586	100123	100060	100314	100195	100966
20	107514	93017.2	4013	65	16539	18339	200003	7	3835	100822	100872	100501	100618	100776	100772	100804
21	95000.1	88155.3	2720	65	17832	19632	200003	6	2544	100397	100778	100717	100951	100003	100433
22	181244	65028.7	3628	65	16924	18724	200003	4	3377	100449	100668	100564	100650
23	108688	24077.3	3636	66	16918	18718	200003	9	3456	100444	100947	100098	100627	100932	100423	100180	100862	100332
24	154640	89603.8	2437	66	18117	19917	200003	3	2259	100748	100478	100272
25	100994	70570.5	3040	66	17514	19314	200003	4	2854	100132	100398	100511	100589
26	104827	85651.3	2465	57	18072	19872	200003	6	2283	100230	100743	100292	100255	100837	100638
27	110917	56620.4	833	51	19692	21492	200003	1	557	100570
28	180906	114525	2766	63	23182	24082	200004	5	2592	100004	100919	100392	100036	100246
29	170344	128749	3299	66	22655	23555	200004	5	3113	100311	100245	100813	100903	100892
30	162859	153620	4698	66	21256	22156	200004	5	4515	100407	100476	100714	100622	100674
31	158766	143289	2622	63	23326	24226	200004	3	2370	100825	100141	100527
32	159656	121337	2963	50	22961	23861	200004	9	2813	100781	100030	100710	100182	100737	100552	100040	100076	100103
33	179068	108690	2622	66	23332	24232	200004	2	2325	100991	100147
34	176552	170614	2819	66	23135	24035	200004	5	2633	100210	100974	100411	100550	100771
35	193940	107815	3471	66	22483	23383	200004	3	3291	100875	100712	100909
36	99347.9	17688.3	3652	65	18700	20200	200005	5	3471	100596	100791	100111	100374	100100
37	129529	14007.2	3027	65	19325	20825	200005	4	2854	100005	100106	100914	100645
38	67755.3	40463.6	3634	66	18720	20220	200005	7	3454	100144	100113	100178	100031	100964	100295	100508
39	32468.9	6351.52	2368	66	19986	21486	200005	4	2190	100479	100752	100273	100201
40	81692.3	54563.8	2348	66	20006	21506	200005	3	2168	100284	100729	100519
41	89813.9	27475.7	2448	64	19902	21402	200005	7	2225	100028	100574	100380	100494	100625	100202	100998
42	91175	33060.2	1982	64	20368	21868	200005	2	1751	100821	100863
43	141280	81123.5	3657	60	31586	33086	200006	6	3490	100378	100463	100319	100623	100382	100817
44	131699	48248.4	5275	59	29966	31466	200006	6	5108	100387	100342	100439	100059	100509	100860
45	108373	16556	1987	64	33263	34763	200006	3	1722	100942	100101	100121
46	113681	42626.3	2519	57	32718	34218	200006	4	2358	100112	100325	100890	100758
47	95515	38056.1	2420	58	32819	34319	200006	4	2135	100718	100565	100671	100558
48	87411.5	29474.5	3206	63	32042	33542	200006	5	3034	100438	100592	100952	100006	100601
49	141547	24795.1	4130	65	31122	32622	200006	6	3894	100540	100116	100976	100843	100704	100471
50	108818	23252.1	1930	58	33309	34809	200006	3	1759	100173	100165	100764
51	96592.5	3359.41	2430	66	32824	34324	200006	2	2148	100721	100611
52	110243	32780.2	1682	66	33572	35072	200006	2	1411	100271	100970
53	106442	170324	1720	59	27221	29021	200007	4	1493	100334	100035	100855	100156
54	117089	183545	3966	58	24973	26773	200007	5	3803	100215	100594	100688	100326	100882
55	108429	193403	744	56	28191	29991	200007	2	541	100417	100109
56	74657.3	182791	4827	65	24125	25925	200007	7	4649	100760	100699	100461	100235	100313	100654	100534
57	117206	156663	3872	60	25071	26871	200007	6	3682	100514	100963	100759	100861	100270	100823
58	108496	187538	1768	64	27182	28982	200007	4	1592	100880	100455	100831	100636
59	103953	173780	2582	47	26336	28136	200007	6	2438	100698	100329	100576	100866	100670	100007
60	83345.2	116197	4118	49	29604	30204	200008	5	3899	100008	100820	100856	100599	100240
61	126464	156819	1600	51	32125	32725	200008	2	1378	100286	100740
62	66022	140901	4242	66	29512	30112	200008	5	4062	100254	100938	100421	100055	100406
63	105507	109706	3982	62	29764	30364	200008	2	3815	100777	100877
64	114930	133698	3150	65	30602	31202	200008	4	2881	100662	100221	100330	100709
65	123005	145822	1674	66	32080	32680	200008	2	1353	100443	100696
66	97276.1	121840	1840	66	31914	32514	200008	5	1657	100327	100321	100665	100274	100986
67	107051	168422	2943	64	30807	31407	200008	3	2746	100435	100503	100393
68	87475.7	204700	3219	66	30535	31135	200008	3	2992	100521	100897	100148
69	66317.9	145451	5239	66	22215	23715	200009	5	5061	100969	100884	100322	100291	100447
70	105766	143350	3528	55	23905	25405	200009	4	3363	100212	100155	100660	100898
71	76369.7	195034	5102	64	22348	23848	200009	7	4928	100680	100216	100988	100834	100679	100590	100395
72	94151.2	166008	2704	65	24748	26248	200009	8	2520	100640	100593	100774	100939	100362	100816	100253	100401
73	82235.8	103376	2426	58	25013	26513	200009	3	2227	100261	100203	100530
74	116381	134598	3210	54	24221	25721	200009	8	3053	100009	100719	100510	100788	100053	100302	100283	100177
75	75592.8	133059	1078	51	26347	27847	200009	2	856	100434	100849
76	62520.2	91545.3	2717	63	24731	26231	200009	5	2545	100384	100041	100968	100782	100320
77	56672.9	141737	984	49	26438	27938	200009	3	841	100289	100166	100158
78	85781.6	36996	1757	63	18491	19991	200010	4	1583	100179	100010	100979	100796
79	34541.7	21854.5	3869	58	16370	17870	200010	5	3698	100316	100516	100858	100842	100972
80	74072	72573.1	5239	59	15002	16502	200010	5	5072	100403	100745	100551	100578	100350
81	88479.1	70567.3	3755	52	16472	17972	200010	6	3602	100331	100117	100629	100854	100960	100336
82	104487	16795.4	4742	62	15504	17004	200010	9	4564	100768	100194	100845	100169	100931	100164	100978	100385	100391
83	128815	26992.2	3238	66	17016	18516	200010	3	3021	100482	100110	100524
84	110242	46647.2	2394	49	17828	19328	200010	3	2243	100279	100615	100648
85	88029.6	28922.5	1312	64	18938	20438	200010	3	1141	100659	100705	100054
86	84169.2	55693.8	1790	58	18449	19949	200010	3	1557	100227	100876	100839
87	102050	204046	2408	58	29831	31331	200011	3	2180	100726	100388	100738
88	59898.6	163472	2266	62	29980	31480	200011	2	1977	100282	100757
89	49309.2	155150	2293	66	29961	31461	200011	2	1957	100985	100262
90	43763.1	191705	4041	66	28213	29713	200011	6	3866	100304	100916	100613	100580	100390	100048
91	80961	193085	1935	45	30279	31779	200011	4	1784	100011	100231	100033	100905
92	48104.2	172025	1764	49	30458	31958	200011	3	1616	100812	100948	100151
93	60135	183181	3570	64	28680	30180	200011	6	3391	100297	100808	100515	100848	100415	100115
94	68681.7	175254	2130	50	30094	31594	200011	3	1974	100114	100104	100684
95	36620.8	164587	3138	62	29108	30608	200011	5	2916	100610	100868	100859	100633	100159
96	98149.8	121142	3024	66	18730	19330	200012	3	2802	100657	100267	100038
97	156168	105837	3509	65	18243	18843	200012	5	3325	100012	100171	100349	100152	100091
98	88097.8	130244	4295	64	17455	18055	200012	4	4119	100672	100722	100631	100452
99	149983	97829.1	4299	63	17449	18049	200012	6	4125	100263	100252	100830	100473	100893	100687
100	134861	127012	771	49	20951	21551	200012	2	628	100734	100661
101	139524	116117	1698	65	20054	20654	200012	2	1522	100487	100560
102	194974	111619	3824	64	17926	18526	200012	4	3648	100643	100087	100847	100287
103	187888	114563	2150	64	19600	20200	200012	2	1818	100753	100457
104	192930	145537	4035	64	16215	17715	200013	8	3864	100733	100427	100138	100199	100161	100237	100190	100197
105	188059	151830	3623	57	16614	18114	200013	8	3444	100389	100343	100765	100484	100691	100079	100766	100412
106	164927	165943	2695	56	17540	19040	200013	5	2463	100136	100957	100486	100095	100600
107	160172	168379	2270	66	17984	19484	200013	3	2084	100990	100032	100365
108	140187	202540	4055	64	16195	17695	200013	8	3876	100258	100046	100149	100499	100485	100049	100559	100013
109	134183	194468	2663	44	17549	19049	200013	7	2525	100063	100472	100495	100579	100386	100039	100835
110	179088	157696	2375	62	17871	19371	200013	4	2138	100912	100795	100448	100828
111	95623.1	190643	1521	60	17522	19322	200014	2	1310	100973	100119
112	80476	191807	874	66	18180	19980	200014	2	535	100456	100881
113	61847	163656	5237	64	13813	15613	200014	7	5024	100724	100851	100413	100425	100351	100727	100099
114	86981.7	203732	511	65	18541	20341	200014	2	307	100794	100424
115	102759	207109	1274	66	17780	19580	200014	2	1003	100014	100669
116	110306	206028	2005	66	17049	18849	200014	3	1775	100466	100962	100814
117	70050	190742	2058	65	16994	18794	200014	5	1874	100958	100689	100092	100083	100545
118	86557.2	209182	715	66	18339	20139	200014	3	532	100232	100193	100767
119	126404	179916	2530	59	16511	18311	200014	3	2233	100483	100153	100870
120	143207	197273	3206	53	15823	17623	200014	5	2993	100337	100711	100124	100805	100477
121	103359	157414	2484	63	16564	18364	200014	3	2278	100050	100090	100934
122	74359.4	163676	2651	66	16403	18203	200014	4	2395	100747	100675	100883	100250
123	88341.8	155059	2959	62	16087	17887	200014	4	2787	100924	100945	100068	100506
124	111247	177071	2047	59	16994	18794	200014	2	1786	100993	100029
125	101888	184477	1466	57	17571	19371	200014	2	1245	100381	100536
126	70060.4	47915.7	5088	55	22045	23545	200015	9	4931	100045	100278	100603	100440	100065	100587	100402	100901	100069
127	85945.6	38654.3	2384	63	24764	26264	200015	7	2207	100811	100995	100234	100827	100134	100885	100786
128	95586.6	41597.6	2236	60	24907	26407	200015	7	2059	100840	100285	100191	100355	100105	100420	100857
129	108321	35738.2	2263	54	24868	26368	200015	3	2090	100340	100126	100507
130	69849.9	27430.1	2565	59	24576	26076	200015	5	2322	100619	100140	100695	100513	100644
131	100869	21791.5	1122	60	26021	27521	200015	4	882	100122	100799	100955	100181
132	139391	25575.9	3285	55	23848	25348	200015	5	3131	100430	100836	100249	100410	100238
133	112866	39817.3	2330	64	24820	26320	200015	4	2117	100015	100713	100900	100502
134	102038	151124	1868	43	32142	33342	200016	6	1732	100569	100755	100666	100693	100641	100555
135	104980	134816	3991	66	30063	31263	200016	5	3811	100731	100798	100229	100317	100850
136	99849.1	179915	1721	65	32331	33531	200016	4	1548	100075	100206	100715	100243
137	89486.9	116356	3028	62	31018	32218	200016	4	2817	100344	100239	100220	100257
138	135186	159225	4443	63	29605	30805	200016	10	4274	100667	100301	100170	100442	100928	100047	100646	100491	100946	100080
139	59147.1	155717	5204	65	28848	30048	200016	9	5002	100192	100833	100174	100308	100082	100160	100694	100044	100016
140	99198.3	163761	963	65	33089	34289	200016	4	785	100935	100703	100732	100701
141	102814	168646	3068	60	30975	32175	200016	6	2901	100915	100933	100878	100983	100595	100470
142	43735.3	163330	1795	27	30985	31585	200017	3	1637	100612	100522	100198
143	23915.4	137608	2633	64	30217	30817	200017	7	2454	100616	100333	100251	100081	100692	100676	100300
144	39902.9	155575	2125	66	30729	31329	200017	4	1947	100941	100312	100544	100542
145	38213.2	159239	1921	53	30908	31508	200017	3	1760	100089	100204	100052
146	59546.3	191952	2804	65	30048	30648	200017	8	2631	100891	100997	100635	100682	100673	100572	100553	100130
147	16860.8	137271	4897	65	27955	28555	200017	5	4713	100865	100529	100464	100061	100706
148	54615.7	203478	2785	57	30052	30652	200017	6	2619	100131	100531	100686	100789	100977	100989
149	63901.1	183679	1942	61	30902	31502	200017	3	1678	100810	100228	100341
150	18041.7	151180	4316	66	28538	29138	200017	7	4141	100026	100208	100094	100017	100908	100084	100242
151	46962.3	174075	1794	65	31058	31658	200017	3	1499	100546	100489	101000
152	106628	112286	2030	65	26322	27222	200018	4	1849	100887	100492	100288	100819
153	59196.5	99752.6	3393	66	24961	25861	200018	4	3111	100967	100803	100981	100716
154	105952	74578.4	4430	61	23914	24814	200018	6	4236	100363	100266	100422	100561	100867	100818
155	147671	93066.7	5349	66	23005	23905	200018	6	5117	100797	100176	100459	100223	100649	100370
156	126014	94728	3011	64	25339	26239	200018	3	2720	100949	100607	100217
157	103732	112669	1336	66	27018	27918	200018	2	1158	100196	100404
158	100886	106449	3266	66	25088	25988	200018	6	3080	100018	100276	100927	100653	100720	100930
159	147494	76297.1	1918	66	17736	18936	200019	4	1735	100185	100294	100725	100585
160	159696	118955	2900	66	16754	17954	200019	5	2668	100445	100416	100750	100207	100614
161	154793	86740	1389	55	18244	19444	200019	3	1224	100608	100400	100426
162	124810	61864.4	3174	50	16450	17650	200019	5	2964	100454	100067	100213	100265	100493
163	163056	72113.9	653	61	18991	20191	200019	3	407	100944	100497	100318
164	135209	80439.6	3969	62	15677	16877	200019	7	3794	100037	100632	100911	100624	100664	100189	100043
165	177235	91346.3	3705	64	15945	17145	200019	6	3531	100051	100172	100373	100965	100077	100315
166	146581	36080.9	4833	66	14821	16021	200019	4	4658	100368	100902	100226	100188
167	146679	106024	3474	66	16180	17380	200019	5	3296	100894	100954	100956	100019	100394
168	156766	75096.4	928	61	18716	19916	200019	3	755	100697	100537	100754
169	18944.8	61947.4	2890	66	17064	17664	200020	5	2678	100446	100244	100281	100626	100168
170	46798.2	67346.4	2196	62	17750	18350	200020	2	1896	100925	100741
171	59106.7	85403.6	3435	60	16508	17108	200020	4	3242	100761	100895	100637	100992
172	36306.8	59189.7	2538	65	17414	18014	200020	5	2365	100824	100538	100913	100987	100557
173	40349	116422	4357	62	15589	16189	200020	9	4182	100097	100409	100414	100832	100296	100602	100920	100586	100277
174	40690.8	94593	2439	64	17511	18111	200020	4	2268	100418	100020	100554	100793
175	64618	77208.1	2762	63	17186	17786	200020	2	2520	100057	100467
176	20512.3	104092	2080	65	17872	18472	200020	5	1899	100163	100571	100360	100073	100685
177	38271.8	105015	2145	57	17792	18392	200020	3	1974	100573	100346	100345
178	135649	81980.4	5244	66	29410	30010	200021	8	5069	100323	100377	100450	100366	100305	100356	100581	100888
179	106130	81696.1	1353	62	33293	33893	200021	2	1030	100027	100247
180	102991	105419	2456	54	32175	32775	200021	4	2293	100639	100129	100399	100264
181	114479	93204.2	1678	49	32944	33544	200021	3	1478	100299	100505	100562
182	99269.3	106662	5061	54	29570	30170	200021	5	4883	100792	100543	100465	100566	100260
183	125829	113126	3037	55	31596	32196	200021	4	2878	100809	100790	100093	100917
184	107184	67470.7	1836	64	32814	33414	200021	4	1654	100125	100021	100429	100347
185	128370	50879.5	2853	65	31799	32399	200021	3	2612	100690	100184	100801
186	113560	70033.7	2130	66	32524	33124	200021	4	1947	100157	100328	100432	100186
187	149630	105250	5088	65	29564	30164	200021	7	4858	100994	100269	100453	100143	100290	100175	100225
188	64642.3	168826	3351	64	28299	29499	200022	2	3130	100568	100937
189	62973.8	153942	3543	66	28111	29311	200022	4	3357	100535	100663	100107	100620
190	47419.2	130310	4622	65	27030	28230	200022	5	4449	100700	100763	100187	100980	100074
191	24919	113989	3158	66	28496	29696	200022	2	2866	100984	100205
192	57890.9	176806	4720	63	26928	28128	200022	6	4546	100961	100775	100943	100066	100642	100621
193	12919.9	144782	4075	62	27571	28771	200022	7	3908	100500	100773	100746	100784	100339	100135	100936
194	45597.7	146722	1863	64	29787	30987	200022	3	1689	100751	100838	100533
195	23938.3	104845	3816	54	27815	29015	200022	3	3599	100549	100904	100200
196	48779.2	161616	2105	65	29547	30747	200022	2	1877	100528	100481
197	11098.7	122518	3036	60	28607	29807	200022	6	2867	100335	100086	100408	100525	100022	100548
198	171232	121743	1197	64	28953	30753	200023	3	982	100504	100598	100879
199	199582	112717	4424	63	25724	27524	200023	6	4255	100236	100358	100375	100034	100490	100218
200	161904	166649	4223	66	25931	27731	200023	2	3993	100512	100428
201	155915	132007	4492	66	25662	27462	200023	5	4317	100488	100307	100142	100096	100728
202	161411	109487	1936	61	28208	30008	200023	3	1760	100896	100681	100647
203	140514	156336	2322	61	27822	29622	200023	4	2144	100652	100841	100462	100846
204	144438	151342	1833	40	28272	30072	200023	2	1657	100023	100526
205	176185	100575	4849	59	25292	27092	200023	7	4658	100167	100762	100338	100787	100563	100127	100815
206	187665	145009	2018	65	31434	33234	200024	3	1720	100354	100800	100617
207	176864	186230	2298	63	31150	32950	200024	5	2126	100910	100357	100359	100498	100959
208	157864	177749	5137	66	28317	30117	200024	9	4866	100475	100708	100907	100451	100871	100628	100219	100058	100209
209	181498	146534	3888	64	29562	31362	200024	4	3717	100183	100547	100118	100785
210	203666	144508	2154	65	31298	33098	200024	3	1970	100584	100137	100042
211	173822	159271	2210	53	31219	33019	200024	3	2039	100371	100873	100102
212	164277	154402	2907	64	30543	32343	200024	4	2728	100656	100108	100742	100145
213	161863	161986	2386	66	31068	32868	200024	3	2107	100605	100749	100806
214	187302	158405	2651	61	30793	32593	200024	4	2483	100268	100583	100024	100953
215	209721	143703	2056	55	31377	33177	200024	6	1878	100844	100309	100441	100582	100458	100918
216	203142	106127	3121	60	34522	35722	200025	6	2946	100683	100062	100025	100306	100541	100419
217	171691	151224	5202	63	32446	33646	200025	5	5033	100248	100364	100604	100070	100372
218	149641	160282	2554	66	35100	36300	200025	3	2241	100468	100677	100303
219	198016	120032	2473	63	35175	36375	200025	3	2275	100369	100926	100996
220	166352	143401	2416	58	35223	36423	200025	3	2251	100128	100071	100222
221	157869	181064	3644	66	34010	35210	200025	7	3427	100436	100241	100869	100923	100899	100214	100259
222	189057	131877	1777	63	35871	37071	200025	3	1540	100780	100298	100469
223	184687	149415	1838	66	35816	37016	200025	3	1613	100655	100496	100577
224	149291	149832	2581	65	35071	36271	200025	4	2361	100950	100460	100588	100367
225	181186	132743	3359	64	34291	35491	200025	4	3073	100233	100437	100921	100886
DIMENSION: 226
SOLVETIME: 99.986
DEPOT_SECTION
1
-1
EOF
