ID	X_COORD	Y_COORD	EP_ID	STUDENT_COUNT
100001	24006.5	70409.5	200001	2
100002	35118.8	89892.9	200002	4
100003	31712.2	185212	200003	51
100004	110684	186899	200004	5
100005	58289.8	123946	200005	48
100006	17262.2	80897.6	200006	3
100007	78522.3	172521	200007	2
100008	24439.8	80513.6	200008	51
100009	102862	147916	200009	10
100010	130188	128467	200010	3
100011	13402.3	72248.3	200011	1
100012	121779	154815	200012	8
100013	106029	135477	200007	5
100014	65948.6	109043	200006	12
100015	140170	115156	200007	12
100016	4360.28	101194	200011	55
100017	60250.7	172809	200004	5
100018	140175	123447	200010	5
100019	32805	195618	200004	2
100020	25262.3	166621	200006	1
100021	86935.6	180094	200004	4
100022	148037	148862	200010	3
100023	91079.9	40256.5	200002	38
100024	37982.4	72765	200003	15
100025	54497.4	172040	200004	5
100026	132800	129160	200009	50
100027	131021	91143.3	200002	1
100028	126757	119425	200007	1
100029	113487	132746	200010	2
100030	169389	128405	200012	1
100031	127946	101708	200009	5
100032	78557.2	114298	200009	27
100033	37900.7	164398	200005	3
100034	115859	191054	200010	2
100035	173382	133823	200010	1
100036	135085	90976.9	200010	1
100037	16157.7	95430.2	200011	39
100038	85956	149656	200004	2
100039	11422.5	111068	200003	3
100040	130279	98683.1	200009	23
100041	40286.1	181980	200003	40
100042	75571.5	114512	200008	20
100043	144222	123729	200012	20
100044	174640	125040	200012	1
100045	165193	129054	200010	10
100046	41912.8	25491.8	200011	9
100047	31711.8	85847.5	200003	2
100048	179790	149132	200010	1
100049	84816.1	159432	200007	5
100050	16585.9	156296	200006	50
100051	66262.4	63581.9	200011	1
100052	126221	106351	200007	26
100053	95558.8	83666.7	200007	54
100054	36735.8	176088	200003	61
100055	58135.8	167074	200005	33
100056	5897	51966.6	200001	11
100057	94706.6	131924	200009	24
100058	90328.6	143214	200005	2
100059	18968	77550.1	200001	51
100060	19148.7	24399.4	200001	3
100061	83132.3	129995	200009	5
100062	101780	58323.9	200002	2
100063	29854.2	75208	200003	3
100064	9091.91	48869.2	200011	18
100065	93072.5	159390	200010	5
100066	31715.4	66784.4	200001	53
100067	139438	102025	200010	16
100068	96246.1	140539	200010	51
100069	32005.9	113455	200005	66
100070	108604	173668	200012	26
100071	37639.3	85764.3	200003	21
100072	18545.2	26906.2	200001	1
100073	10499	86766.9	200006	53
100074	169923	129847	200012	17
100075	46719.8	167071	200003	3
100076	29403.8	171678	200005	2
100077	49761.5	93067.3	200003	4
100078	50686.3	74644	200011	47
100079	169260	144044	200012	31
100080	154339	135087	200010	3
100081	114154	157398	200012	13
100082	163596	144229	200010	7
100083	57318.2	87523.6	200002	65
100084	106850	189671	200007	15
100085	108194	176138	200007	3
100086	142553	129720	200009	1
100087	47407.6	70998.7	200001	59
100088	51437.3	57585.5	200002	4
100089	75996.1	34727.3	200008	45
100090	55016.3	131166	200009	5
100091	137319	97490.9	200012	2
100092	151310	137500	200012	2
100093	130033	100191	200010	3
100094	95293.3	159172	200012	54
100095	34420.9	111365	200005	54
100096	165266	146889	200010	37
100097	65498.5	148891	200005	34
100098	117356	95167	200008	11
100099	114401	91072.8	200002	5
100100	22737.7	145883	200005	43
100101	21738.6	172401	200005	9
100102	179014	145086	200010	46
100103	103077	115482	200007	1
100104	171549	138292	200012	1
100105	18148.7	161905	200006	7
100106	105837	60324.6	200002	4
100107	44962.4	46004.5	200011	11
100108	2177.42	147495	200006	3
100109	63892.1	128376	200007	5
100110	113587	187642	200010	41
100111	99038.9	182697	200004	5
100112	136548	148565	200007	53
100113	49890.3	47788.2	200008	4
100114	24257.9	55140.9	200001	4
100115	126234	175502	200012	61
100116	68668.8	107373	200003	11
100117	176722	147566	200010	56
100118	39250.7	177374	200004	6
100119	54158.1	52682.1	200011	5
100120	41035.4	153412	200006	2
100121	37329.5	181636	200005	1
100122	39426.9	167095	200004	15
100123	132470	100345	200010	37
100124	51428.1	80875.8	200002	10
100125	171347	138419	200012	1
100126	112916	84644.2	200009	5
100127	73061.7	60526.8	200001	34
100128	55732.4	167835	200003	27
100129	151351	137466	200012	44
100130	39745.9	30091.4	200011	4
100131	181873	147668	200010	3
100132	182874	139859	200012	2
100133	10310.9	153485	200003	2
100134	136945	120135	200009	4
100135	42160	136191	200003	1
100136	51274.2	93635	200003	4
100137	153960	148571	200010	3
100138	68352.1	122002	200008	4
100139	116340	112288	200007	20
100140	66018.5	64938.9	200008	5
100141	172549	148579	200010	3
100142	121823	170266	200009	1
100143	40449.5	61860.6	200011	20
100144	44170.3	183930	200004	2
100145	42004.4	29054.5	200001	1
100146	132841	111815	200010	3
100147	18160.5	45545.4	200011	1
100148	26034.1	177488	200006	1
100149	161202	139421	200007	17
100150	120316	153222	200012	15
100151	170454	151128	200010	3
100152	158061	124369	200012	3
100153	53143.5	91999.7	200011	24
100154	175249	140391	200010	56
100155	150220	136864	200010	2
100156	97994.1	84009.3	200008	11
100157	127628	115122	200010	14
100158	68410.7	123826	200007	27
100159	158844	146464	200009	4
100160	36837.9	64919.2	200008	2
100161	164224	149961	200012	5
100162	172156	137269	200012	37
100163	121746	154553	200007	14
100164	131537	112366	200009	61
100165	140742	141901	200010	17
100166	78397.5	172370	200007	34
100167	39229.6	107610	200006	21
100168	88332.3	130304	200009	5
100169	41684.3	178650	200005	26
100170	73155.7	123746	200008	26
100171	160291	143532	200012	45
100172	32989.9	72826.4	200008	4
100173	102895	178846	200007	3
100174	18354.9	38868.6	200001	2
100175	173699	136284	200012	26
100176	91079.4	171906	200009	15
100177	50022.6	179527	200004	4
100178	32481.6	86905.9	200008	15
100179	52828.1	51527.2	200002	3
100180	111746	160227	200004	39
100181	105475	167052	200010	2
100182	79706	34629.6	200008	4
100183	164624	124189	200012	5
100184	124453	93787.1	200002	2
100185	69405.7	159505	200003	3
100186	121741	89924.1	200008	2
100187	154568	147959	200007	3
100188	174387	125288	200012	22
100189	25353.3	109271	200005	66
100190	121362	133701	200007	1
100191	39068.7	158362	200005	4
100192	123850	92890.7	200009	27
100193	96989	167770	200007	53
100194	4960.1	93979.6	200011	2
100195	39298.2	183578	200003	31
100196	137361	128583	200010	57
100197	53430.7	91386.1	200003	57
100198	24123.8	57495.8	200011	55
100199	125132	107945	200010	19
100200	150197	124660	200012	3
100201	113249	149231	200012	4
100202	90364.9	76832.5	200002	34
100203	53500.7	62096.8	200008	4
100204	61101.5	130264	200006	28
100205	67009.1	37514.6	200002	7
100206	82658.9	129385	200003	2
100207	146511	151637	200009	6
100208	135995	118043	200012	23
100209	169627	147254	200012	39
100210	58782.7	73253.9	200002	5
100211	94283.7	68127.9	200008	22
100212	35042.3	177470	200003	4
100213	89888.6	87081.4	200007	34
100214	26665.9	73182.1	200008	16
100215	39350	45322.3	200011	29
100216	31554.2	58123.9	200011	4
100217	150517	117791	200012	1
100218	83850.4	118883	200007	3
100219	165832	130388	200012	3
100220	108231	168177	200012	3
100221	137697	116631	200012	27
100222	29211.8	48097	200001	14
100223	127753	89050.3	200012	34
100224	23419.9	82766.6	200011	24
100225	62745.4	86523	200002	3
100226	81970.8	150685	200007	16
100227	173888	138221	200012	5
100228	157117	117898	200012	30
100229	111170	85271.1	200009	29
100230	32866.2	179287	200004	2
100231	124208	145482	200009	48
100232	178769	136522	200010	1
100233	172516	155353	200012	12
100234	99039.3	153579	200004	43
100235	394.75	34707.5	200001	5
100236	21589.8	97366.9	200006	34
100237	128893	94066.3	200002	5
100238	48941.3	174625	200003	2
100239	145148	113461	200012	49
100240	141579	123383	200010	1
100241	58892.2	88870.3	200002	39
100242	78334.5	37262.7	200002	2
100243	41448.4	190806	200004	26
100244	110158	178417	200004	23
100245	106908	162770	200012	3
100246	129953	113236	200012	5
100247	38162.3	136514	200003	7
100248	151663	146088	200007	4
100249	92307.2	163559	200007	33
100250	98145.8	141552	200012	5
