ID	X_COORD	Y_COORD	EP_ID	STUDENT_COUNT
100001	61515.8	110399	200001	2
100002	37187.5	111557	200002	3
100003	17935.4	54597.7	200003	20
100004	154874	72190.7	200004	45
100005	114390	7433.68	200005	4
100006	185082	162283	200006	28
100007	193556	164253	200007	4
100008	104645	110368	200008	2
100009	75998.9	99835.8	200009	4
100010	162136	24997.4	200010	4
100011	131343	47615.9	200011	3
100012	85357.9	54993.1	200012	41
100013	23806.9	142683	200013	16
100014	105577	176222	200014	42
100015	161328	196934	200015	1
100016	185802	57766.2	200016	41
100017	145420	25151.6	200017	4
100018	67612.7	8566.18	200018	7
100019	115600	206558	200019	4
100020	137055	125797	200020	5
100021	34912.7	197536	200021	3
100022	46237.6	9843.2	200022	45
100023	179731	149881	200023	5
100024	175081	100576	200024	10
100025	166613	178948	200025	44
100026	91933.9	133250	200026	1
100027	192649	169861	200027	3
100028	192296	187069	200028	5
100029	189497	31453.4	200029	10
100030	55427.4	121311	200030	5
100031	115771	104770	200031	4
100032	64759.4	93277	200032	3
100033	3720.71	18346.5	200033	5
100034	183817	134383	200034	2
100035	186293	107802	200035	14
100036	60262.4	118736	200036	21
100037	8166.21	183302	200037	5
100038	77752.7	29663.8	200038	37
100039	187344	100026	200039	3
100040	120376	97095.3	200040	2
100041	54776.7	49336.3	200041	6
100042	112101	135720	200042	1
100043	7817.58	151392	200043	24
100044	119224	114898	200044	36
100045	177208	27964.7	200045	1
100046	85777.9	84295.7	200046	15
100047	102894	199079	200047	4
100048	64441.6	92225.2	200048	2
100049	190246	58023.5	200049	3
100050	24674.9	206936	200050	40
100051	24068.6	35853.5	200012	16
100052	71555.6	30450.4	200022	1
100053	184192	97812.3	200039	27
100054	154578	181954	200020	2
100055	189661	154088	200025	5
100056	178358	54269.8	200049	4
100057	165922	3352.59	200010	5
100058	139528	27337.6	200010	4
100059	147627	55728.4	200029	1
100060	83985.8	105810	200031	49
100061	896.75	149914	200043	3
100062	162301	12346.7	200010	39
100063	15042.4	59502.6	200003	11
100064	124138	60960.9	200040	1
100065	71870.2	161925	200014	5
100066	67261.4	51840.4	200012	43
100067	69850.9	186587	200036	2
100068	200947	122283	200007	44
100069	36708.7	135169	200043	2
100070	32396.9	207962	200021	33
100071	28977.4	182423	200037	6
100072	37976.3	112153	200048	11
100073	114064	98019.7	200040	1
100074	191174	178586	200023	1
100075	129613	114275	200042	3
100076	61579.2	32700	200032	10
100077	60926.2	143145	200044	3
100078	42143.3	83298.4	200030	4
100079	57427.4	126165	200001	43
100080	71233.1	14565.5	200032	46
100081	27212.7	90287.9	200043	5
100082	112249	147264	200014	5
100083	192678	175806	200024	22
100084	199743	145837	200006	22
100085	10806.5	69242.5	200012	2
100086	43705.4	70600.3	200003	4
100087	34150	208513	200050	5
100088	159135	124844	200035	4
100089	140026	176456	200042	42
100090	98485	93646.2	200046	1
100091	77753.4	204944	200050	7
100092	185819	160072	200025	3
100093	56812	35870.2	200041	24
100094	92652.6	24859.5	200017	6
100095	189567	110483	200049	5
100096	77495.8	109227	200044	15
100097	102866	75540.6	200008	5
100098	47859.1	108015	200013	35
100099	185386	66300.3	200049	26
100100	1020.93	59354.2	200012	2
100101	191176	5457.75	200045	18
100102	184648	120436	200020	34
100103	123036	104581	200009	7
100104	120605	170730	200047	34
100105	31118.6	118043	200036	3
100106	16359.2	55032.2	200003	46
100107	186965	111506	200034	4
100108	65375.4	110372	200001	2
100109	80415.2	122063	200044	11
100110	78571	141857	200031	1
100111	148627	70083.9	200009	41
100112	111052	85531.2	200008	8
100113	115533	71712.9	200008	20
100114	46286.1	1283.01	200038	3
100115	24231.7	41116.6	200003	1
100116	172503	208009	200028	3
100117	54568.9	106381	200044	46
100118	3523.34	33932.5	200022	51
100119	8787.84	16193.3	200033	4
100120	209332	202493	200028	5
100121	97984.5	165883	200042	3
100122	16921	64916	200033	3
100123	179175	167656	200025	23
100124	191104	204547	200028	40
100125	205635	108512	200039	1
100126	202632	107544	200007	17
100127	75736.8	84980.6	200046	1
100128	139676	182525	200014	16
100129	180512	191959	200006	4
100130	52830.5	28183	200018	13
100131	98123	167641	200026	10
100132	88942.7	114133	200044	5
100133	49545.6	58268.6	200030	24
100134	152058	15654.2	200005	1
100135	181024	159400	200027	7
100136	173232	196466	200028	34
100137	91885.6	155626	200044	4
100138	159685	4918.33	200010	24
100139	203253	198544	200027	17
100140	36349.9	203459	200036	21
100141	26504	210505	200021	5
100142	168049	181883	200027	16
100143	180004	156709	200025	5
100144	194069	117273	200007	5
100145	50361.3	193396	200019	4
100146	103360	154402	200042	1
100147	88640.8	157843	200031	30
100148	149684	87620.4	200049	35
100149	44531.6	146915	200013	24
100150	189737	106381	200049	1
100151	130169	207739	200015	28
100152	196594	191911	200015	4
100153	79440.4	99810.9	200044	3
100154	156149	126770	200049	1
100155	205060	5772.59	200011	51
100156	111932	147833	200014	4
100157	84553.5	95487.8	200031	7
100158	19929.6	190721	200050	18
100159	68727.4	85324.9	200031	2
100160	34282.8	41132.8	200003	8
100161	81443.5	110771	200044	9
100162	60651.9	5230.79	200032	5
100163	13828.2	205501	200021	10
100164	89203	149769	200042	19
100165	183397	32093.5	200045	1
100166	48999.1	135595	200046	5
100167	147029	26491.9	200005	3
100168	80789.1	88505	200001	4
100169	23635.3	140280	200048	4
100170	205539	121188	200007	4
100171	42006.6	113326	200031	12
100172	177904	113163	200029	20
100173	191089	132435	200024	2
100174	132788	87157	200008	2
100175	103847	149661	200047	33
100176	111274	126049	200035	35
100177	62009.1	113242	200044	18
100178	53925.5	208932	200050	3
100179	167631	106598	200035	1
100180	7392.3	116832	200002	16
100181	89311.4	143421	200042	2
100182	53182.3	150043	200050	8
100183	11845.3	43751.4	200003	7
100184	77778.8	152888	200031	41
100185	20067.7	71255.6	200046	14
100186	183251	184432	200027	4
100187	27643.2	138807	200002	23
100188	22969.2	100663	200003	3
100189	80977.1	113611	200042	8
100190	195968	108187	200004	5
100191	198664	158834	200015	5
100192	82753.4	30976.7	200018	1
100193	171254	124276	200035	24
100194	62946.4	109279	200001	2
100195	202480	120074	200039	3
100196	148784	61616.2	200040	11
100197	27187.3	147212	200036	29
100198	16127.3	156348	200043	23
100199	79612	133697	200031	2
100200	143891	2465.11	200005	1
100201	195808	118063	200034	3
100202	126191	16376.2	200005	3
100203	157702	161566	200025	1
100204	207430	192494	200006	4
100205	107249	16868	200038	2
100206	52550.5	203829	200036	5
100207	88295.7	18909.7	200005	5
100208	200142	62693.3	200016	34
100209	29228.5	55019.2	200012	5
100210	22701.3	40620.7	200032	15
100211	30862.3	91879.7	200012	26
100212	49173.4	111926	200048	1
100213	158967	175059	200020	56
100214	23161.3	134141	200037	8
100215	181776	204331	200023	2
100216	176592	159211	200027	1
100217	160775	37496.7	200040	17
100218	73019.5	208718	200019	5
100219	151781	23121.5	200010	3
100220	75659.5	192671	200050	20
100221	62258.4	31775.2	200032	1
100222	5981.75	46850.5	200003	5
100223	44214.4	83151.4	200041	5
100224	37598.8	114316	200030	2
100225	24796.3	132294	200043	20
100226	33282.4	74513	200022	3
100227	185102	206075	200023	5
100228	3399.64	155618	200021	2
100229	107225	24887.5	200005	2
100230	126928	163685	200019	5
100231	207769	81459.7	200007	2
100232	204907	49067.1	200045	22
100233	187910	118835	200007	47
100234	107767	208102	200047	5
100235	19137.1	41390.3	200022	25
100236	146530	80182.5	200029	4
100237	207019	175248	200006	3
100238	159536	111772	200035	1
100239	160153	67593.2	200040	4
100240	45759.3	169050	200036	24
100241	118730	145137	200026	3
100242	46488.6	44700.2	200022	8
100243	186817	42358.1	200010	4
100244	187643	165178	200007	1
100245	139568	63544.2	200040	51
100246	19906.5	50621.4	200003	9
100247	176431	113398	200039	21
100248	136664	142570	200042	6
100249	26717.1	191524	200050	38
100250	106903	120384	200042	5
100251	109156	167464	200042	5
100252	54039.9	102076	200013	4
100253	159821	23908.6	200010	15
100254	44126.4	163626	200013	36
100255	57524.4	70729.7	200046	21
100256	167022	41904.8	200005	1
100257	74123.9	151250	200019	5
100258	22387.7	2602.66	200012	19
100259	119718	161068	200047	27
100260	50866	114859	200013	1
100261	120882	81841.7	200040	4
100262	197980	166242	200025	54
100263	114445	147033	200044	13
100264	207882	122475	200007	3
100265	43661.3	118176	200048	3
100266	187619	133655	200006	16
100267	58350.8	46756.8	200018	5
100268	18539.3	188276	200021	36
100269	25775.9	179056	200037	4
100270	80411.5	205930	200050	4
100271	62455	45757.7	200003	4
100272	188670	19048.7	200045	7
100273	73603	695.13	200038	3
100274	116365	147547	200014	51
100275	85703.2	166612	200042	1
100276	73738.4	168754	200014	2
100277	208962	24363.7	200016	4
100278	60565.4	101314	200048	2
100279	167982	144835	200035	4
100280	195581	93190.8	200024	1
100281	30627.6	121465	200048	22
100282	165778	1480.02	200010	30
100283	206280	32873.6	200016	5
100284	26153.1	92510.6	200030	4
100285	134878	127893	200047	1
100286	100470	21030	200032	3
100287	64036.1	19213	200038	1
100288	82894	171753	200042	11
100289	192261	135987	200024	1
100290	35835.7	83321.1	200001	3
100291	42633.1	170591	200037	27
100292	27651	193749	200036	5
100293	177912	76122.4	200029	19
100294	68673.6	101832	200001	5
100295	90401.4	52674	200032	43
100296	194472	113150	200007	13
100297	191662	79135.3	200029	4
100298	11138.8	93157.8	200048	42
100299	187510	132930	200025	14
100300	53086	107029	200030	5
100301	154025	91789	200040	34
100302	161096	98810.4	200035	49
100303	201703	182031	200023	3
100304	96873.2	5429.85	200017	1
100305	57314.3	99169.3	200030	2
100306	80734.1	120860	200044	4
100307	163332	111518	200034	47
100308	63904.7	185014	200019	5
100309	94244.6	147834	200026	28
100310	49937	6674.87	200033	3
100311	201043	128005	200049	3
100312	67043.8	133838	200044	32
100313	10141.9	201018	200037	1
100314	75140.2	127336	200048	35
100315	182055	8567.97	200016	33
100316	204008	33465.8	200016	2
100317	192404	120036	200049	4
100318	135429	18806.7	200011	5
100319	66456.1	31010.3	200038	34
100320	182863	14789.2	200045	5
100321	47750.8	167104	200036	2
100322	142706	7344.66	200017	11
100323	105891	155597	200047	21
100324	21144.5	173899	200013	42
100325	124598	53780.2	200040	4
100326	138106	174012	200014	22
100327	48102	55744.3	200038	5
100328	156487	3533.04	200005	4
100329	205372	16950.3	200011	43
100330	209643	43500.9	200045	32
100331	196950	10273.3	200010	1
100332	183755	168112	200025	3
100333	41732.8	20232.5	200032	1
100334	202817	165432	200027	31
100335	132951	8364.71	200017	19
100336	174459	115601	200007	1
100337	151731	170511	200015	36
100338	43392	124158	200036	24
100339	26276.2	153699	200036	1
100340	130303	201433	200015	27
100341	29828.4	44224.8	200012	2
100342	64027.9	14614.5	200032	11
100343	47238.7	75947	200041	3
100344	102419	81193.9	200008	3
100345	43245.9	130126	200001	3
100346	97177.7	146894	200026	7
100347	167065	99628.9	200024	28
100348	93501.1	45205.3	200032	2
100349	138792	6970.07	200017	29
100350	81277.7	56496	200038	16
100351	16181.8	46864.8	200022	24
100352	61456.8	23209.7	200038	7
100353	8373.36	80943.2	200041	28
100354	104274	42434	200005	20
100355	186633	85110.1	200024	3
100356	189719	104340	200049	5
100357	62272.5	26026.3	200022	5
100358	146603	63639.3	200029	46
100359	191119	66182.9	200029	47
100360	100983	144427	200042	13
100361	173438	83561.2	200004	1
100362	118850	16947.6	200008	3
100363	192089	116208	200024	11
100364	15025.8	200032	200021	18
100365	181584	25594.3	200011	2
100366	127958	38927.5	200010	15
100367	103428	20899.5	200005	5
100368	171841	77312.8	200004	19
100369	120946	134368	200020	3
100370	161659	65280.3	200029	44
100371	153472	167884	200006	1
100372	191033	138590	200024	3
100373	121831	111699	200047	8
100374	41324.6	82892.3	200041	42
100375	203243	92548.4	200049	5
100376	40300.9	143565	200013	4
100377	81506.3	19251.6	200005	4
100378	125491	70181.5	200008	2
100379	44898.5	89826.5	200041	9
100380	192474	162821	200028	3
100381	60617.7	19641.6	200032	6
100382	169662	135292	200035	37
100383	162488	113369	200049	12
100384	29511.6	67293.1	200003	26
100385	153068	100529	200035	34
100386	146567	53169.7	200040	5
100387	193287	82960.6	200004	5
100388	147692	134879	200047	19
100389	97793.2	122644	200031	28
100390	206418	150859	200028	6
100391	34732	48165.4	200038	11
100392	181991	117369	200004	3
100393	53905.2	128318	200013	3
100394	10703.2	37359.3	200022	5
100395	36113.6	121224	200002	4
100396	174669	10453.3	200016	21
100397	181900	210472	200027	5
100398	129196	19463.3	200005	1
100399	98237.7	29809	200032	11
100400	191436	76639.4	200039	1
100401	172643	12278.7	200010	4
100402	121380	24136.1	200005	27
100403	157338	99834.3	200034	4
100404	69973	88878.7	200030	3
100405	56926.3	154605	200026	2
100406	197725	138482	200007	12
100407	199095	109692	200049	30
100408	37678.7	125319	200013	3
100409	52726.7	136183	200048	5
100410	152242	178420	200015	2
100411	57784.9	108822	200048	1
100412	102781	208724	200047	22
100413	131941	104909	200040	4
100414	139279	124318	200014	4
100415	75121.7	102695	200031	48
100416	199857	85024.8	200016	4
100417	191240	111462	200035	22
100418	57327	7335.82	200033	11
100419	54081.8	61054.7	200018	5
100420	46011.3	194594	200021	1
100421	32726.5	178377	200013	2
100422	21873.9	17353.1	200038	32
100423	164768	87135.6	200029	1
100424	11444.2	116557	200043	3
100425	168549	40509	200029	4
100426	118090	111243	200020	2
100427	30263	37289.1	200046	5
100428	40476.2	27829.1	200033	4
100429	59981.3	103417	200001	52
100430	158866	80483.8	200034	2
100431	117764	56416.5	200008	46
100432	191735	20484.8	200045	22
100433	41732.5	136357	200030	5
100434	203434	22696.3	200045	2
100435	204145	128429	200024	2
100436	105805	12928.6	200005	3
100437	202219	129581	200035	1
100438	67827	19924	200032	4
100439	938.77	15626.3	200033	2
100440	201269	175115	200024	13
100441	81600.2	56505.6	200018	1
100442	70246	167700	200042	17
100443	70556.7	64715.2	200046	4
100444	210299	156279	200028	14
100445	201269	155512	200023	24
100446	107049	151446	200042	3
100447	16889.2	181838	200037	3
100448	17104.1	177536	200037	51
100449	23477.7	71166.1	200003	14
100450	51771.9	168007	200002	3
100451	192080	17382.1	200010	2
100452	170723	25113.2	200005	1
100453	138211	14199.3	200005	5
100454	39195.8	185017	200036	5
100455	43790.8	54870.6	200003	1
100456	113026	117349	200014	53
100457	134496	15871.5	200005	1
100458	160506	204205	200028	2
100459	51403.2	11882	200038	3
100460	55670.8	148671	200036	4
100461	199461	37042.6	200016	31
100462	17130	55006.1	200003	20
100463	206346	165401	200007	17
100464	34723.8	90282.3	200041	4
100465	7164.47	210433	200021	4
100466	211162	167921	200023	17
100467	81780.8	133552	200031	1
100468	58306.2	122041	200026	24
100469	201789	210097	200028	4
100470	195802	145282	200039	1
100471	165112	203582	200028	4
100472	43572.1	84982.2	200041	2
100473	128389	38256.3	200010	2
100474	138754	33604.7	200008	2
100475	75722.9	2945.03	200018	10
100476	69136.3	122713	200048	16
100477	163149	132649	200027	4
100478	12372.1	199239	200021	3
100479	66488.3	112432	200001	20
100480	78812.5	2590.27	200018	5
100481	201085	115750	200025	6
100482	70731.4	192077	200050	19
100483	105883	26616.7	200017	6
100484	108828	175880	200019	2
100485	167502	54218.1	200045	3
100486	79079.8	129235	200047	4
100487	39090.4	187298	200050	14
100488	209636	114456	200007	20
100489	199337	107156	200024	3
100490	188936	103409	200049	43
100491	164747	42571.5	200045	3
100492	65628	32916.1	200032	5
100493	159173	18468.9	200045	4
100494	102830	183821	200019	5
100495	29725.7	37044.5	200022	7
100496	208995	210704	200028	4
100497	2431.57	57213.5	200003	5
100498	62729.3	179922	200036	2
100499	209409	14514.8	200045	29
100500	164802	113873	200007	15
100501	209278	159786	200028	9
100502	34205.4	133067	200002	3
100503	159708	96492.9	200040	5
100504	155143	191405	200027	28
100505	23581.9	60307.7	200003	34
100506	107100	155647	200047	5
100507	198476	183401	200023	4
100508	127608	133829	200047	1
100509	198091	128628	200027	5
100510	166026	165230	200027	25
100511	70106.9	157859	200031	1
100512	182783	165064	200027	20
100513	106857	25929.5	200017	1
100514	10016.5	160912	200043	28
100515	102823	25612.1	200018	1
100516	117284	6815.76	200010	1
100517	133824	97777.5	200009	2
100518	10192.4	60941	200003	2
100519	183992	155933	200039	23
100520	22412.6	118214	200046	51
100521	207777	93518.7	200024	3
100522	98715.9	166750	200026	4
100523	136062	56714.8	200040	5
100524	162352	108335	200034	4
100525	38419.8	32047.9	200018	3
100526	160687	65262.7	200008	26
100527	189653	52276.5	200049	1
100528	14511.3	33723.6	200022	33
100529	161802	6827.03	200005	53
100530	51346.4	179918	200036	26
100531	195122	67109.1	200039	14
100532	106284	136041	200042	3
100533	108234	195593	200019	2
100534	13316.3	146175	200013	3
100535	196011	198184	200023	2
100536	5369.72	24672.1	200022	3
100537	163058	79947.8	200040	18
100538	142124	79093.3	200040	32
100539	14613.6	17977.1	200033	53
100540	67090.1	115095	200041	37
100541	61050.4	143441	200048	2
100542	14147.6	125021	200002	5
100543	62804.4	137528	200048	4
100544	147201	137300	200004	2
100545	84886.8	88384.7	200046	5
100546	182113	205968	200023	15
100547	164769	204389	200015	6
100548	172955	24058	200011	1
100549	88881.6	47905.1	200018	4
100550	139506	61936	200040	1
100551	9055.79	130605	200037	3
100552	33132.7	33812	200022	1
100553	117122	20325.1	200010	1
100554	170557	33136.4	200045	1
100555	91268.4	178987	200036	24
100556	203889	153894	200025	4
100557	203187	200724	200023	5
100558	187923	131903	200039	5
100559	14086.9	40605.7	200032	4
100560	201226	154164	200025	5
100561	73200.5	29995.7	200038	2
100562	63107.6	203803	200050	11
100563	204054	128551	200007	1
100564	34904.4	204313	200037	8
100565	161999	208949	200028	31
100566	62479.5	186260	200037	5
100567	199117	145703	200049	20
100568	178473	110952	200039	44
100569	52200.8	199510	200050	3
100570	27794.9	151126	200013	16
100571	170618	112993	200034	48
100572	172705	132766	200049	32
100573	91757.2	180951	200019	1
100574	208264	26573.6	200016	4
100575	22387.9	115797	200002	22
100576	196786	155438	200023	56
100577	183262	166282	200028	26
100578	111118	67647.1	200008	18
100579	111436	20757	200005	23
100580	84739.4	168283	200014	5
100581	15498.1	70019.7	200003	10
100582	188073	132724	200039	35
100583	70869.8	115104	200044	2
100584	39075.4	89741.7	200048	4
100585	185437	106471	200035	2
100586	161173	30336.7	200029	5
100587	182327	43817.8	200029	4
100588	56530.3	201452	200050	43
100589	144658	159399	200027	4
100590	27651.1	112846	200013	4
100591	155847	176803	200015	53
100592	23169.8	26022.8	200022	11
100593	201349	169826	200006	5
100594	178904	33528.3	200045	4
100595	135727	97258.1	200009	4
100596	192723	170535	200027	11
100597	62435	136837	200031	5
100598	120024	143701	200026	4
100599	174655	18849.2	200016	1
100600	103958	35812.3	200008	26
100601	131519	146087	200020	20
100602	75137.8	65922.8	200018	2
100603	33821.8	104383	200043	46
100604	118841	49188.3	200017	4
100605	85274.1	142470	200026	4
100606	55809.6	80352.7	200046	22
100607	45935.4	88954.2	200041	8
100608	209440	22221.7	200010	5
100609	36969.6	69039.9	200048	4
100610	55002.2	70036.1	200012	1
100611	136962	174097	200035	27
100612	91901.3	97821.5	200031	2
100613	175788	134581	200007	11
100614	87455.6	132473	200026	28
100615	116667	14432.2	200005	30
100616	144997	10283.6	200010	13
100617	41819.5	5178.41	200032	26
100618	209003	18597.1	200016	1
100619	22093.7	76957.1	200012	6
100620	79993.5	108309	200026	2
100621	55878.2	105717	200048	2
100622	198897	12891.8	200016	26
100623	75734	70246.7	200001	2
100624	100953	52880.4	200017	11
100625	14558.5	71296.1	200003	1
100626	163990	93033.1	200004	2
100627	59459.5	49090.6	200032	2
100628	101890	12219.1	200032	22
100629	196301	104430	200007	29
100630	83290.8	114554	200048	5
100631	103087	96318.4	200008	4
100632	856.61	25130.9	200022	4
100633	36769.6	58769.1	200041	41
100634	186210	189733	200025	28
100635	126021	151744	200009	2
100636	58731.3	107304	200001	4
100637	168852	46432.8	200029	1
100638	150225	114485	200035	30
100639	161481	121856	200035	1
100640	185979	103847	200007	2
100641	144041	171079	200006	24
100642	155609	83601.9	200004	32
100643	59455.8	177747	200019	3
100644	137269	52904.2	200040	41
100645	63658.2	122298	200044	35
100646	823.45	117666	200002	2
100647	139944	9535.16	200011	2
100648	139222	27293.7	200010	1
100649	186839	81200.4	200034	4
100650	186375	117404	200024	54
100651	203735	163374	200027	5
100652	154511	165932	200023	6
100653	30228.2	68004.9	200046	4
100654	175719	165434	200027	34
100655	205927	136851	200039	2
100656	207841	101193	200039	20
100657	7997.29	30827.9	200033	3
100658	72234.1	114026	200001	11
100659	170782	19102	200010	4
100660	209824	46727.8	200016	5
100661	169632	200385	200015	1
100662	23426.5	116735	200002	3
100663	109429	146088	200026	2
100664	1106.7	97638.2	200030	1
100665	125532	38813.1	200010	17
100666	205512	56835.5	200016	48
100667	110538	175339	200047	26
100668	139602	91111	200004	29
100669	199993	158924	200025	3
100670	150233	18299	200010	1
100671	90766.5	28411.5	200038	3
100672	189529	150519	200024	31
100673	210689	82950.7	200049	35
100674	46525.9	202580	200050	3
100675	13625.7	96551.2	200001	37
100676	115938	29084.5	200017	9
100677	205135	121336	200039	21
100678	180685	146901	200039	5
100679	143422	111005	200004	1
100680	195979	161963	200028	3
100681	163090	136334	200015	5
100682	203680	38621.2	200016	2
100683	18871.7	177519	200037	4
100684	207015	177336	200006	4
100685	160064	91922.3	200020	18
100686	154967	89886.8	200004	45
100687	13041.2	17099.7	200033	27
100688	23710.1	163951	200021	20
100689	154157	89644.2	200004	3
100690	204321	168838	200028	40
100691	40830.9	29678.1	200022	4
100692	196354	33106.5	200016	6
100693	28715.7	153937	200037	8
100694	206951	10304	200045	2
100695	151273	36553.7	200010	30
100696	101136	132675	200026	1
100697	895.99	203855	200037	3
100698	16628.5	200732	200050	5
100699	160067	27349.6	200005	18
100700	198616	39359.4	200016	30
100701	26700.7	24754.3	200033	4
100702	201862	210543	200028	21
100703	41525.2	47913.1	200030	3
100704	20854.3	106371	200043	1
100705	120297	30695.2	200005	36
100706	13541.9	158065	200013	5
100707	53671.7	203592	200036	3
100708	42469.1	45894.9	200022	1
100709	113665	178779	200015	1
100710	211006	14645.8	200016	1
100711	162957	22898.1	200011	5
100712	150323	151541	200015	21
100713	31276.1	47298.6	200012	16
100714	54181.6	130458	200048	5
100715	139767	12098.4	200011	3
100716	151885	2804.04	200011	1
100717	106338	19472.6	200032	3
100718	77589.8	167120	200031	4
100719	31786.3	137523	200013	5
100720	105992	101223	200031	34
100721	136955	53010.3	200008	3
100722	17136.8	43534.8	200003	4
100723	46634.1	134190	200026	5
100724	104348	189766	200042	27
100725	13682.8	100439	200001	22
100726	200987	188529	200025	1
100727	18684.8	48624.3	200003	1
100728	179342	157354	200025	5
100729	186082	206596	200027	16
100730	178364	52460.2	200049	53
100731	55296.7	203984	200050	1
100732	187957	135409	200024	4
100733	56595	125437	200046	27
100734	49800.2	161882	200036	4
100735	54210.3	52206.5	200038	4
100736	15072.9	134256	200043	3
100737	16832.1	6743.35	200033	1
100738	152417	198964	200028	2
100739	46.44	66190.9	200046	16
100740	140472	149778	200015	12
100741	168640	107107	200035	45
100742	176869	71575.6	200029	5
100743	112323	175849	200019	3
100744	188104	79611.9	200039	45
100745	118681	30684.5	200040	10
100746	70652.7	67416.7	200030	4
100747	149469	191486	200027	1
100748	84611.3	87363.4	200031	54
100749	93180.7	24936.5	200018	1
100750	164641	138335	200020	5
100751	39700.2	15225.2	200003	25
100752	16690.9	56590.8	200033	28
100753	151717	37762.3	200010	4
100754	196154	987.13	200016	3
100755	163987	6260.77	200011	3
100756	15055.6	44240.4	200003	3
100757	91909.5	193126	200026	36
100758	176369	182178	200006	1
100759	110262	153305	200042	1
100760	104865	98677.1	200001	2
100761	111519	82627.4	200008	2
100762	79301.4	90326.8	200048	45
100763	9980.2	28783.2	200018	3
100764	115930	158155	200047	6
100765	125366	36695.3	200005	2
100766	138310	80775.7	200040	1
100767	196388	29998.9	200045	2
100768	138672	42223.4	200009	2
100769	28563.8	10324.3	200018	2
100770	45504	132608	200043	8
100771	112699	67672.9	200040	3
100772	28431.2	39698.4	200003	2
100773	143455	64613.1	200040	1
100774	54651.5	210458	200050	3
100775	173842	121761	200049	3
100776	29747.4	15278.9	200003	39
100777	139719	108459	200009	51
100778	26280.6	110801	200002	1
100779	79861.5	7650.57	200032	3
100780	33232.2	68842.3	200041	1
100781	93319.1	44469.2	200018	1
100782	187717	17922	200010	3
100783	35889.7	145279	200013	26
100784	207479	209150	200025	19
100785	41745.9	58408.4	200038	1
100786	195258	52947.5	200016	1
100787	77555.5	102308	200046	25
100788	53464.3	27801.5	200018	5
100789	7794.81	21483.7	200003	3
100790	16952.6	146951	200013	2
100791	81598.9	136117	200014	10
100792	80516.1	150326	200047	3
100793	173735	120225	200034	39
100794	197251	110060	200039	3
100795	95899.2	141585	200031	4
100796	111163	8226.95	200008	2
100797	189294	143690	200023	5
100798	126349	122276	200020	54
100799	141927	144588	200009	9
100800	58762.1	125722	200043	1
100801	9780.1	18725.5	200003	4
100802	119742	165508	200042	18
100803	12239	54049.8	200033	4
100804	18017	71407.3	200012	2
100805	133136	15031.7	200005	26
100806	99004.3	140925	200035	3
100807	189069	70460.8	200016	4
100808	2311.24	163236	200013	1
100809	147603	121517	200024	19
100810	19117	118047	200048	15
100811	186949	183836	200023	37
100812	46026.3	183286	200021	4
100813	125156	51491.5	200040	3
100814	171467	93974.3	200035	18
100815	155268	90101.3	200009	4
100816	63893.1	43655.3	200038	30
100817	42327.2	117347	200044	1
100818	138619	18597.9	200011	30
100819	34557	158639	200048	42
100820	198702	117995	200034	19
100821	48980.9	178835	200036	25
100822	87709.8	40994.6	200017	4
100823	133132	34599.3	200010	5
100824	21781.8	205170	200050	24
100825	35322	55168.1	200022	5
100826	147028	71975.6	200040	1
100827	63953.8	179729	200050	2
100828	14507.6	30605.8	200022	8
100829	25255.6	78656.4	200030	1
100830	3881.38	16775.6	200022	2
100831	164188	66521.1	200029	1
100832	127634	63812.7	200040	17
100833	61977.6	62427.1	200030	5
100834	170849	113730	200024	38
100835	176590	184371	200028	4
100836	62569.5	34710.1	200032	1
100837	85355.4	158276	200026	1
100838	17942.8	208849	200021	1
100839	197433	43045.3	200029	33
100840	94554.8	7960.77	200017	5
100841	56541.8	99690.6	200044	4
100842	194943	48377.3	200029	53
100843	54698.1	209128	200050	1
100844	87890	167771	200019	20
100845	166355	44244.5	200045	2
100846	209770	96828.5	200049	1
100847	204326	169708	200023	5
100848	168519	147386	200034	2
100849	21756.4	2837.25	200038	28
100850	74326.7	121743	200031	23
100851	74026	18008.8	200032	4
100852	187849	140851	200007	1
100853	154172	87020.1	200004	2
100854	11716.9	37079.8	200018	22
100855	162975	120606	200035	4
100856	34610.9	135122	200002	1
100857	207895	17503.1	200016	1
100858	110265	204201	200047	2
100859	157917	77413.4	200040	5
100860	67683.8	72634.2	200041	3
100861	172128	72557.5	200029	7
100862	107549	67708.8	200008	5
100863	187049	69826.4	200040	8
100864	198718	133438	200025	2
100865	162012	178623	200025	5
100866	70526	111003	200048	41
100867	66401.2	115607	200001	2
100868	46071.6	198510	200050	32
100869	204438	159560	200007	2
100870	31030.8	47208.7	200003	1
100871	198001	165563	200007	51
100872	49302.7	119112	200048	3
100873	177904	190206	200028	1
100874	158177	78802.2	200004	1
100875	100495	138094	200026	2
100876	85960.6	26087.8	200017	4
100877	13797.8	183343	200037	1
100878	34781.3	165491	200036	1
100879	176040	153629	200020	3
100880	170614	101547	200024	4
100881	9491.21	640.44	200033	2
100882	9438.92	210685	200050	5
100883	52859.5	112073	200041	24
100884	132953	168202	200019	31
100885	57587.2	136884	200001	10
100886	3806.97	185542	200036	5
100887	12049.3	200481	200021	3
100888	79104.6	162036	200047	4
100889	116588	118361	200026	52
100890	199195	184694	200006	4
100891	194373	49002	200011	1
100892	114951	67657.3	200009	4
100893	195596	85985.8	200049	5
100894	191117	129508	200049	14
100895	65234.9	19760.6	200033	4
100896	196644	133717	200034	8
100897	53702.9	87594.6	200048	4
100898	136610	9903.83	200005	5
100899	166306	75979.9	200029	2
100900	65644.1	3015.9	200018	1
100901	111428	192613	200019	1
100902	185240	160865	200024	7
100903	148584	179441	200019	5
100904	52457.7	103773	200030	23
100905	106618	76849.7	200009	17
100906	171219	4845.33	200045	1
100907	179235	136113	200024	5
100908	170201	129993	200020	3
100909	125571	154684	200047	5
100910	180906	103044	200049	29
100911	38595.1	135036	200002	4
100912	195945	69204.2	200016	21
100913	139024	27278.9	200045	5
100914	18354	163519	200013	38
100915	150141	85857.5	200004	1
100916	96323.1	153766	200044	29
100917	57071.7	132505	200043	5
100918	101967	66965.8	200040	5
100919	6839.62	171750	200037	2
100920	110326	84427.6	200008	5
100921	152512	128989	200035	30
100922	97093.4	38856.8	200005	25
100923	36532.3	123407	200048	42
100924	50650.9	207860	200050	49
100925	34097.3	182475	200050	50
100926	64468.5	42426.1	200022	21
100927	21094.3	16777.6	200012	1
100928	59882.6	161725	200001	4
100929	126438	117616	200014	30
100930	153630	117515	200029	31
100931	129195	147453	200009	8
100932	186958	21545.2	200016	4
100933	201862	165201	200025	2
100934	189277	38268.5	200011	53
100935	172481	200444	200006	5
100936	170535	127328	200034	5
100937	136852	50002.5	200011	5
100938	166663	24430.9	200010	7
100939	161345	169966	200015	26
100940	146574	12553.6	200011	9
100941	167353	141868	200039	21
100942	197114	38217.7	200011	5
100943	30672.8	83573.7	200012	43
100944	117326	119156	200035	1
100945	198719	12725.8	200045	3
100946	204507	34946.1	200016	1
100947	19755.6	95081.3	200003	3
100948	29835.8	36257.6	200012	2
100949	120092	115506	200014	23
100950	135406	73467.7	200004	4
100951	69123.5	182190	200050	3
100952	152398	162581	200027	43
100953	100285	126450	200047	1
100954	69909.9	190336	200050	4
100955	87644.7	198953	200050	43
100956	54014.6	74205.7	200030	3
100957	163946	8315.19	200010	44
100958	169441	47569.2	200011	20
100959	109972	131285	200019	2
100960	53235.2	144483	200031	37
100961	36843.4	38158.3	200003	26
100962	100168	182472	200019	20
100963	49744.1	10865.8	200032	15
100964	84922.1	82618.5	200041	3
100965	122277	118222	200009	5
100966	209901	135205	200027	17
100967	95210.3	23784.8	200038	3
100968	18427	115023	200002	5
100969	187587	176673	200028	19
100970	65862.5	163405	200002	11
100971	209971	157388	200027	1
100972	140657	146224	200035	39
100973	67887.9	14200.6	200018	4
100974	174932	120300	200034	4
100975	23650.3	38541.5	200012	2
100976	57900.6	185701	200036	3
100977	4831.91	203474	200037	46
100978	146898	29441.5	200005	1
100979	76988	88088.8	200046	4
100980	106830	84637	200004	5
100981	134005	131001	200004	13
100982	177510	99379.9	200004	2
100983	75693.4	91981.8	200046	2
100984	10729	139992	200036	2
100985	210140	34501.9	200016	51
100986	208878	12906.7	200010	3
100987	15095.3	175965	200037	1
100988	182524	108902	200024	21
100989	184221	199900	200028	10
100990	21328.4	185762	200037	24
100991	147373	120383	200020	2
100992	166863	159556	200035	5
100993	171809	73141	200004	3
100994	19140.5	42011	200022	2
100995	205258	184710	200023	5
100996	44995.6	17613.6	200022	4
100997	23615.7	120482	200002	1
100998	184335	124231	200034	1
100999	178649	204516	200023	7
101000	198378	128986	200024	20
